,time,beta,alpha,sigma_D,sigma_C,S_c,S_d,I_c,I_d,R0
0,0.0,0.5416666666666666,0.2,0.75,0.5,0.09995999999999998,0.89964,3.999999999999999e-05,0.00036,11.382954060741776
1,0.200133422281521,0.5416666666666666,0.2,0.75,0.5,0.0964144972959824,0.9031601304135939,4.549294376200565e-05,0.0003798793466617635,11.382954060741776
2,0.400266844563042,0.5416666666666666,0.2,0.75,0.5,0.09298181428050516,0.9065659302523084,5.128755187678205e-05,0.00040096791530985163,11.382954060741776
3,0.600400266844563,0.5416666666666666,0.2,0.75,0.5,0.08965926651907553,0.9098599875537166,5.739454598693799e-05,0.0004233513812211363,11.382954060741776
4,0.800533689126084,0.5416666666666666,0.2,0.75,0.5,0.08644418778772023,0.9130448653571843,6.382534183818708e-05,0.00044712151325746504,11.382954060741776
5,1.0006671114076051,0.5416666666666666,0.2,0.75,0.5,0.08333391707697693,0.9161231117668176,7.059235209760962e-05,0.00047237880410791043,11.382954060741776
6,1.200800533689126,0.5416666666666666,0.2,0.75,0.5,0.08032579326589066,0.9190972753519714,7.770795122612641e-05,0.0004992234309120163,11.382954060741776
7,1.400933955970647,0.5416666666666666,0.2,0.75,0.5,0.0774171820881727,0.9219698603623621,8.518624717521581e-05,0.000527771302290205,11.382954060741776
8,1.601067378252168,0.5416666666666666,0.2,0.75,0.5,0.07460545388665733,0.9247433634030314,9.304164950840835e-05,0.0005581410608030038,11.382954060741776
9,1.801200800533689,0.5416666666666666,0.2,0.75,0.5,0.07188800037526184,0.9274202515120762,0.00010128935078824636,0.0005904587618738011,11.382954060741776
10,2.0013342228152102,0.5416666666666666,0.2,0.75,0.5,0.06926225194706759,0.9300029357696733,0.00010994621489661593,0.0006248660683626423,11.382954060741776
11,2.201467645096731,0.5416666666666666,0.2,0.75,0.5,0.06672566591136833,0.9324937912409597,0.0001190299108634592,0.0006615129368087652,11.382954060741776
12,2.401601067378252,0.5416666666666666,0.2,0.75,0.5,0.0642757205070572,0.934895164278208,0.00012855881597210116,0.00070055639876294,11.382954060741776
13,2.601734489659773,0.5416666666666666,0.2,0.75,0.5,0.06190994547530136,0.9372093309368861,0.00013855298758223256,0.0007421706002305363,11.382954060741776
14,2.801867911941294,0.5416666666666666,0.2,0.75,0.5,0.05962589141051768,0.9394385387394623,0.00014903313974263624,0.0007865367102777143,11.382954060741776
15,3.002001334222815,0.5416666666666666,0.2,0.75,0.5,0.057421159595014905,0.9415849658631833,0.00016002159288325106,0.0008338529489188081,11.382954060741776
16,3.202134756504336,0.5416666666666666,0.2,0.75,0.5,0.05529338061314456,0.9436507498640687,0.0001715415720242159,0.0008843279507627725,11.382954060741776
17,3.402268178785857,0.5416666666666666,0.2,0.75,0.5,0.05324024594954119,0.9456379443930302,0.0001836182081703896,0.0009381914492584554,11.382954060741776
18,3.602401601067378,0.5416666666666666,0.2,0.75,0.5,0.05125948769839508,0.9475485455920858,0.0001962779827046743,0.0009956887268146772,11.382954060741776
19,3.802535023348899,0.5416666666666666,0.2,0.75,0.5,0.049348877190471464,0.9493844924628309,0.0002095487331293118,0.0010570816135686272,11.382954060741776
20,4.0026684456304205,0.5416666666666666,0.2,0.75,0.5,0.04750623973223888,0.9511476474608569,0.00022346006957111182,0.0011226527373333385,11.382954060741776
21,4.202801867911941,0.5416666666666666,0.2,0.75,0.5,0.045729441692247894,0.9528398106042696,0.00023804307002757143,0.0011927046334551717,11.382954060741776
22,4.402935290193462,0.5416666666666666,0.2,0.75,0.5,0.044016399494190735,0.9544627089859529,0.0002533305446640216,0.001267560975192594,11.382954060741776
23,4.603068712474983,0.5416666666666666,0.2,0.75,0.5,0.04236508040091004,0.9560179895029233,0.00026935732440254483,0.001347572771764372,11.382954060741776
24,4.803202134756504,0.5416666666666666,0.2,0.75,0.5,0.04077349980756376,0.9575072264902043,0.00028615999490446244,0.0014331137073276684,11.382954060741776
25,5.003335557038025,0.5416666666666666,0.2,0.75,0.5,0.03923972327395665,0.9589319098771942,0.00030377735671954255,0.0015245894921297922,11.382954060741776
26,5.203468979319546,0.5416666666666666,0.2,0.75,0.5,0.037761865350870366,0.9602934528778412,0.00032225012379281405,0.0016224316474959342,11.382954060741776
27,5.403602401601067,0.5416666666666666,0.2,0.75,0.5,0.036338090040251486,0.9615931806713642,0.0003416214019153628,0.0017271078864692967,11.382954060741776
28,5.603735823882588,0.5416666666666666,0.2,0.75,0.5,0.03496661084218894,0.9628323338259819,0.00036193653897383755,0.001839118792855729,11.382954060741776
29,5.803869246164109,0.5416666666666666,0.2,0.75,0.5,0.03364569068361367,0.964012065226075,0.0003832432603869813,0.0019590008299248188,11.382954060741776
30,6.00400266844563,0.5416666666666666,0.2,0.75,0.5,0.03237363992963447,0.965133434676259,0.00040559195830590605,0.002087333435801024,11.382954060741776
31,6.204136090727151,0.5416666666666666,0.2,0.75,0.5,0.031148818276339363,0.9661974060195634,0.00042903576447430615,0.0022247399396233803,11.382954060741776
32,6.404269513008672,0.5416666666666666,0.2,0.75,0.5,0.029969633595701754,0.9672048451541202,0.00045363065413539256,0.0023718905960430307,11.382954060741776
33,6.604402935290193,0.5416666666666666,0.2,0.75,0.5,0.028834539256242516,0.968156521379741,0.000479435421158923,0.002529503942858026,11.382954060741776
34,6.804536357571714,0.5416666666666666,0.2,0.75,0.5,0.027742036264624844,0.9690530995528339,0.0005065119933367582,0.002698352189204898,11.382954060741776
35,7.004669779853235,0.5416666666666666,0.2,0.75,0.5,0.026690671534431557,0.9698951372022133,0.0005349255508905427,0.0028792657124649007,11.382954060741776
36,7.204803202134756,0.5416666666666666,0.2,0.75,0.5,0.025679036604613466,0.9706830800777045,0.0005647447009109561,0.0030731386167713545,11.382954060741776
37,7.404936624416277,0.5416666666666666,0.2,0.75,0.5,0.02470576809176211,0.9714172611634644,0.0005960415500925039,0.0032809291946813697,11.382954060741776
38,7.605070046697798,0.5416666666666666,0.2,0.75,0.5,0.023769546104048335,0.972097893016817,0.0006288919751394588,0.003503668903995469,11.382954060741776
39,7.805203468979319,0.5416666666666666,0.2,0.75,0.5,0.022869093460339423,0.9727250634561923,0.0006633757940268821,0.0037424672894417286,11.382954060741776
40,8.005336891260841,0.5416666666666666,0.2,0.75,0.5,0.022003175426398795,0.9732987340660352,0.0006995768505172314,0.003998513657048962,11.382954060741776
41,8.205470313542362,0.5416666666666666,0.2,0.75,0.5,0.021170598358100808,0.9738187304351907,0.0007375832920786542,0.004273087914630003,11.382954060741776
42,8.405603735823883,0.5416666666666666,0.2,0.75,0.5,0.020370208968197804,0.9742847380202578,0.0007774877337802419,0.004567565277764281,11.382954060741776
43,8.605737158105404,0.5416666666666666,0.2,0.75,0.5,0.019600893772578072,0.9746962994800272,0.000819387395668492,0.004883419351726363,11.382954060741776
44,8.805870580386925,0.5416666666666666,0.2,0.75,0.5,0.018861577886818727,0.9750528008200314,0.0008633844397431741,0.00522223685340685,11.382954060741776
45,9.006004002668446,0.5416666666666666,0.2,0.75,0.5,0.0181512243592067,0.9753534701876002,0.0009095860818660838,0.00558571937132709,11.382954060741776
46,9.206137424949967,0.5416666666666666,0.2,0.75,0.5,0.017468833295631998,0.9755973712734979,0.0009581047995640237,0.005975690631306253,11.382954060741776
47,9.406270847231488,0.5416666666666666,0.2,0.75,0.5,0.016813441055206785,0.9757833920023935,0.0010090585975726506,0.006394108344827179,11.382954060741776
48,9.606404269513009,0.5416666666666666,0.2,0.75,0.5,0.01618411942263245,0.9759102339087445,0.0010625712643049254,0.006843075404318213,11.382954060741776
49,9.80653769179453,0.5416666666666666,0.2,0.75,0.5,0.015579974486222494,0.975976406733915,0.0011187725827135583,0.007324846197149174,11.382954060741776
50,10.00667111407605,0.5416666666666666,0.2,0.75,0.5,0.015000145868183136,0.9759802171763955,0.001177798583837775,0.007841838371583674,11.382954060741776
51,10.206804536357572,0.5416666666666666,0.2,0.75,0.5,0.014443806661444746,0.9759197624774897,0.0012397916421622798,0.008396639218903424,11.382954060741776
52,10.406937958639093,0.5416666666666666,0.2,0.75,0.5,0.01391016187814001,0.9757929162476319,0.001304900859716777,0.008992021014511362,11.382954060741776
53,10.607071380920614,0.5416666666666666,0.2,0.75,0.5,0.013398447683157068,0.9755973175575436,0.0013732823059958233,0.009630952453303409,11.382954060741776
54,10.807204803202135,0.5416666666666666,0.2,0.75,0.5,0.012907930909524188,0.9753303604237515,0.0014450991675182825,0.010316609499205969,11.382954060741776
55,11.007338225483656,0.5416666666666666,0.2,0.75,0.5,0.012437908331678859,0.9749891818329868,0.0015205219739324205,0.011052387861401914,11.382954060741776
56,11.207471647765177,0.5416666666666666,0.2,0.75,0.5,0.01198770567387424,0.9745706483469627,0.0015997289198555822,0.011841917059307398,11.382954060741776
57,11.407605070046698,0.5416666666666666,0.2,0.75,0.5,0.011556676997411638,0.9740713434515417,0.001682906047855681,0.012689073503190956,11.382954060741776
58,11.607738492328219,0.5416666666666666,0.2,0.75,0.5,0.011144204116475365,0.9734875546227247,0.0017702473648808586,0.013597993895919038,11.382954060741776
59,11.80787191460974,0.5416666666666666,0.2,0.75,0.5,0.01074969577826261,0.9728152587259287,0.0018619551712347807,0.014573090324574014,11.382954060741776
60,12.00800533689126,0.5416666666666666,0.2,0.75,0.5,0.010372587010737297,0.972050107694072,0.00195824025413256,0.015619065041058356,11.382954060741776
61,12.208138759172781,0.5416666666666666,0.2,0.75,0.5,0.010012338527927746,0.9711874185377234,0.0020593218541128705,0.016740921080236126,11.382954060741776
62,12.408272181454302,0.5416666666666666,0.2,0.75,0.5,0.009668436087371697,0.9702221583042804,0.0021654278566565002,0.01794397775169159,11.382954060741776
63,12.608405603735823,0.5416666666666666,0.2,0.75,0.5,0.009340389840605628,0.9691489267383263,0.002276795069680331,0.01923388835138786,11.382954060741776
64,12.808539026017344,0.5416666666666666,0.2,0.75,0.5,0.009027733736826332,0.9679619458224932,0.0023936692057171644,0.020616651234963573,11.382954060741776
65,13.008672448298865,0.5416666666666666,0.2,0.75,0.5,0.00873002498402108,0.9666550562768231,0.002516304567510023,0.022098614171645964,11.382954060741776
66,13.208805870580386,0.5416666666666666,0.2,0.75,0.5,0.008446843387026667,0.9652216931807297,0.0026449645664976865,0.0236864988657462,11.382954060741776
67,13.408939292861907,0.5416666666666666,0.2,0.75,0.5,0.008177790890954917,0.9636548766721688,0.0027799214968924554,0.02538741093998427,11.382954060741776
68,13.609072715143428,0.5416666666666666,0.2,0.75,0.5,0.007922490976334701,0.9619472192791416,0.0029214560704786483,0.027208833674045446,11.382954060741776
69,13.80920613742495,0.5416666666666666,0.2,0.75,0.5,0.007680588148785937,0.9600909102115011,0.003069857445854257,0.029158644193859187,11.382954060741776
70,14.00933955970647,0.5416666666666666,0.2,0.75,0.5,0.007451747431550347,0.9580777000884243,0.003225423248374783,0.03124512923165104,11.382954060741776
71,14.209472981987991,0.5416666666666666,0.2,0.75,0.5,0.007235653867136927,0.95589892592969,0.003388458611090283,0.033476961592083354,11.382954060741776
72,14.409606404269512,0.5416666666666666,0.2,0.75,0.5,0.007032011997483733,0.9535454987537623,0.0035592761187581254,0.03586321312999635,11.382954060741776
73,14.609739826551033,0.5416666666666666,0.2,0.75,0.5,0.0068405454258594605,0.9510079144961616,0.0037381951696912647,0.03841334490828812,11.382954060741776
74,14.809873248832554,0.5416666666666666,0.2,0.75,0.5,0.0066609963793198106,0.9482762721541446,0.003925541165511373,0.0411371903010247,11.382954060741776
75,15.010006671114075,0.5416666666666666,0.2,0.75,0.5,0.006493125192460037,0.9453402735167867,0.004121645203456019,0.04404495608729767,11.382954060741776
76,15.210140093395596,0.5416666666666666,0.2,0.75,0.5,0.006336710017011347,0.9421892875275819,0.004326842275863106,0.047147160179544165,11.382954060741776
77,15.410273515677117,0.5416666666666666,0.2,0.75,0.5,0.006191546269125246,0.9388123323606842,0.004541471299844347,0.05045465007034678,11.382954060741776
78,15.610406937958638,0.5416666666666666,0.2,0.75,0.5,0.006057446400576861,0.93519816015115,0.0047658730595134475,0.053978520388760234,11.382954060741776
79,15.810540360240159,0.5416666666666666,0.2,0.75,0.5,0.005934239515331275,0.9313352925446288,0.005000389119760741,0.05773007882027964,11.382954060741776
80,16.010673782521682,0.5416666666666666,0.2,0.75,0.5,0.005821771077962095,0.9272120802101647,0.005245360424365992,0.06172078828750769,11.382954060741776
81,16.210807204803203,0.5416666666666666,0.2,0.75,0.5,0.005719902605839898,0.9228167590172973,0.0055011258554986285,0.06596221252136464,11.382954060741776
82,16.410940627084724,0.5416666666666666,0.2,0.75,0.5,0.005628511602123883,0.9181375631645817,0.005768019968318238,0.07046590526497659,11.382954060741776
83,16.611074049366245,0.5416666666666666,0.2,0.75,0.5,0.005547491290668124,0.9131627878937518,0.006046371527281822,0.07524334928829869,11.382954060741776
84,16.811207471647766,0.5416666666666666,0.2,0.75,0.5,0.005476750708324534,0.9078809268311584,0.006336501054352862,0.08030582140616463,11.382954060741776
85,17.011340893929287,0.5416666666666666,0.2,0.75,0.5,0.005416214590939983,0.9022807613370886,0.00663871902923392,0.08566430504273799,11.382954060741776
86,17.211474316210808,0.5416666666666666,0.2,0.75,0.5,0.005365823684978605,0.8963515221107689,0.006953323302412472,0.09132933090184045,11.382954060741776
87,17.41160773849233,0.5416666666666666,0.2,0.75,0.5,0.005325534837512274,0.8900830062716337,0.007280597056674912,0.09731086183417954,11.382954060741776
88,17.61174116077385,0.5416666666666666,0.2,0.75,0.5,0.005295321559445333,0.8834657594488337,0.007620806204945551,0.10361811278677582,11.382954060741776
89,17.81187458305537,0.5416666666666666,0.2,0.75,0.5,0.0052751744373104184,0.8764912214433245,0.00797419726974235,0.11025940684962318,11.382954060741776
90,18.01200800533689,0.5416666666666666,0.2,0.75,0.5,0.005265101958644105,0.8691519207449182,0.008340994930525251,0.11724198236591282,11.382954060741776
91,18.212141427618413,0.5416666666666666,0.2,0.75,0.5,0.00526513127897737,0.861441640367981,0.008721400030457058,0.1245718283225851,11.382954060741776
92,18.412274849899934,0.5416666666666666,0.2,0.75,0.5,0.005275309518841705,0.8533556265202944,0.00911558753777717,0.13225347642308713,11.382954060741776
93,18.612408272181455,0.5416666666666666,0.2,0.75,0.5,0.0052957049207713915,0.8448907700139399,0.00952370482255458,0.14028982024273456,11.382954060741776
94,18.812541694462976,0.5416666666666666,0.2,0.75,0.5,0.0053264083080101846,0.8360457754240627,0.009945870602861086,0.14868194566506646,11.382954060741776
95,19.012675116744497,0.5416666666666666,0.2,0.75,0.5,0.005367534928011461,0.8268213707148514,0.010382173662670672,0.15742892069446698,11.382954060741776
96,19.212808539026017,0.5416666666666666,0.2,0.75,0.5,0.005419226374259258,0.8172204487881188,0.010832672960688298,0.1665276518769341,11.382954060741776
97,19.41294196130754,0.5416666666666666,0.2,0.75,0.5,0.005481652757329449,0.8072482486546647,0.011297397380244397,0.1759727012077619,11.382954060741776
98,19.61307538358906,0.5416666666666666,0.2,0.75,0.5,0.005555015120107742,0.7969124594770995,0.011776347287968718,0.18575617811482445,11.382954060741776
99,19.81320880587058,0.5416666666666666,0.2,0.75,0.5,0.0056395480098176375,0.7862233580278458,0.012269495675232533,0.19586759828710457,11.382954060741776
100,20.0133422281521,0.5416666666666666,0.2,0.75,0.5,0.005735522225802258,0.7751938460820097,0.012776791490520878,0.20629384020166763,11.382954060741776
101,20.213475650433622,0.5416666666666666,0.2,0.75,0.5,0.005843247802732944,0.763839528402854,0.013298162522159247,0.21701906127225432,11.382954060741776
102,20.413609072715143,0.5416666666666666,0.2,0.75,0.5,0.005963076968913719,0.7521786690597021,0.013833520618969022,0.2280247333524157,11.382954060741776
103,20.613742494996664,0.5416666666666666,0.2,0.75,0.5,0.006095407441296446,0.7402321853295951,0.014382766653403451,0.23928964057570548,11.382954060741776
104,20.813875917278185,0.5416666666666666,0.2,0.75,0.5,0.006240685454105037,0.7280235177025995,0.014945797550823096,0.2507899992924728,11.382954060741776
105,21.014009339559706,0.5416666666666666,0.2,0.75,0.5,0.006399409274904561,0.7155785238030993,0.015522513520079393,0.26249955340191733,11.382954060741776
106,21.214142761841227,0.5416666666666666,0.2,0.75,0.5,0.006572132234103122,0.7029252785820297,0.016112826470051383,0.27438976271381627,11.382954060741776
107,21.41427618412275,0.5416666666666666,0.2,0.75,0.5,0.006759465944491046,0.6900938227662338,0.01671666970224763,0.286430041587028,11.382954060741776
108,21.61440960640427,0.5416666666666666,0.2,0.75,0.5,0.006962083528074414,0.6771158847532252,0.01733400809950179,0.29858802361919906,11.382954060741776
109,21.81454302868579,0.5416666666666666,0.2,0.75,0.5,0.007180722752687939,0.6640246349594242,0.017964847453339552,0.3108297948345487,11.382954060741776
110,22.01467645096731,0.5416666666666666,0.2,0.75,0.5,0.007416188887032115,0.6508542977626152,0.018609246338631393,0.32312026701172164,11.382954060741776
111,22.214809873248832,0.5416666666666666,0.2,0.75,0.5,0.007669357388009236,0.6376397579482175,0.01926732792958192,0.33542355673419166,11.382954060741776
112,22.414943295530353,0.5416666666666666,0.2,0.75,0.5,0.007941176611046999,0.6244162013081285,0.019939290884861263,0.3477033311959636,11.382954060741776
113,22.615076717811874,0.5416666666666666,0.2,0.75,0.5,0.008232670370944398,0.6112187500739501,0.020625420074617682,0.35992315948048814,11.382954060741776
114,22.815210140093395,0.5416666666666666,0.2,0.75,0.5,0.00854494012180045,0.5980820453424492,0.02132609799868864,0.372046916537062,11.382954060741776
115,23.015343562374916,0.5416666666666666,0.2,0.75,0.5,0.008879167039574821,0.5850398706517522,0.02204181509876635,0.384039147209907,11.382954060741776
116,23.215476984656437,0.5416666666666666,0.2,0.75,0.5,0.009236613927873803,0.5721248005693348,0.022773179295904902,0.395865406206887,11.382954060741776
117,23.415610406937958,0.5416666666666666,0.2,0.75,0.5,0.00961862686861371,0.5593678702623841,0.02352092477907665,0.40749257808992606,11.382954060741776
118,23.61574382921948,0.5416666666666666,0.2,0.75,0.5,0.010026636702460179,0.5467982732112762,0.02428591981736786,0.41888917026889627,11.382954060741776
119,23.815877251501,0.5416666666666666,0.2,0.75,0.5,0.010462160276156759,0.5344431065942477,0.025069173320195974,0.4300255598094001,11.382954060741776
120,24.01601067378252,0.5416666666666666,0.2,0.75,0.5,0.010926801337729495,0.522327151805835,0.02587184043360242,0.4408742064228336,11.382954060741776
121,24.216144096064042,0.5416666666666666,0.2,0.75,0.5,0.011422251232851788,0.5104727106400181,0.026695226618888145,0.45140981150824255,11.382954060741776
122,24.416277518345563,0.5416666666666666,0.2,0.75,0.5,0.011950289319268462,0.4988994759320414,0.027540790617826338,0.46160944413086424,11.382954060741776
123,24.616410940627084,0.5416666666666666,0.2,0.75,0.5,0.012512783030180826,0.48762446401140297,0.028410145875585782,0.47145260708283093,11.382954060741776
124,24.816544362908605,0.5416666666666666,0.2,0.75,0.5,0.013111687489566001,0.47666197504393654,0.029305060959103346,0.48092127650739463,11.382954060741776
125,25.016677785190126,0.5416666666666666,0.2,0.75,0.5,0.013749044811431107,0.46602361451051655,0.03022745833347947,0.4899998823445734,11.382954060741776
126,25.216811207471647,0.5416666666666666,0.2,0.75,0.5,0.014426982848893393,0.4557183343280576,0.03117941217879143,0.4986752706442581,11.382954060741776
127,25.416944629753168,0.5416666666666666,0.2,0.75,0.5,0.015147713486697563,0.4457525273325761,0.03216314469631236,0.5069366144844145,11.382954060741776
128,25.61707805203469,0.5416666666666666,0.2,0.75,0.5,0.01591353027749773,0.4361301342387748,0.03318102145086015,0.5147753140328678,11.382954060741776
129,25.81721147431621,0.5416666666666666,0.2,0.75,0.5,0.01672680550912145,0.4268527901403297,0.034235545356140026,0.5221848589944094,11.382954060741776
130,26.01734489659773,0.5416666666666666,0.2,0.75,0.5,0.017589986503067916,0.41791997939398684,0.03532934965216714,0.5291606844507786,11.382954060741776
131,26.21747831887925,0.5416666666666666,0.2,0.75,0.5,0.01850559122160551,0.40932921666219674,0.036465189673242346,0.5357000024429559,11.382954060741776
132,26.417611741160773,0.5416666666666666,0.2,0.75,0.5,0.01947620294077376,0.40107622356148753,0.037645933580459756,0.5418016399172795,11.382954060741776
133,26.617745163442294,0.5416666666666666,0.2,0.75,0.5,0.020504464147832725,0.39315512390747615,0.03887455199707326,0.5474658599476184,11.382954060741776
134,26.817878585723815,0.5416666666666666,0.2,0.75,0.5,0.021593069488065223,0.3855586371221819,0.04015410639973656,0.5526941869900168,11.382954060741776
135,27.018012008005336,0.5416666666666666,0.2,0.75,0.5,0.02274475769449091,0.3782782659351586,0.041487736619943656,0.5574892397504074,11.382954060741776
136,27.218145430286857,0.5416666666666666,0.2,0.75,0.5,0.023962302603904983,0.3713044874583841,0.042878646972990445,0.561854562964721,11.382954060741776
137,27.418278852568378,0.5416666666666666,0.2,0.75,0.5,0.025248503030358617,0.3646269281250476,0.04433009143713619,0.5657944774074581,11.382954060741776
138,27.6184122748499,0.5416666666666666,0.2,0.75,0.5,0.026606171789058823,0.3582345400412633,0.0458453575346654,0.569313930635013,11.382954060741776
139,27.81854569713142,0.5416666666666666,0.2,0.75,0.5,0.0280381235299889,0.35211575876434953,0.04742774909209684,0.5724183686135653,11.382954060741776
140,28.01867911941294,0.5416666666666666,0.2,0.75,0.5,0.02954716178406286,0.3462586554623567,0.04908056780896146,0.5751136149446197,11.382954060741776
141,28.21881254169446,0.5416666666666666,0.2,0.75,0.5,0.0311360649933783,0.3406510757371232,0.05080709359030293,0.5774057656791961,11.382954060741776
142,28.418945963975982,0.5416666666666666,0.2,0.75,0.5,0.032807571706548,0.3352807642555945,0.05261056383061232,0.5793011002072458,11.382954060741776
143,28.619079386257503,0.5416666666666666,0.2,0.75,0.5,0.03456436518292473,0.33013548265841125,0.05449415155823338,0.5808060006004312,11.382954060741776
144,28.819212808539024,0.5416666666666666,0.2,0.75,0.5,0.036409057124357075,0.3252031075760979,0.056460942460335985,0.5819268928392096,11.382954060741776
145,29.019346230820545,0.5416666666666666,0.2,0.75,0.5,0.03834417145350095,0.3204717265222329,0.05851391121760327,0.5826701908066635,11.382954060741776
146,29.219479653102066,0.5416666666666666,0.2,0.75,0.5,0.04037212726146763,0.3159297131174657,0.06065589670565965,0.5830422629154077,11.382954060741776
147,29.419613075383587,0.5416666666666666,0.2,0.75,0.5,0.04249522243736773,0.31156580032334,0.06288957712674788,0.583049400112545,11.382954060741776
148,29.61974649766511,0.5416666666666666,0.2,0.75,0.5,0.04471561582666097,0.3073691291346886,0.0652174430950215,0.5826978119436296,11.382954060741776
149,29.81987991994663,0.5416666666666666,0.2,0.75,0.5,0.04703531278088682,0.30332930977930145,0.0676417734507595,0.5819936039890529,11.382954060741776
150,30.02001334222815,0.5416666666666666,0.2,0.75,0.5,0.04945614856459314,0.29943645649248235,0.07016460825652825,0.580942786686397,11.382954060741776
151,30.22014676450967,0.5416666666666666,0.2,0.75,0.5,0.051979772383839835,0.29568121087622673,0.07278772179911766,0.5795512949408165,11.382954060741776
152,30.420280186791192,0.5416666666666666,0.2,0.75,0.5,0.05460763801898577,0.29205478236843163,0.07551260175748835,0.577824977855095,11.382954060741776
153,30.620413609072713,0.5416666666666666,0.2,0.75,0.5,0.057340986460684605,0.288548946203274,0.07834041939205232,0.5757696479439899,11.382954060741776
154,30.820547031354234,0.5416666666666666,0.2,0.75,0.5,0.06018083899105253,0.285156062095581,0.0812720104492457,0.5733910884641216,11.382954060741776
155,31.020680453635755,0.5416666666666666,0.2,0.75,0.5,0.06312798911053588,0.28186907856736065,0.08430785408371758,0.5706950782383866,11.382954060741776
156,31.220813875917276,0.5416666666666666,0.2,0.75,0.5,0.0661829915840532,0.27868151890388637,0.08744804803637773,0.5676874414756834,11.382954060741776
157,31.420947298198797,0.5416666666666666,0.2,0.75,0.5,0.0693461642280977,0.2755874880146016,0.09069229920215843,0.564374048555143,11.382954060741776
158,31.621080720480318,0.5416666666666666,0.2,0.75,0.5,0.07261758098542952,0.27258164682441904,0.09403990150495041,0.5607608706852018,11.382954060741776
159,31.82121414276184,0.5416666666666666,0.2,0.75,0.5,0.0759970732069103,0.2696591986412736,0.09748972567094083,0.5568540024808759,11.382954060741776
160,32.021347565043364,0.5416666666666666,0.2,0.75,0.5,0.07948423427087928,0.2668158742314585,0.10104021341667621,0.5526596780809866,11.382954060741776
161,32.22148098732488,0.5416666666666666,0.2,0.75,0.5,0.08307842102264731,0.26404789458828504,0.10468936375478212,0.5481843206342862,11.382954060741776
162,32.421614409606406,0.5416666666666666,0.2,0.75,0.5,0.08677876236343843,0.2613519572935131,0.10843473650130363,0.5434345438417455,11.382954060741776
163,32.62174783188792,0.5416666666666666,0.2,0.75,0.5,0.09058416781262071,0.25872519845539027,0.11227344852488774,0.538417185207102,11.382954060741776
164,32.82188125416945,0.5416666666666666,0.2,0.75,0.5,0.09449333751664443,0.25616516098504943,0.11620217633579942,0.5331393251625074,11.382954060741776
165,33.022014676450965,0.5416666666666666,0.2,0.75,0.5,0.09850477292743398,0.2536697721619162,0.12021716559095692,0.5276082893196936,11.382954060741776
166,33.22214809873249,0.5416666666666666,0.2,0.75,0.5,0.10261679301777873,0.2512372961866595,0.1243142373881123,0.5218316734074502,11.382954060741776
167,33.42228152101401,0.5416666666666666,0.2,0.75,0.5,0.10682754399597247,0.24886631291287906,0.12848880164612436,0.5158173414450248,11.382954060741776
168,33.62241494329553,0.5416666666666666,0.2,0.75,0.5,0.11113501604487375,0.2465556800386866,0.13273587268469406,0.5095734312317463,11.382954060741776
169,33.82254836557705,0.5416666666666666,0.2,0.75,0.5,0.11553705992152055,0.24430449609850757,0.1370500869179986,0.503108357061974,11.382954060741776
170,34.02268178785857,0.5416666666666666,0.2,0.75,0.5,0.12003139491239129,0.24211208100953502,0.14142572051615532,0.4964308035619191,11.382954060741776
171,34.22281521014009,0.5416666666666666,0.2,0.75,0.5,0.12461563110222548,0.23997793309424015,0.14585671529234343,0.4895497205111916,11.382954060741776
172,34.422948632421615,0.5416666666666666,0.2,0.75,0.5,0.12928727748094246,0.23790170858621587,0.1503366988560913,0.48247431507675104,11.382954060741776
173,34.62308205470313,0.5416666666666666,0.2,0.75,0.5,0.13404375467771013,0.23588319546680486,0.15485901010921982,0.4752140397462659,11.382954060741776
174,34.82321547698466,0.5416666666666666,0.2,0.75,0.5,0.13888241140410876,0.23392228287596717,0.15941672925558933,0.4677785764643355,11.382954060741776
175,35.023348899266175,0.5416666666666666,0.2,0.75,0.5,0.1438005272627577,0.2320189481901518,0.1640026977299652,0.46017782681712605,11.382954060741776
176,35.2234823215477,0.5416666666666666,0.2,0.75,0.5,0.1487953277796116,0.23017323072017465,0.16860955263241287,0.45242188886780166,11.382954060741776
177,35.42361574382922,0.5416666666666666,0.2,0.75,0.5,0.15386398979472943,0.22838521673100712,0.17322975180608827,0.444521041668176,11.382954060741776
178,35.62374916611074,0.5416666666666666,0.2,0.75,0.5,0.1590036452969588,0.22665502702442272,0.17785559923367883,0.43648572844494044,11.382954060741776
179,35.82388258839226,0.5416666666666666,0.2,0.75,0.5,0.16421138966720278,0.2249828012093222,0.18247927931180621,0.4283265298116696,11.382954060741776
180,36.02401601067378,0.5416666666666666,0.2,0.75,0.5,0.16948428167378568,0.22336868997404385,0.1870928776196217,0.42005415073254954,11.382954060741776
181,36.2241494329553,0.5416666666666666,0.2,0.75,0.5,0.17481934617765565,0.2218128469141854,0.19168841253942226,0.41167939436873746,11.382954060741776
182,36.424282855236825,0.5416666666666666,0.2,0.75,0.5,0.18021357467176685,0.22031542244577373,0.19625786189656874,0.40321314098589145,11.382954060741776
183,36.62441627751834,0.5416666666666666,0.2,0.75,0.5,0.1856639242682567,0.21887655927892247,0.20079318569301036,0.3946663307598112,11.382954060741776
184,36.82454969979987,0.5416666666666666,0.2,0.75,0.5,0.19116731495162503,0.21749639230692477,0.20528635620313787,0.38604993653831304,11.382954060741776
185,37.024683122081385,0.5416666666666666,0.2,0.75,0.5,0.1967206286021702,0.21617504495295337,0.20972937974045935,0.3773749467044178,11.382954060741776
186,37.22481654436291,0.5416666666666666,0.2,0.75,0.5,0.20232070420128892,0.21491263155122992,0.2141143218970567,0.36865234235042516,11.382954060741776
187,37.42494996664443,0.5416666666666666,0.2,0.75,0.5,0.20796433349595303,0.213709259540117,0.2184333317819988,0.3598930751819319,11.382954060741776
188,37.62508338892595,0.5416666666666666,0.2,0.75,0.5,0.2136482598255922,0.2125650278572468,0.22267866373319348,0.35110804858396827,11.382954060741776
189,37.82521681120747,0.5416666666666666,0.2,0.75,0.5,0.2193691676524784,0.21148003753103636,0.22684270102147017,0.34230809379501576,11.382954060741776
190,38.02535023348899,0.5416666666666666,0.2,0.75,0.5,0.22512367933542454,0.2104543937109369,0.23091797726564378,0.3335039496879955,11.382954060741776
191,38.22548365577051,0.5416666666666666,0.2,0.75,0.5,0.2309083586017257,0.20948820021714895,0.2348971969447677,0.32470624423635835,11.382954060741776
192,38.425617078052035,0.5416666666666666,0.2,0.75,0.5,0.23671969555674816,0.20858157662811558,0.2387732565382587,0.3159254712768783,11.382954060741776
193,38.62575050033355,0.5416666666666666,0.2,0.75,0.5,0.24255410430507868,0.20773466090145642,0.24253926461846065,0.30717197017500497,11.382954060741776
194,38.82588392261508,0.5416666666666666,0.2,0.75,0.5,0.2484079267641112,0.20694760574631416,0.24618856303853065,0.2984559044510447,11.382954060741776
195,39.026017344896594,0.5416666666666666,0.2,0.75,0.5,0.25427742075303006,0.20622059300109893,0.24971474461668264,0.289787241629189,11.382954060741776
196,39.22615076717812,0.5416666666666666,0.2,0.75,0.5,0.26015875798542254,0.20555383752927647,0.2531116721410708,0.2811757323442308,11.382954060741776
197,39.426284189459636,0.5416666666666666,0.2,0.75,0.5,0.26604802892034657,0.2049475841796375,0.2563734977475235,0.27263088915249306,11.382954060741776
198,39.62641761174116,0.5416666666666666,0.2,0.75,0.5,0.27194123469323667,0.20440211928820437,0.25949467991670244,0.2641619661018571,11.382954060741776
199,39.82655103402268,0.5416666666666666,0.2,0.75,0.5,0.2778342864565312,0.20391777462824617,0.2624700007860727,0.25577793812915056,11.382954060741776
200,40.0266844563042,0.5416666666666666,0.2,0.75,0.5,0.2837230105483234,0.2034949255358399,0.2652945821148405,0.24748748180099678,11.382954060741776
201,40.22681787858572,0.5416666666666666,0.2,0.75,0.5,0.2896031454148341,0.20313399847192545,0.2679639019475719,0.23929895416566913,11.382954060741776
202,40.426951300867245,0.5416666666666666,0.2,0.75,0.5,0.295470342889954,0.20283547431529975,0.2704738099268142,0.2312203728679326,11.382954060741776
203,40.62708472314876,0.5416666666666666,0.2,0.75,0.5,0.30132017346551987,0.20259988729701692,0.2728205385717925,0.2232594006656713,11.382954060741776
204,40.82721814543029,0.5416666666666666,0.2,0.75,0.5,0.30714812792953944,0.20242782907256213,0.275000718669038,0.215423324328861,11.382954060741776
205,41.027351567711804,0.5416666666666666,0.2,0.75,0.5,0.3129496210503142,0.20231995075891643,0.27701139213663195,0.20771903605413802,11.382954060741776
206,41.22748498999333,0.5416666666666666,0.2,0.75,0.5,0.318719997437164,0.20227696195227057,0.27885001738284676,0.20015302322771933,11.382954060741776
207,41.427618412274846,0.5416666666666666,0.2,0.75,0.5,0.32445453685563114,0.2022996320776659,0.2805144815993104,0.19273134946739318,11.382954060741776
208,41.62775183455637,0.5416666666666666,0.2,0.75,0.5,0.3301484604922987,0.20238879084908165,0.28200311046298115,0.18545963819563915,11.382954060741776
209,41.82788525683789,0.5416666666666666,0.2,0.75,0.5,0.33579693734574506,0.2025453270208141,0.283314667463338,0.17834306817010345,11.382954060741776
210,42.02801867911941,0.5416666666666666,0.2,0.75,0.5,0.3413950922676594,0.20277018760489623,0.28444836060901335,0.17138635951843156,11.382954060741776
211,42.22815210140093,0.5416666666666666,0.2,0.75,0.5,0.3469380147414696,0.2030643766380852,0.28540384786412815,0.16459376075631768,11.382954060741776
212,42.428285523682455,0.5416666666666666,0.2,0.75,0.5,0.35242076586400095,0.20342895335373376,0.2861812307181518,0.15796905006411407,11.382954060741776
213,42.62841894596397,0.5416666666666666,0.2,0.75,0.5,0.357838387970464,0.20386502984214688,0.28678105344388516,0.15151552874350455,11.382954060741776
214,42.8285523682455,0.5416666666666666,0.2,0.75,0.5,0.36318591556908536,0.20437376819419587,0.28720430289755167,0.14523601333916777,11.382954060741776
215,43.028685790527014,0.5416666666666666,0.2,0.75,0.5,0.3684583828543991,0.20495637794946356,0.2874523970138859,0.1391328421822521,11.382954060741776
216,43.22881921280854,0.5416666666666666,0.2,0.75,0.5,0.3736508338819394,0.20561411266202909,0.2875271759838383,0.13320787747219384,11.382954060741776
217,43.428952635090056,0.5416666666666666,0.2,0.75,0.5,0.3787583351252817,0.2063482655803391,0.2874308949227671,0.12746250437161283,11.382954060741776
218,43.62908605737158,0.5416666666666666,0.2,0.75,0.5,0.3837759833292075,0.2071601663731605,0.28716620818330363,0.12189764211432907,11.382954060741776
219,43.8292194796531,0.5416666666666666,0.2,0.75,0.5,0.38869891533769907,0.20805117701058198,0.2867361535063496,0.11651375414536996,11.382954060741776
220,44.02935290193462,0.5416666666666666,0.2,0.75,0.5,0.39352232161841827,0.20902268619415992,0.2861441362884845,0.11131085589893791,11.382954060741776
221,44.22948632421614,0.5416666666666666,0.2,0.75,0.5,0.39824145421832374,0.21007610542662236,0.2853939105915449,0.1062885297635096,11.382954060741776
222,44.429619746497664,0.5416666666666666,0.2,0.75,0.5,0.40285163562119475,0.21121286454340799,0.28448955883551375,0.10144594099988416,11.382954060741776
223,44.62975316877918,0.5416666666666666,0.2,0.75,0.5,0.4073482724435511,0.21243440518167667,0.28343546708966344,0.09678185528510938,11.382954060741776
224,44.829886591060706,0.5416666666666666,0.2,0.75,0.5,0.41172686316727397,0.2137421763271637,0.28223630375590036,0.0922946567496625,11.382954060741776
225,45.030020013342224,0.5416666666666666,0.2,0.75,0.5,0.4159830057942487,0.21513762970632777,0.28089699795084383,0.08798236654858033,11.382954060741776
226,45.23015343562375,0.5416666666666666,0.2,0.75,0.5,0.4201124107955025,0.2166222126633764,0.2794227065749054,0.0838426699662163,11.382954060741776
227,45.430286857905266,0.5416666666666666,0.2,0.75,0.5,0.4241109083601114,0.21819736331667644,0.277818791730866,0.0798729365923468,11.382954060741776
228,45.63042028018679,0.5416666666666666,0.2,0.75,0.5,0.427974454853197,0.21986450592168458,0.2760908004153898,0.07607023880972923,11.382954060741776
229,45.83055370246831,0.5416666666666666,0.2,0.75,0.5,0.43169914419013145,0.2216250435531036,0.2742444258778785,0.07243138637888698,11.382954060741776
230,46.03068712474983,0.5416666666666666,0.2,0.75,0.5,0.43528121438175865,0.22348035299829494,0.2722854847616217,0.06895294785832536,11.382954060741776
231,46.23082054703135,0.5416666666666666,0.2,0.75,0.5,0.4387170529453593,0.22543178012876677,0.2702198996819245,0.06563126724395012,11.382954060741776
232,46.430953969312874,0.5416666666666666,0.2,0.75,0.5,0.44200320612561866,0.227480632740053,0.26805365868821435,0.062462502446114634,11.382954060741776
233,46.63108739159439,0.5416666666666666,0.2,0.75,0.5,0.44513638454820453,0.22962817530929014,0.26579279307581116,0.059442647066694825,11.382954060741776
234,46.831220813875916,0.5416666666666666,0.2,0.75,0.5,0.44811346777678257,0.23187562438216985,0.2634433633148461,0.05656754452620212,11.382954060741776
235,47.03135423615743,0.5416666666666666,0.2,0.75,0.5,0.4509315111354898,0.23422414182369553,0.26101142081336454,0.05383292622745072,11.382954060741776
236,47.23148765843896,0.5416666666666666,0.2,0.75,0.5,0.453587750323183,0.23667482956631286,0.25850298736347643,0.051234432747028325,11.382954060741776
237,47.431621080720475,0.5416666666666666,0.2,0.75,0.5,0.45607960527873925,0.2392287250278507,0.25592404406602126,0.04876762562738941,11.382954060741776
238,47.631754503002,0.5416666666666666,0.2,0.75,0.5,0.45840468468801554,0.24188679490700088,0.2532804989719131,0.04642802143307106,11.382954060741776
239,47.83188792528352,0.5416666666666666,0.2,0.75,0.5,0.4605607894649206,0.24464993004356,0.2505781691498815,0.04421111134163848,11.382954060741776
240,48.03202134756504,0.5416666666666666,0.2,0.75,0.5,0.4625459160031121,0.24751894092520596,0.24782277190842872,0.04211237116325373,11.382954060741776
241,48.23215476984656,0.5416666666666666,0.2,0.75,0.5,0.464358258710612,0.2504945520556626,0.24501990052028186,0.04012728871344403,11.382954060741776
242,48.432288192128084,0.5416666666666666,0.2,0.75,0.5,0.4659962123283612,0.2535773970386124,0.24217500985156754,0.038251380781459336,11.382954060741776
243,48.6324216144096,0.5416666666666666,0.2,0.75,0.5,0.4674583745534886,0.2567680142837033,0.2392934092562126,0.036480201906596,11.382954060741776
244,48.832555036691126,0.5416666666666666,0.2,0.75,0.5,0.46874354707899113,0.26006684191889506,0.2363802469520348,0.03480936405007951,11.382954060741776
245,49.03268845897264,0.5416666666666666,0.2,0.75,0.5,0.46985073679014044,0.26347421319473024,0.233440499964349,0.03323455005078086,11.382954060741776
246,49.23282188125417,0.5416666666666666,0.2,0.75,0.5,0.47077915767402334,0.26699035254318354,0.2304789683658412,0.03175152141695251,11.382954060741776
247,49.432955303535685,0.5416666666666666,0.2,0.75,0.5,0.4715282308371627,0.27061537101151306,0.227500267453926,0.03035613069739881,11.382954060741776
248,49.63308872581721,0.5416666666666666,0.2,0.75,0.5,0.47209758468184154,0.27434926206927224,0.22450882242314035,0.02904433082574651,11.382954060741776
249,49.83322214809873,0.5416666666666666,0.2,0.75,0.5,0.4724870559836447,0.2781918981959004,0.22150886393465666,0.027812181885798884,11.382954060741776
250,50.03335557038025,0.5416666666666666,0.2,0.75,0.5,0.47269668924104985,0.2821430268722096,0.21850442635236944,0.02665585753437174,11.382954060741776
251,50.23348899266177,0.5416666666666666,0.2,0.75,0.5,0.4727267359726868,0.28620226686610145,0.21549934711933325,0.025571650041879182,11.382954060741776
252,50.433622414943294,0.5416666666666666,0.2,0.75,0.5,0.4725776548500327,0.2903691055235614,0.21249726382192535,0.024555975804481156,11.382954060741776
253,50.63375583722481,0.5416666666666666,0.2,0.75,0.5,0.47225011054926996,0.2946428954396223,0.20950161645243723,0.023605377558671117,11.382954060741776
254,50.833889259506336,0.5416666666666666,0.2,0.75,0.5,0.4717449723160637,0.2990228513089058,0.206515651005122,0.022716525369909014,11.382954060741776
255,51.03402268178785,0.5416666666666666,0.2,0.75,0.5,0.47106331309683636,0.30350804818721394,0.20354241765531805,0.021886221060632167,11.382954060741776
256,51.23415610406938,0.5416666666666666,0.2,0.75,0.5,0.4702064077959181,0.30809741889579867,0.2005847760496523,0.02111139725863143,11.382954060741776
257,51.4342895263509,0.5416666666666666,0.2,0.75,0.5,0.4691757311726508,0.31278975143614796,0.19764540288789054,0.020389114503311274,11.382954060741776
258,51.63442294863242,0.5416666666666666,0.2,0.75,0.5,0.4679729559245216,0.31758368784048474,0.19472679381702698,0.019716562417967314,11.382954060741776
259,51.834556370913944,0.5416666666666666,0.2,0.75,0.5,0.46659995066389554,0.3224777242275051,0.19183126096716138,0.019091064141438678,11.382954060741776
260,52.03468979319546,0.5416666666666666,0.2,0.75,0.5,0.4650587769469768,0.3274702078893725,0.1889609493531162,0.018510065810535273,11.382954060741776
261,52.234823215476986,0.5416666666666666,0.2,0.75,0.5,0.46335168653056624,0.33255933703283486,0.18611784091809908,0.017971135518500554,11.382954060741776
262,52.4349566377585,0.5416666666666666,0.2,0.75,0.5,0.4614811176692632,0.3377431621992832,0.18330375348974987,0.017471966641704403,11.382954060741776
263,52.63509006004003,0.5416666666666666,0.2,0.75,0.5,0.45944969194993046,0.34301958551204637,0.1805203516944728,0.017010370843551018,11.382954060741776
264,52.835223482321545,0.5416666666666666,0.2,0.75,0.5,0.4572602107242753,0.348386360661992,0.17776915658454823,0.016584272029185023,11.382954060741776
265,53.03535690460307,0.5416666666666666,0.2,0.75,0.5,0.4549156505957761,0.3538410948487924,0.17505154874350737,0.016191705811924723,11.382954060741776
266,53.23549032688459,0.5416666666666666,0.2,0.75,0.5,0.45241915836450325,0.35938125149190475,0.17236877022514593,0.015830819918446752,11.382954060741776
267,53.43562374916611,0.5416666666666666,0.2,0.75,0.5,0.44977404719763187,0.3650041502978989,0.16972193951035502,0.015499862994114903,11.382954060741776
268,53.63575717144763,0.5416666666666666,0.2,0.75,0.5,0.4469837912233661,0.3707069702599426,0.1671120560859169,0.01519718243077519,11.382954060741776
269,53.835890593729154,0.5416666666666666,0.2,0.75,0.5,0.44405201931525584,0.37648675390551445,0.16454000122912463,0.014921225550105843,11.382954060741776
270,54.03602401601067,0.5416666666666666,0.2,0.75,0.5,0.4409825098079703,0.38234040974117234,0.16200654906188622,0.014670531388971902,11.382954060741776
271,54.236157438292196,0.5416666666666666,0.2,0.75,0.5,0.4377791844297907,0.38826471595895523,0.15951237395524992,0.014443725656004946,11.382954060741776
272,54.43629086057371,0.5416666666666666,0.2,0.75,0.5,0.43444610124572886,0.39425632540246713,0.15705805421846203,0.014239519133342685,11.382954060741776
273,54.63642428285524,0.5416666666666666,0.2,0.75,0.5,0.43098744733483285,0.40031177083264435,0.15464407650250833,0.014056705330015185,11.382954060741776
274,54.836557705136755,0.5416666666666666,0.2,0.75,0.5,0.427407532217602,0.4064274695280819,0.1522708454757207,0.01389415277859605,11.382954060741776
275,55.03669112741828,0.5416666666666666,0.2,0.75,0.5,0.4237107799344645,0.4125997293748903,0.14993868817323835,0.013750802517407464,11.382954060741776
276,55.2368245496998,0.5416666666666666,0.2,0.75,0.5,0.4199017211498401,0.4188247549830157,0.14764785672588132,0.01362566714126353,11.382954060741776
277,55.43695797198132,0.5416666666666666,0.2,0.75,0.5,0.41598498472566076,0.42509865455139445,0.14539853609355172,0.013517824629393747,11.382954060741776
278,55.63709139426284,0.5416666666666666,0.2,0.75,0.5,0.41196528904063934,0.4314174470515719,0.14319084906476146,0.013426414843027916,11.382954060741776
279,55.837224816544364,0.5416666666666666,0.2,0.75,0.5,0.4078474336687646,0.4377770689570667,0.14102485986522542,0.013350637508943978,11.382954060741776
280,56.03735823882588,0.5416666666666666,0.2,0.75,0.5,0.40363629033546067,0.44417338192480166,0.13890057848554785,0.01328974925419044,11.382954060741776
281,56.237491661107406,0.5416666666666666,0.2,0.75,0.5,0.39933679276741996,0.45060218192384316,0.13681796606466282,0.013243059244074611,11.382954060741776
282,56.43762508338892,0.5416666666666666,0.2,0.75,0.5,0.3949539275419227,0.4570592071147367,0.13477693851223516,0.013209926831105915,11.382954060741776
283,56.63775850567045,0.5416666666666666,0.2,0.75,0.5,0.39049272609993224,0.4635401443836578,0.1327773699126314,0.013189759603779034,11.382954060741776
284,56.837891927951965,0.5416666666666666,0.2,0.75,0.5,0.3859582529036691,0.47004064058348377,0.13081909664831354,0.013182009864534024,11.382954060741776
285,57.03802535023349,0.5416666666666666,0.2,0.75,0.5,0.3813555955381609,0.47655631146415706,0.1289019207504212,0.013186172247261273,11.382954060741776
286,57.23815877251501,0.5416666666666666,0.2,0.75,0.5,0.3766898569571864,0.48308274825266295,0.12702561311059699,0.01320178167955413,11.382954060741776
287,57.43829219479653,0.5416666666666666,0.2,0.75,0.5,0.3719661449491502,0.48961552744877596,0.12518991649392677,0.013228411108147469,11.382954060741776
288,57.63842561707805,0.5416666666666666,0.2,0.75,0.5,0.3671895604002444,0.4961502220417071,0.12339454833178873,0.013265669226260095,11.382954060741776
289,57.83855903935957,0.5416666666666666,0.2,0.75,0.5,0.3623651886246829,0.5026824093305787,0.12163920346831217,0.01331319857642656,11.382954060741776
290,58.03869246164109,0.5416666666666666,0.2,0.75,0.5,0.357498092540939,0.5092076767524667,0.11992355706671737,0.013370673639877212,11.382954060741776
291,58.238825883922615,0.5416666666666666,0.2,0.75,0.5,0.3525932991129626,0.5157216353030464,0.11824726638833216,0.013437799195659177,11.382954060741776
292,58.43895930620413,0.5416666666666666,0.2,0.75,0.5,0.34765579047108597,0.5222199277896664,0.11660997303686158,0.013514308702386374,11.382954060741776
293,58.63909272848566,0.5416666666666666,0.2,0.75,0.5,0.34269049809188185,0.5286982338122531,0.1150113055574446,0.013599962538420758,11.382954060741776
294,58.839226150767175,0.5416666666666666,0.2,0.75,0.5,0.3377022920894855,0.5351522801682218,0.11345088102152917,0.013694546720763872,11.382954060741776
295,59.0393595730487,0.5416666666666666,0.2,0.75,0.5,0.33269597094457604,0.5415778508406199,0.11192830649726752,0.013797871717536915,11.382954060741776
296,59.23949299533022,0.5416666666666666,0.2,0.75,0.5,0.32767625491868635,0.5479707930287767,0.11044318098525197,0.013909771067285373,11.382954060741776
297,59.43962641761174,0.5416666666666666,0.2,0.75,0.5,0.3226477808530559,0.554327021748861,0.10899509743769774,0.014030099960385754,11.382954060741776
298,59.63975983989326,0.5416666666666666,0.2,0.75,0.5,0.317615090314217,0.5606425317094755,0.10758364333795843,0.014158734638349468,11.382954060741776
299,59.83989326217478,0.5416666666666666,0.2,0.75,0.5,0.31258262361927697,0.5669134028750847,0.10620840220237576,0.014295571303262969,11.382954060741776
300,60.0400266844563,0.5416666666666666,0.2,0.75,0.5,0.30755471719243827,0.5731358024883729,0.10486895564348682,0.014440524675702426,11.382954060741776
301,60.240160106737825,0.5416666666666666,0.2,0.75,0.5,0.30253559348383335,0.5793059952028065,0.10356488362591022,0.014593527687450331,11.382954060741776
302,60.44029352901934,0.5416666666666666,0.2,0.75,0.5,0.2975293545538064,0.5854203493098851,0.10229576531887927,0.014754530817429605,11.382954060741776
303,60.64042695130087,0.5416666666666666,0.2,0.75,0.5,0.29253997719155617,0.5914753413671943,0.10106118008268396,0.014923501358565945,11.382954060741776
304,60.840560373582385,0.5416666666666666,0.2,0.75,0.5,0.2875713087798698,0.5974675600660688,0.09986070848151356,0.015100422672548106,11.382954060741776
305,61.04069379586391,0.5416666666666666,0.2,0.75,0.5,0.2826270686833946,0.603393704115987,0.0986939345966248,0.015285292603993958,11.382954060741776
306,61.24082721814543,0.5416666666666666,0.2,0.75,0.5,0.2777108386923271,0.6092505921877654,0.09756044506706223,0.01547812405284569,11.382954060741776
307,61.44096064042695,0.5416666666666666,0.2,0.75,0.5,0.2728260618670874,0.615035163722271,0.09645983022090604,0.015678944189736057,11.382954060741776
308,61.64109406270847,0.5416666666666666,0.2,0.75,0.5,0.2679760415094546,0.6207444796702999,0.09539168499741407,0.015887793822832036,11.382954060741776
309,61.84122748498999,0.5416666666666666,0.2,0.75,0.5,0.2631639362790087,0.626375727471251,0.09435560907495741,0.0161047271747833,11.382954060741776
310,62.04136090727151,0.5416666666666666,0.2,0.75,0.5,0.2583927506799935,0.6319262311026584,0.09335120615323227,0.01632981206411624,11.382954060741776
311,62.241494329553035,0.5416666666666666,0.2,0.75,0.5,0.2536653479606308,0.637393436921521,0.09237808656253613,0.01656312855531253,11.382954060741776
312,62.44162775183455,0.5416666666666666,0.2,0.75,0.5,0.24898444582254983,0.6427749181752757,0.09143586709818433,0.016804768903990495,11.382954060741776
313,62.64176117411608,0.5416666666666666,0.2,0.75,0.5,0.2443526170292587,0.6480683742661573,0.09052417148922419,0.01705483721536019,11.382954060741776
314,62.841894596397594,0.5416666666666666,0.2,0.75,0.5,0.23977228514501234,0.6532716351924895,0.08964263017007436,0.017313449492424023,11.382954060741776
315,63.04202801867912,0.5416666666666666,0.2,0.75,0.5,0.23524572138448963,0.6583826648512746,0.08879088010214524,0.017580733662090852,11.382954060741776
316,63.242161440960636,0.5416666666666666,0.2,0.75,0.5,0.2307750537893149,0.6633995513417118,0.08796856606101988,0.01785682880795361,11.382954060741776
317,63.44229486324216,0.5416666666666666,0.2,0.75,0.5,0.2263622648349717,0.6683205095354549,0.08717534038770679,0.018141885241866818,11.382954060741776
318,63.64242828552368,0.5416666666666666,0.2,0.75,0.5,0.22200919560629553,0.6731438766738322,0.0864108635729653,0.018436064146906933,11.382954060741776
319,63.8425617078052,0.5416666666666666,0.2,0.75,0.5,0.21771754969036305,0.6778681083064205,0.08567480471960158,0.01873953728361485,11.382954060741776
320,64.04269513008673,0.5416666666666666,0.2,0.75,0.5,0.2134888924352823,0.6824917792591985,0.08496684121893247,0.019052487086586686,11.382954060741776
321,64.24282855236824,0.5416666666666666,0.2,0.75,0.5,0.20932465599174316,0.6870135784034692,0.08428665924910657,0.019375106355681015,11.382954060741776
322,64.44296197464976,0.5416666666666666,0.2,0.75,0.5,0.20522613938724743,0.691432308937333,0.0836339533713049,0.019707598304114636,11.382954060741776
323,64.64309539693129,0.5416666666666666,0.2,0.75,0.5,0.20119451034460026,0.6957468867772985,0.08300842636099706,0.02005017651710426,11.382954060741776
324,64.84322881921281,0.5416666666666666,0.2,0.75,0.5,0.19723081315615223,0.6999563322727963,0.0824097900253378,0.02040306454571363,11.382954060741776
325,65.04336224149432,0.5416666666666666,0.2,0.75,0.5,0.19333597028963545,0.7040597689222526,0.08183776487970798,0.02076649590840387,11.382954060741776
326,65.24349566377585,0.5416666666666666,0.2,0.75,0.5,0.18951078716068312,0.7080564184522631,0.08129208050009012,0.021140713886963588,11.382954060741776
327,65.44362908605737,0.5416666666666666,0.2,0.75,0.5,0.18575595647094661,0.7119455964917103,0.08077247567543695,0.021525971361906083,11.382954060741776
328,65.6437625083389,0.5416666666666666,0.2,0.75,0.5,0.18207206120584565,0.7157267099672238,0.08027869807488329,0.021922530752047205,11.382954060741776
329,65.8438959306204,0.5416666666666666,0.2,0.75,0.5,0.17845957948473315,0.7193992522252791,0.07981050447847673,0.02233066381151084,11.382954060741776
330,66.04402935290193,0.5416666666666666,0.2,0.75,0.5,0.1749188884232949,0.7229627995520036,0.07936766049410142,0.02275065153059992,11.382954060741776
331,66.24416277518345,0.5416666666666666,0.2,0.75,0.5,0.17145026840206598,0.7264170071450475,0.07894994047630625,0.02318278397658001,11.382954060741776
332,66.44429619746498,0.5416666666666666,0.2,0.75,0.5,0.16805390797363443,0.7297616041855962,0.0785571278033495,0.023627360037419668,11.382954060741776
333,66.64442961974649,0.5416666666666666,0.2,0.75,0.5,0.16472990799876966,0.7329963900734944,0.07818901467299827,0.024084687254737475,11.382954060741776
334,66.84456304202801,0.5416666666666666,0.2,0.75,0.5,0.1614782862889321,0.7361212300450348,0.07784540212257252,0.02455508154346047,11.382954060741776
335,67.04469646430954,0.5416666666666666,0.2,0.75,0.5,0.15829898200354886,0.7391360510904146,0.07752609997216368,0.025038866933872785,11.382954060741776
336,67.24482988659106,0.5416666666666666,0.2,0.75,0.5,0.1551918597302972,0.7420408382493214,0.07723092667619157,0.025536375344189646,11.382954060741776
337,67.44496330887257,0.5416666666666666,0.2,0.75,0.5,0.15215671385074558,0.7448356306161305,0.0769597092854744,0.026047946247649445,11.382954060741776
338,67.6450967311541,0.5416666666666666,0.2,0.75,0.5,0.14919327323158094,0.7475205171684776,0.07671228322876499,0.026573926371176334,11.382954060741776
339,67.84523015343562,0.5416666666666666,0.2,0.75,0.5,0.14630120539940727,0.7500956330733807,0.0764884921951809,0.027114669332030904,11.382954060741776
340,68.04536357571715,0.5416666666666666,0.2,0.75,0.5,0.14348012022650297,0.7525611564542822,0.07628818810565682,0.027670535213557754,11.382954060741776
341,68.24549699799866,0.5416666666666666,0.2,0.75,0.5,0.14072957408000542,0.7549173048527281,0.07611123092003452,0.028241890147231705,11.382954060741776
342,68.44563042028018,0.5416666666666666,0.2,0.75,0.5,0.13804907424838334,0.7571643314745687,0.07595748848969891,0.028829105787348812,11.382954060741776
343,68.6457638425617,0.5416666666666666,0.2,0.75,0.5,0.13543808271103708,0.7593025221045926,0.075826836392131,0.029432558792239195,11.382954060741776
344,68.84589726484323,0.5416666666666666,0.2,0.75,0.5,0.13289601942655488,0.7613321925315184,0.07571915775024204,0.030052630291684628,11.382954060741776
345,69.04603068712474,0.5416666666666666,0.2,0.75,0.5,0.13042226607399696,0.7632536856266313,0.07563434304938921,0.03068970524998246,11.382954060741776
346,69.24616410940627,0.5416666666666666,0.2,0.75,0.5,0.12801617028008905,0.7650673680399268,0.07557228990175631,0.0313441717782278,11.382954060741776
347,69.44629753168779,0.5416666666666666,0.2,0.75,0.5,0.12567704865609802,0.7667736280810676,0.0755329028486549,0.03201642041417943,11.382954060741776
348,69.64643095396931,0.5416666666666666,0.2,0.75,0.5,0.1234041894534233,0.7683728740346996,0.07551609316209078,0.03270684334978634,11.382954060741776
349,69.84656437625083,0.5416666666666666,0.2,0.75,0.5,0.12119685583552796,0.7698655319839547,0.07552177859803616,0.033415833582481166,11.382954060741776
350,70.04669779853235,0.5416666666666666,0.2,0.75,0.5,0.1190542887328217,0.7712520441076129,0.07554988314979662,0.034143784009768786,11.382954060741776
351,70.24683122081387,0.5416666666666666,0.2,0.75,0.5,0.11697571190196439,0.7725328649874507,0.07560033667870442,0.034891086431880526,11.382954060741776
352,70.4469646430954,0.5416666666666666,0.2,0.75,0.5,0.11496033323587992,0.7737084615380827,0.07567307469909312,0.035658130526944075,11.382954060741776
353,70.64709806537691,0.5416666666666666,0.2,0.75,0.5,0.1130073465372387,0.7747793125936067,0.0757680381208269,0.03644530274832751,11.382954060741776
354,70.84723148765843,0.5416666666666666,0.2,0.75,0.5,0.11111593453711849,0.7757459074178051,0.0758851729125185,0.03725298513255763,11.382954060741776
355,71.04736490993996,0.5416666666666666,0.2,0.75,0.5,0.10928527121742472,0.7766087449609663,0.07602442978053421,0.03808155404107448,11.382954060741776
356,71.24749833222148,0.5416666666666666,0.2,0.75,0.5,0.10751452566424377,0.7773683316194531,0.0761857638418228,0.0389313788744802,11.382954060741776
357,71.44763175450299,0.5416666666666666,0.2,0.75,0.5,0.10580286282554005,0.7780251822865979,0.07636913426994264,0.03980282061791931,11.382954060741776
358,71.64776517678452,0.5416666666666666,0.2,0.75,0.5,0.1041494452529871,0.7785798204771829,0.07657450393228399,0.04069623033754596,11.382954060741776
359,71.84789859906604,0.5416666666666666,0.2,0.75,0.5,0.10255343524989642,0.7790327781260528,0.07680183901582018,0.041611947608230594,11.382954060741776
360,72.04803202134757,0.5416666666666666,0.2,0.75,0.5,0.10101399667870323,0.7793845958081084,0.07705110863982187,0.0425502988733665,11.382954060741776
361,72.24816544362908,0.5416666666666666,0.2,0.75,0.5,0.09953029805206648,0.779635821462664,0.07732228447866717,0.04351159600660228,11.382954060741776
362,72.4482988659106,0.5416666666666666,0.2,0.75,0.5,0.09810151268655443,0.7797870127747809,0.07761534032349914,0.04449613421516531,11.382954060741776
363,72.64843228819213,0.5416666666666666,0.2,0.75,0.5,0.09672682020273424,0.7798387379884698,0.07793025165490657,0.045504190153889165,11.382954060741776
364,72.84856571047365,0.5416666666666666,0.2,0.75,0.5,0.09540540806890375,0.7797915767434651,0.07826699520459325,0.046536019983037566,11.382954060741776
365,73.04869913275516,0.5416666666666666,0.2,0.75,0.5,0.09413647295176307,0.7796461211516722,0.07862554850581886,0.04759185739074563,11.382954060741776
366,73.24883255503669,0.5416666666666666,0.2,0.75,0.5,0.09291922277939865,0.7794029756554297,0.07900588946605311,0.04867191209911831,11.382954060741776
367,73.44896597731821,0.5416666666666666,0.2,0.75,0.5,0.09175287685348764,0.7790627602973225,0.07940799584609505,0.04977636700309464,11.382954060741776
368,73.64909939959973,0.5416666666666666,0.2,0.75,0.5,0.09063666702551891,0.7786261121651451,0.07983184477653314,0.0509053760328027,11.382954060741776
369,73.84923282188124,0.5416666666666666,0.2,0.75,0.5,0.08956983871944794,0.7780936871299753,0.08027741225858434,0.05205906189199238,11.382954060741776
370,74.04936624416277,0.5416666666666666,0.2,0.75,0.5,0.0885516518439295,0.7774661615818705,0.08074467268866797,0.05323751388553203,11.382954060741776
371,74.2494996664443,0.5416666666666666,0.2,0.75,0.5,0.08758138187368521,0.7767442331470167,0.08123359850858473,0.054440786470713466,11.382954060741776
372,74.44963308872582,0.5416666666666666,0.2,0.75,0.5,0.08665832018895614,0.7759286246843617,0.08174415948428967,0.05566889564239253,11.382954060741776
373,74.64976651100733,0.5416666666666666,0.2,0.75,0.5,0.0857817748170143,0.7750200861856283,0.08227632223451634,0.056921816762841096,11.382954060741776
374,74.84989993328885,0.5416666666666666,0.2,0.75,0.5,0.08495107103505112,0.7740193971332084,0.08283004971378183,0.05819948211795862,11.382954060741776
375,75.05003335557038,0.5416666666666666,0.2,0.75,0.5,0.08416555193939149,0.7729273685185278,0.08340530071523244,0.05950177882684826,11.382954060741776
376,75.2501667778519,0.5416666666666666,0.2,0.75,0.5,0.0834245790534898,0.7717448439251806,0.08400202943961325,0.06082854758171627,11.382954060741776
377,75.45030020013341,0.5416666666666666,0.2,0.75,0.5,0.08272753254472653,0.7704727041851579,0.08462018481909069,0.06217957845102484,11.382954060741776
378,75.65043362241494,0.5416666666666666,0.2,0.75,0.5,0.08207381165667754,0.7691118693117639,0.08525971003079097,0.06355460900076748,11.382954060741776
379,75.85056704469646,0.5416666666666666,0.2,0.75,0.5,0.08146283503798395,0.767663301059484,0.08592054196875482,0.06495332193377713,11.382954060741776
380,76.05070046697799,0.5416666666666666,0.2,0.75,0.5,0.0808940409416763,0.766128004833066,0.08660261079114585,0.0663753434341118,11.382954060741776
381,76.2508338892595,0.5416666666666666,0.2,0.75,0.5,0.08036688732424627,0.7645070310430855,0.08730583952924968,0.0678202421034185,11.382954060741776
382,76.45096731154102,0.5416666666666666,0.2,0.75,0.5,0.0798808522262203,0.7628014795845138,0.08803014336635186,0.06928752482291395,11.382954060741776
383,76.65110073382255,0.5416666666666666,0.2,0.75,0.5,0.0794354338273566,0.7610125014829647,0.08877542922057285,0.07077663546910576,11.382954060741776
384,76.85123415610407,0.5416666666666666,0.2,0.75,0.5,0.07903015053810608,0.7591413011891819,0.08954159526062193,0.07228695301209011,11.382954060741776
385,77.0513675783856,0.5416666666666666,0.2,0.75,0.5,0.07866454088405332,0.7571891379538619,0.09032853050673428,0.07381779065535055,11.382954060741776
386,77.2515010006671,0.5416666666666666,0.2,0.75,0.5,0.07833816336611198,0.7551573271483704,0.09113611443923526,0.07536839504628243,11.382954060741776
387,77.45163442294863,0.5416666666666666,0.2,0.75,0.5,0.07805059674577824,0.7530472437430443,0.09196421641518725,0.07693794309599021,11.382954060741776
388,77.65176784523015,0.5416666666666666,0.2,0.75,0.5,0.07780143982878633,0.7508603232949748,0.092812695312259,0.07852554156397991,11.382954060741776
389,77.85190126751168,0.5416666666666666,0.2,0.75,0.5,0.07759031135173648,0.7485980634310384,0.09368139913045984,0.08013022608676527,11.382954060741776
390,78.05203468979319,0.5416666666666666,0.2,0.75,0.5,0.07741684959525,0.7462620244628629,0.0945701646387416,0.08175096130314544,11.382954060741776
391,78.25216811207471,0.5416666666666666,0.2,0.75,0.5,0.07728071212779161,0.7438538302335923,0.09547881702592755,0.08338664061268858,11.382954060741776
392,78.45230153435624,0.5416666666666666,0.2,0.75,0.5,0.07718157585434694,0.7413751696590102,0.09640716953918443,0.08503608494745854,11.382954060741776
393,78.65243495663776,0.5416666666666666,0.2,0.75,0.5,0.07711913659819206,0.7388277967876702,0.09735502319352686,0.08669804342061095,11.382954060741776
394,78.85256837891927,0.5416666666666666,0.2,0.75,0.5,0.07709310878707518,0.7362135309565392,0.09832216649293694,0.08837119376344868,11.382954060741776
395,79.0527018012008,0.5416666666666666,0.2,0.75,0.5,0.07710322473715979,0.7335342569014504,0.09930837511134799,0.09005414325004187,11.382954060741776
396,79.25283522348232,0.5416666666666666,0.2,0.75,0.5,0.07714923430837849,0.7307919242631996,0.10031341167593619,0.09174542975248569,11.382954060741776
397,79.45296864576385,0.5416666666666666,0.2,0.75,0.5,0.07723090470648736,0.7279885466286813,0.10133702561294523,0.09344352305188615,11.382954060741776
398,79.65310206804536,0.5416666666666666,0.2,0.75,0.5,0.07734801983033214,0.7251262005100798,0.10237895294749932,0.09514682671208868,11.382954060741776
399,79.85323549032688,0.5416666666666666,0.2,0.75,0.5,0.07750037971941676,0.7222070239002798,0.10343891615425566,0.09685368022604782,11.382954060741776
400,80.0533689126084,0.5416666666666666,0.2,0.75,0.5,0.07768779958048974,0.719233216798504,0.10451662370199333,0.09856235991901299,11.382954060741776
401,80.25350233488993,0.5416666666666666,0.2,0.75,0.5,0.07791010938108806,0.7162070376250407,0.1056117701638559,0.10027108283001555,11.382954060741776
402,80.45363575717144,0.5416666666666666,0.2,0.75,0.5,0.07816715330707377,0.7131307998266512,0.10672403627444452,0.10197801059183076,11.382954060741776
403,80.65376917945296,0.5416666666666666,0.2,0.75,0.5,0.07845878890301465,0.7100068697701271,0.10785308877493577,0.10368125255192272,11.382954060741776
404,80.85390260173449,0.5416666666666666,0.2,0.75,0.5,0.07878488629391475,0.706837663462179,0.10899858039835905,0.10537886984554742,11.382954060741776
405,81.05403602401601,0.5416666666666666,0.2,0.75,0.5,0.0791453273222543,0.7036256433239679,0.11016014983098062,0.10706887952279735,11.382954060741776
406,81.25416944629752,0.5416666666666666,0.2,0.75,0.5,0.07954000402716792,0.70037332146257,0.11133742090176947,0.1087492536084928,11.382954060741776
407,81.45430286857905,0.5416666666666666,0.2,0.75,0.5,0.07996881816184176,0.6970832503199232,0.11253000321658788,0.11041792830164737,11.382954060741776
408,81.65443629086057,0.5416666666666666,0.2,0.75,0.5,0.08043168018349584,0.6937580183210398,0.11373749219247746,0.11207280930298714,11.382954060741776
409,81.8545697131421,0.5416666666666666,0.2,0.75,0.5,0.0809285080275397,0.6904002469975073,0.11495946889991106,0.11371177607504207,11.382954060741776
410,82.05470313542361,0.5416666666666666,0.2,0.75,0.5,0.08145922602062892,0.6870125867858269,0.11619550005300319,0.11533268714054126,11.382954060741776
411,82.25483655770513,0.5416666666666666,0.2,0.75,0.5,0.08202376417685095,0.6835977134569408,0.11744513798254912,0.11693338438365948,11.382954060741776
412,82.45496997998666,0.5416666666666666,0.2,0.75,0.5,0.08262205641299096,0.6801583222167233,0.11870792067661742,0.11851170069366859,11.382954060741776
413,82.65510340226818,0.5416666666666666,0.2,0.75,0.5,0.08325403937959071,0.6766971229164441,0.11998337178823339,0.12006546591573214,11.382954060741776
414,82.85523682454969,0.5416666666666666,0.2,0.75,0.5,0.08391965118248441,0.67321683490861,0.12127100065159456,0.12159251325731145,11.382954060741776
415,83.05537024683122,0.5416666666666666,0.2,0.75,0.5,0.08461882998638023,0.6697201839528445,0.12257030215865466,0.12309068390212102,11.382954060741776
416,83.25550366911274,0.5416666666666666,0.2,0.75,0.5,0.08535151253812562,0.6662099024353401,0.1238807564205674,0.12455782860596734,11.382954060741776
417,83.45563709139427,0.5416666666666666,0.2,0.75,0.5,0.0861176327444594,0.662688716646225,0.12520182921431636,0.12599182139499962,11.382954060741776
418,83.65577051367578,0.5416666666666666,0.2,0.75,0.5,0.08691712010974828,0.6591593445398353,0.12653297177101533,0.12739056357940157,11.382954060741776
419,83.8559039359573,0.5416666666666666,0.2,0.75,0.5,0.08774989813998041,0.6556244911600151,0.1278736206944795,0.1287519900055254,11.382954060741776
420,84.05603735823883,0.5416666666666666,0.2,0.75,0.5,0.08861588299339516,0.652086844939766,0.12922319791032108,0.13007407415651814,11.382954060741776
421,84.25617078052035,0.5416666666666666,0.2,0.75,0.5,0.08951498201335897,0.6485490738186731,0.13058111058988647,0.13135483357808184,11.382954060741776
422,84.45630420280186,0.5416666666666666,0.2,0.75,0.5,0.09044709157173655,0.6450138191396686,0.13194675098453573,0.1325923383040595,11.382954060741776
423,84.65643762508338,0.5416666666666666,0.2,0.75,0.5,0.09141209556662615,0.6414836921866964,0.1333194963150692,0.13378471593160862,11.382954060741776
424,84.85657104736491,0.5416666666666666,0.2,0.75,0.5,0.09240986368569845,0.6379612701649096,0.13469870861997765,0.13493015752941473,11.382954060741776
425,85.05670446964643,0.5416666666666666,0.2,0.75,0.5,0.09344025039770677,0.634449093060882,0.1360837349847823,0.13602692155662932,11.382954060741776
426,85.25683789192794,0.5416666666666666,0.2,0.75,0.5,0.09450309302817589,0.6309496599277278,0.13747390727899755,0.13707333976509922,11.382954060741776
427,85.45697131420947,0.5416666666666666,0.2,0.75,0.5,0.09559820959206519,0.6274654252253414,0.1388685417545201,0.13806782342807367,11.382954060741776
428,85.657104736491,0.5416666666666666,0.2,0.75,0.5,0.09672539735992511,0.6239987961198606,0.14026693902006052,0.13900886750015418,11.382954060741776
429,85.85723815877252,0.5416666666666666,0.2,0.75,0.5,0.09788443117683716,0.6205521297677451,0.1416683839023478,0.13989505515307038,11.382954060741776
430,86.05737158105403,0.5416666666666666,0.2,0.75,0.5,0.09907506217846598,0.6171277292503039,0.14307214608498428,0.14072506248624633,11.382954060741776
431,86.25750500333555,0.5416666666666666,0.2,0.75,0.5,0.1002970158531011,0.6137278426908906,0.14447747941197822,0.1414976620440306,11.382954060741776
432,86.45763842561708,0.5416666666666666,0.2,0.75,0.5,0.10154999036567855,0.610354661679217,0.14588362168421712,0.1422117262708879,11.382954060741776
433,86.6577718478986,0.5416666666666666,0.2,0.75,0.5,0.10283365503969899,0.6070103194871995,0.1472897947333628,0.1428662307397393,11.382954060741776
434,86.85790527018011,0.5416666666666666,0.2,0.75,0.5,0.1041476489368599,0.6036968894285543,0.14869520447829768,0.14346025715628874,11.382954060741776
435,87.05803869246164,0.5416666666666666,0.2,0.75,0.5,0.10549158036732686,0.6004163801201677,0.1500990417853325,0.14399299772717344,11.382954060741776
436,87.25817211474316,0.5416666666666666,0.2,0.75,0.5,0.10686502450044782,0.5971707387296105,0.1515004816293288,0.14446375514061344,11.382954060741776
437,87.45830553702469,0.5416666666666666,0.2,0.75,0.5,0.10826752224115248,0.5939618498928181,0.15289868334970338,0.14487194451632657,11.382954060741776
438,87.6584389593062,0.5416666666666666,0.2,0.75,0.5,0.10969857912978825,0.5907915351885075,0.15429279090137799,0.14521709478032677,11.382954060741776
439,87.85857238158772,0.5416666666666666,0.2,0.75,0.5,0.11115766429237042,0.5876615520443526,0.155681933299417,0.1454988503638605,11.382954060741776
440,88.05870580386924,0.5416666666666666,0.2,0.75,0.5,0.1126442096275956,0.5845735903468867,0.15706522559371416,0.14571697443180395,11.382954060741776
441,88.25883922615077,0.5416666666666666,0.2,0.75,0.5,0.11415760861881169,0.5815292778693738,0.15844176837398968,0.1458713451378252,11.382954060741776
442,88.45897264843228,0.5416666666666666,0.2,0.75,0.5,0.11569721562440038,0.5785301793203572,0.15981064855267016,0.14596195650257263,11.382954060741776
443,88.6591060707138,0.5416666666666666,0.2,0.75,0.5,0.11726234520747399,0.5755777970258092,0.16117093998547424,0.145988917781243,11.382954060741776
444,88.85923949299533,0.5416666666666666,0.2,0.75,0.5,0.11885227163264242,0.5726735699435817,0.16252170431842533,0.14595245410535107,11.382954060741776
445,89.05937291527685,0.5416666666666666,0.2,0.75,0.5,0.12046622849459784,0.5698188728459319,0.16386199193677586,0.14585290672269494,11.382954060741776
446,89.25950633755836,0.5416666666666666,0.2,0.75,0.5,0.12210340833437715,0.5670150214626731,0.1651908425520519,0.1456907276508983,11.382954060741776
447,89.45963975983989,0.5416666666666666,0.2,0.75,0.5,0.12376296255176883,0.5642632720377259,0.16650728636769282,0.14546647904281299,11.382954060741776
448,89.65977318212141,0.5416666666666666,0.2,0.75,0.5,0.125444001427174,0.5615648226541574,0.16781034523081573,0.1451808306878534,11.382954060741776
449,89.85990660440294,0.5416666666666666,0.2,0.75,0.5,0.12714559393271352,0.558920812640486,0.16909903356128952,0.1448345598655115,11.382954060741776
450,90.06004002668445,0.5416666666666666,0.2,0.75,0.5,0.12886676808703448,0.5563323242406865,0.1703723597617667,0.14442854791051293,11.382954060741776
451,90.26017344896597,0.5416666666666666,0.2,0.75,0.5,0.13060651168299442,0.5538003855355089,0.17162932794862765,0.14396377483286957,11.382954060741776
452,90.4603068712475,0.5416666666666666,0.2,0.75,0.5,0.1323637727555742,0.5513259709955638,0.17286893941340983,0.1434413168354527,11.382954060741776
453,90.66044029352902,0.5416666666666666,0.2,0.75,0.5,0.13413746032949495,0.5489100028616473,0.17409019431318573,0.14286234249567262,11.382954060741776
454,90.86057371581053,0.5416666666666666,0.2,0.75,0.5,0.13592644438023427,0.546553351745172,0.17529209251817524,0.1422281113564192,11.382954060741776
455,91.06070713809206,0.5416666666666666,0.2,0.75,0.5,0.1377295574966608,0.5442568384888515,0.17647363614139924,0.14153996787308906,11.382954060741776
456,91.26084056037358,0.5416666666666666,0.2,0.75,0.5,0.1395455962615211,0.5420212356280752,0.1776338317349809,0.14079933637542333,11.382954060741776
457,91.4609739826551,0.5416666666666666,0.2,0.75,0.5,0.1413733223750703,0.5398472684555151,0.17877169217740416,0.140007716992011,11.382954060741776
458,91.66110740493662,0.5416666666666666,0.2,0.75,0.5,0.14321146400331852,0.5377356162871412,0.17988623869231213,0.13916668101722876,11.382954060741776
459,91.86124082721814,0.5416666666666666,0.2,0.75,0.5,0.14505871612391438,0.535686914292813,0.18097650145183883,0.13827786813143444,11.382954060741776
460,92.06137424949966,0.5416666666666666,0.2,0.75,0.5,0.14691374344825678,0.5337017539293449,0.18204152344954955,0.1373429791728493,11.382954060741776
461,92.26150767178119,0.5416666666666666,0.2,0.75,0.5,0.14877518209912957,0.5317806840436129,0.1830803626358108,0.13636377122144733,11.382954060741776
462,92.4616410940627,0.5416666666666666,0.2,0.75,0.5,0.15064164141416878,0.5299242118862331,0.18409209410806268,0.13534205259153603,11.382954060741776
463,92.66177451634422,0.5416666666666666,0.2,0.75,0.5,0.15251170568215472,0.5281328043676996,0.18507581211255753,0.13427967783758887,11.382954060741776
464,92.86190793862575,0.5416666666666666,0.2,0.75,0.5,0.15438393508900886,0.5264068903097641,0.18603063092627395,0.13317854367495385,11.382954060741776
465,93.06204136090727,0.5416666666666666,0.2,0.75,0.5,0.1562568694707267,0.5247468593722969,0.18695568921245753,0.1320405819445195,11.382954060741776
466,93.26217478318878,0.5416666666666666,0.2,0.75,0.5,0.15812903016349947,0.5231530632820982,0.18785015183005194,0.13086775472435108,11.382954060741776
467,93.46230820547031,0.5416666666666666,0.2,0.75,0.5,0.15999892232426632,0.5216258165094206,0.18871321212667452,0.12966204903963927,11.382954060741776
468,93.66244162775183,0.5416666666666666,0.2,0.75,0.5,0.16186503685833864,0.5201653976519925,0.18954409362432917,0.12842547186534034,11.382954060741776
469,93.86257505003336,0.5416666666666666,0.2,0.75,0.5,0.16372585224682612,0.5187720510088596,0.1903420514598881,0.12716004528442687,11.382954060741776
470,94.06270847231487,0.5416666666666666,0.2,0.75,0.5,0.1655798383128302,0.5174459850339618,0.1911063761302326,0.1258678005229761,11.382954060741776
471,94.26284189459639,0.5416666666666666,0.2,0.75,0.5,0.1674254582922071,0.5161873735311319,0.1918363949901941,0.12455077318646753,11.382954060741776
472,94.46297531687792,0.5416666666666666,0.2,0.75,0.5,0.16926117143009628,0.514996355986202,0.1925314742813498,0.1232109983023525,11.382954060741776
473,94.66310873915944,0.5416666666666666,0.2,0.75,0.5,0.1710854350750786,0.5138730390085159,0.19319102044030842,0.12185050547609771,11.382954060741776
474,94.86324216144095,0.5416666666666666,0.2,0.75,0.5,0.1728967073004341,0.5128174966016535,0.19381448190165637,0.12047131419625663,11.382954060741776
475,95.06337558372248,0.5416666666666666,0.2,0.75,0.5,0.17469345003960005,0.5118297692749038,0.19440135137741277,0.11907542930808421,11.382954060741776
476,95.263509006004,0.5416666666666666,0.2,0.75,0.5,0.176474131451846,0.5109098647923483,0.19495116708983104,0.11766483666597542,11.382954060741776
477,95.46364242828552,0.5416666666666666,0.2,0.75,0.5,0.17823722853563168,0.5100577583247937,0.1954635141719263,0.11624149896764911,11.382954060741776
478,95.66377585056703,0.5416666666666666,0.2,0.75,0.5,0.17998122940094471,0.5092733936325908,0.19593802592100135,0.11480735104546395,11.382954060741776
479,95.86390927284856,0.5416666666666666,0.2,0.75,0.5,0.18170463602560774,0.5085566825490274,0.19637438489561115,0.11336429652975447,11.382954060741776
480,96.06404269513008,0.5416666666666666,0.2,0.75,0.5,0.18340596688277405,0.5079075047497368,0.19677232384350932,0.11191420452398061,11.382954060741776
481,96.26417611741161,0.5416666666666666,0.2,0.75,0.5,0.18508375934756685,0.5073257080856092,0.19713162644916885,0.11045890611765584,11.382954060741776
482,96.46430953969312,0.5416666666666666,0.2,0.75,0.5,0.18673657215133405,0.5068111086693133,0.19745212797875833,0.10900019120059502,11.382954060741776
483,96.66444296197464,0.5416666666666666,0.2,0.75,0.5,0.18836298787250316,0.5063634914994373,0.19773371653051036,0.10753980409754994,11.382954060741776
484,96.86457638425617,0.5416666666666666,0.2,0.75,0.5,0.1899616151940831,0.5059826099377737,0.1979763325083106,0.10607944235983337,11.382954060741776
485,97.06470980653769,0.5416666666666666,0.2,0.75,0.5,0.19153109118805114,0.5056681857664264,0.1981799687333241,0.1046207543121992,11.382954060741776
486,97.2648432288192,0.5416666666666666,0.2,0.75,0.5,0.19307008353454747,0.5054199092846969,0.1983446704208671,0.1031653367598893,11.382954060741776
487,97.46497665110073,0.5416666666666666,0.2,0.75,0.5,0.19457729272000657,0.5052374393544058,0.19847053514052967,0.10171473278505876,11.382954060741776
488,97.66511007338225,0.5416666666666666,0.2,0.75,0.5,0.1960514543988443,0.5051204035830106,0.19855771365097902,0.1002704283671669,11.382954060741776
489,97.86524349566378,0.5416666666666666,0.2,0.75,0.5,0.19749134105850147,0.5050683981567342,0.19860640787558997,0.0988338529091751,11.382954060741776
490,98.06537691794529,0.5416666666666666,0.2,0.75,0.5,0.1988957640124131,0.5050809879207895,0.19861687051952903,0.09740637754726916,11.382954060741776
491,98.26551034022681,0.5416666666666666,0.2,0.75,0.5,0.2002635752424733,0.5051577064313744,0.19858940425146882,0.09598931407468433,11.382954060741776
492,98.46564376250834,0.5416666666666666,0.2,0.75,0.5,0.20159366938263987,0.5052980559080629,0.19852436137932533,0.09458391332997276,11.382954060741776
493,98.66577718478986,0.5416666666666666,0.2,0.75,0.5,0.2028849852387164,0.505501507338018,0.19842214228789654,0.0931913651353698,11.382954060741776
494,98.86591060707137,0.5416666666666666,0.2,0.75,0.5,0.20413650724801566,0.5057675005786416,0.19828319383806553,0.09181279833527801,11.382954060741776
495,99.0660440293529,0.5416666666666666,0.2,0.75,0.5,0.2053472669771593,0.5060954444221379,0.1981080080308378,0.09044928056986573,11.382954060741776
496,99.26617745163442,0.5416666666666666,0.2,0.75,0.5,0.20651634459307885,0.506484716675591,0.19789712095093503,0.08910181778039582,11.382954060741776
497,99.46631087391594,0.5416666666666666,0.2,0.75,0.5,0.20764287030968348,0.5069346642468118,0.1976511119442558,0.08777135349924961,11.382954060741776
498,99.66644429619745,0.5416666666666666,0.2,0.75,0.5,0.2087260251774343,0.5074446033653058,0.1973706004046479,0.08645877105261263,11.382954060741776
499,99.86657771847898,0.5416666666666666,0.2,0.75,0.5,0.20976504222936188,0.5080138197365747,0.19705624443077088,0.08516489360329318,11.382954060741776
500,100.0667111407605,0.5416666666666666,0.2,0.75,0.5,0.21075920741860574,0.5086415687423292,0.19670873894348617,0.08389048489557953,11.382954060741776
501,100.26684456304203,0.5416666666666666,0.2,0.75,0.5,0.21170786074665515,0.5093270755842505,0.19632881442405498,0.08263624924504007,11.382954060741776
502,100.46697798532354,0.5416666666666666,0.2,0.75,0.5,0.21261039666742304,0.5100695356346734,0.19591723416820014,0.08140283352970419,11.382954060741776
503,100.66711140760506,0.5416666666666666,0.2,0.75,0.5,0.21346626468093835,0.5108681147349097,0.19547479219403804,0.08019082839011468,11.382954060741776
504,100.86724482988659,0.5416666666666666,0.2,0.75,0.5,0.2142749698273823,0.5117219495254498,0.19500231114459407,0.07900076950257458,11.382954060741776
505,101.06737825216811,0.5416666666666666,0.2,0.75,0.5,0.2150360733720382,0.5126301476709387,0.19450064048541021,0.07783313847161369,11.382954060741776
506,101.26751167444962,0.5416666666666666,0.2,0.75,0.5,0.2157491930802325,0.513591788252136,0.19397065430266586,0.07668836436496632,11.382954060741776
507,101.46764509673115,0.5416666666666666,0.2,0.75,0.5,0.2164140030595135,0.514605922336106,0.1934132486838634,0.07556682592051778,11.382954060741776
508,101.66777851901267,0.5416666666666666,0.2,0.75,0.5,0.21703023395048013,0.5156715733818273,0.19282933966640123,0.07446885300129195,11.382954060741776
509,101.8679119412942,0.5416666666666666,0.2,0.75,0.5,0.21759767288313644,0.5167877377434515,0.1922198610888199,0.07339472828459277,11.382954060741776
510,102.0680453635757,0.5416666666666666,0.2,0.75,0.5,0.21811616340683687,0.5179533851882907,0.19158576270544114,0.072344688699432,11.382954060741776
511,102.26817878585723,0.5416666666666666,0.2,0.75,0.5,0.21858560505486066,0.5191674595380752,0.190928007642431,0.07131892776463389,11.382954060741776
512,102.46831220813876,0.5416666666666666,0.2,0.75,0.5,0.21900595296870148,0.5204288793005252,0.1902475703798839,0.07031759735089023,11.382954060741776
513,102.66844563042028,0.5416666666666666,0.2,0.75,0.5,0.21937721739315064,0.5217365383486782,0.18954543468443974,0.0693408095737323,11.382954060741776
514,102.8685790527018,0.5416666666666666,0.2,0.75,0.5,0.219699463572414,0.5230893063921381,0.18882259132798493,0.0683886387074638,11.382954060741776
515,103.06871247498331,0.5416666666666666,0.2,0.75,0.5,0.2199728107699435,0.5244860298722119,0.1880800362306953,0.06746112312715005,11.382954060741776
516,103.26884589726484,0.5416666666666666,0.2,0.75,0.5,0.22019743136825543,0.5259255328108338,0.18731876858304428,0.06655826723786734,11.382954060741776
517,103.46897931954636,0.5416666666666666,0.2,0.75,0.5,0.22037355010940837,0.5274066175846046,0.18653978892741008,0.06568004337857766,11.382954060741776
518,103.66911274182789,0.5416666666666666,0.2,0.75,0.5,0.22050144322463636,0.5289280657322298,0.1857440972230512,0.06482639382008332,11.382954060741776
519,103.8692461641094,0.5416666666666666,0.2,0.75,0.5,0.22058143748334505,0.5304886387843298,0.18493269089126047,0.06399723284106543,11.382954060741776
520,104.06937958639092,0.5416666666666666,0.2,0.75,0.5,0.2206139089047911,0.5320870793312203,0.18410656357504043,0.06319244818894892,11.382954060741776
521,104.26951300867245,0.5416666666666666,0.2,0.75,0.5,0.22059928160165024,0.53372211194644,0.18326670336020268,0.0624119030917079,11.382954060741776
522,104.46964643095397,0.5416666666666666,0.2,0.75,0.5,0.22053802653930102,0.5353924441758999,0.18241409127793437,0.06165543800686557,11.382954060741776
523,104.66977985323548,0.5416666666666666,0.2,0.75,0.5,0.22043066050193275,0.537096767365015,0.18154969931406498,0.06092287281898814,11.382954060741776
524,104.869913275517,0.5416666666666666,0.2,0.75,0.5,0.22027774440088585,0.5388337579141779,0.18067448960999524,0.06021400807494194,11.382954060741776
525,105.07004669779853,0.5416666666666666,0.2,0.75,0.5,0.22007988182229893,0.5406020783610904,0.1797894131940075,0.05952862662260398,11.382954060741776
526,105.27018012008006,0.5416666666666666,0.2,0.75,0.5,0.2198377175988682,0.5424003784307412,0.17889540863927755,0.05886649533111394,11.382954060741776
527,105.47031354236157,0.5416666666666666,0.2,0.75,0.5,0.21955193649828136,0.5442272959857363,0.1779934004739005,0.05822736704208271,11.382954060741776
528,105.67044696464309,0.5416666666666666,0.2,0.75,0.5,0.2192232612423191,0.5460814584359494,0.17708429881854415,0.05761098150318825,11.382954060741776
529,105.87058038692462,0.5416666666666666,0.2,0.75,0.5,0.21885245088808805,0.5479614838756803,0.17616899831637747,0.05701706691985502,11.382954060741776
530,106.07071380920614,0.5416666666666666,0.2,0.75,0.5,0.21844029936751885,0.5498659821355547,0.17524837704430357,0.05644534145262375,11.382954060741776
531,106.27084723148765,0.5416666666666666,0.2,0.75,0.5,0.2179876340479133,0.5517935558182838,0.17432329545978398,0.05589551467401986,11.382954060741776
532,106.47098065376917,0.5416666666666666,0.2,0.75,0.5,0.2174953133491518,0.5537428018639642,0.17339459619567885,0.055367288591206244,11.382954060741776
533,106.6711140760507,0.5416666666666666,0.2,0.75,0.5,0.2169642251086079,0.5557123126847309,0.17246310325501196,0.05486035895165034,11.382954060741776
534,106.87124749833222,0.5416666666666666,0.2,0.75,0.5,0.2163952852408096,0.5577006771550984,0.17152962136068015,0.05437441624341302,11.382954060741776
535,107.07138092061373,0.5416666666666666,0.2,0.75,0.5,0.2157894358752008,0.5597064818681525,0.1705949354849716,0.053909146771676145,11.382954060741776
536,107.27151434289526,0.5416666666666666,0.2,0.75,0.5,0.21514764304140208,0.5617283126216089,0.16965981054250343,0.05346423379448666,11.382954060741776
537,107.47164776517678,0.5416666666666666,0.2,0.75,0.5,0.21447089498972313,0.5637647555725874,0.16872499102698774,0.053039358410702654,11.382954060741776
538,107.67178118745831,0.5416666666666666,0.2,0.75,0.5,0.2137602010172452,0.5658143981175122,0.16779120048957136,0.05263420037567211,11.382954060741776
539,107.87191460973982,0.5416666666666666,0.2,0.75,0.5,0.21301658919990848,0.5678758303479735,0.16685914149570885,0.052248438956410036,11.382954060741776
540,108.07204803202134,0.5416666666666666,0.2,0.75,0.5,0.21224110433037807,0.5699476463935955,0.1659294955725588,0.05188175370346845,11.382954060741776
541,108.27218145430287,0.5416666666666666,0.2,0.75,0.5,0.21143480626570432,0.5720284455389779,0.16500292305393346,0.05153382514138523,11.382954060741776
542,108.47231487658439,0.5416666666666666,0.2,0.75,0.5,0.21059876882797732,0.5741168330066697,0.16408006265915473,0.05120433550619921,11.382954060741776
543,108.6724482988659,0.5416666666666666,0.2,0.75,0.5,0.209734077334981,0.5762114215316683,0.16316153189087337,0.050892969242478305,11.382954060741776
544,108.87258172114743,0.5416666666666666,0.2,0.75,0.5,0.2088418268432217,0.5783108325169092,0.1622479271050391,0.050599413534831036,11.382954060741776
545,109.07271514342895,0.5416666666666666,0.2,0.75,0.5,0.20792312059987772,0.5804136970557833,0.16133982350300996,0.05032335884133012,11.382954060741776
546,109.27284856571048,0.5416666666666666,0.2,0.75,0.5,0.2069790688822866,0.5825186567065975,0.16043777490114403,0.05006449950997286,11.382954060741776
547,109.47298198799199,0.5416666666666666,0.2,0.75,0.5,0.20601078661673522,0.5846243650179525,0.15954231442711048,0.049822533938202886,11.382954060741776
548,109.67311541027351,0.5416666666666666,0.2,0.75,0.5,0.205019391874291,0.5867294885060866,0.1586539546606966,0.04959716495892675,11.382954060741776
549,109.87324883255503,0.5416666666666666,0.2,0.75,0.5,0.20400600452894224,0.5888327075237544,0.1577731876816486,0.04938810026565591,11.382954060741776
550,110.07338225483656,0.5416666666666666,0.2,0.75,0.5,0.20297174502915954,0.5909327170525824,0.15690048508275012,0.04919505283550897,11.382954060741776
551,110.27351567711807,0.5416666666666666,0.2,0.75,0.5,0.20191773226477908,0.5930282280600082,0.15603629881835748,0.04901774085685629,11.382954060741776
552,110.4736490993996,0.5416666666666666,0.2,0.75,0.5,0.2008450822821773,0.5951179683174602,0.15518106139745724,0.048855888002906335,11.382954060741776
553,110.67378252168112,0.5416666666666666,0.2,0.75,0.5,0.1997549071860621,0.5972006830877004,0.1543351859278597,0.04870922379837897,11.382954060741776
554,110.87391594396264,0.5416666666666666,0.2,0.75,0.5,0.19864831377299236,0.5992751359828721,0.1534990664985014,0.048577483745635204,11.382954060741776
555,111.07404936624415,0.5416666666666666,0.2,0.75,0.5,0.19752640188771847,0.6013401099991829,0.15267307890955464,0.04846040920354515,11.382954060741776
556,111.27418278852568,0.5416666666666666,0.2,0.75,0.5,0.19639026328478568,0.6033944082176981,0.1518575809640543,0.048357747533462975,11.382954060741776
557,111.4743162108072,0.5416666666666666,0.2,0.75,0.5,0.19524098073840943,0.6054368543376405,0.1510529125113012,0.048269252412649954,11.382954060741776
558,111.67444963308873,0.5416666666666666,0.2,0.75,0.5,0.19407962670183318,0.6074662935012396,0.15025939610832065,0.04819468368860766,11.382954060741776
559,111.87458305537024,0.5416666666666666,0.2,0.75,0.5,0.1929072621007463,0.6094815930265607,0.14947733759823395,0.048133807274460226,11.382954060741776
560,112.07471647765176,0.5416666666666666,0.2,0.75,0.5,0.19172493537292853,0.6114816429753294,0.1487070264612117,0.04808639519053154,11.382954060741776
561,112.27484989993329,0.5416666666666666,0.2,0.75,0.5,0.190533681724871,0.6134653565794281,0.14794873590194524,0.048052225793756696,11.382954060741776
562,112.47498332221481,0.5416666666666666,0.2,0.75,0.5,0.18933452198647135,0.6154316709176637,0.14720272364605674,0.048031083449809366,11.382954060741776
563,112.67511674449632,0.5416666666666666,0.2,0.75,0.5,0.1881284617483656,0.6173795474079709,0.14646923239666784,0.04802275844699687,11.382954060741776
564,112.87525016677785,0.5416666666666666,0.2,0.75,0.5,0.18691649060179122,0.61930797223227,0.14574849019612773,0.048027046969812186,11.382954060741776
565,113.07538358905937,0.5416666666666666,0.2,0.75,0.5,0.18569958149672777,0.6212159566893499,0.14504071060963597,0.04804375120428747,11.382954060741776
566,113.2755170113409,0.5416666666666666,0.2,0.75,0.5,0.18447868991367086,0.623102537640535,0.14434609351374642,0.04807267893204878,11.382954060741776
567,113.4756504336224,0.5416666666666666,0.2,0.75,0.5,0.18325475325706864,0.624966777824122,0.14366482547784146,0.048113643440969044,11.382954060741776
568,113.67578385590393,0.5416666666666666,0.2,0.75,0.5,0.1820286902863137,0.6268077661503338,0.1429970801009735,0.048166463462380016,11.382954060741776
569,113.87591727818545,0.5416666666666666,0.2,0.75,0.5,0.1808014006005281,0.6286246179631069,0.14234301830591295,0.04823096313045315,11.382954060741776
570,114.07605070046698,0.5416666666666666,0.2,0.75,0.5,0.17957376414832588,0.6304164752433464,0.1417027890253835,0.04830697158294532,11.382954060741776
571,114.27618412274849,0.5416666666666666,0.2,0.75,0.5,0.17834664081955362,0.6321825067891957,0.14107652954916844,0.048394322842083184,11.382954060741776
572,114.47631754503001,0.5416666666666666,0.2,0.75,0.5,0.1771208700278663,0.6339219084176216,0.14046436581653077,0.04849285573798229,11.382954060741776
573,114.67645096731154,0.5416666666666666,0.2,0.75,0.5,0.1758972703906463,0.6356339030793142,0.1398664128135313,0.048602413716509134,11.382954060741776
574,114.87658438959306,0.5416666666666666,0.2,0.75,0.5,0.17467663951818424,0.6373177408738866,0.13928277510127562,0.04872284450665449,11.382954060741776
575,115.07671781187457,0.5416666666666666,0.2,0.75,0.5,0.17345975377650855,0.6389726991165063,0.13871354715277537,0.04885399995421056,11.382954060741776
576,115.2768512341561,0.5416666666666666,0.2,0.75,0.5,0.1722473679775049,0.640598082482002,0.13815881361529178,0.048995735925202163,11.382954060741776
577,115.47698465643762,0.5416666666666666,0.2,0.75,0.5,0.17104021532565986,0.6421932229203777,0.13761864974069665,0.04914791201326662,11.382954060741776
578,115.67711807871915,0.5416666666666666,0.2,0.75,0.5,0.16983900738596316,0.643757479565546,0.13709312178405736,0.04931039126443435,11.382954060741776
579,115.87725150100066,0.5416666666666666,0.2,0.75,0.5,0.16864443400061577,0.6452902387041951,0.1365822873195638,0.0494830399756261,11.382954060741776
580,116.07738492328218,0.5416666666666666,0.2,0.75,0.5,0.1674571630769525,0.6467909138681862,0.13608619549053322,0.0496657275643289,11.382954060741776
581,116.2775183455637,0.5416666666666666,0.2,0.75,0.5,0.16627784080793914,0.6482589455524117,0.1356048874081849,0.04985832623146509,11.382954060741776
582,116.47765176784523,0.5416666666666666,0.2,0.75,0.5,0.1651070917473509,0.6496938010725669,0.13513839646357703,0.05006071071650593,11.382954060741776
583,116.67778519012674,0.5416666666666666,0.2,0.75,0.5,0.1639455188463509,0.6510949744657369,0.13468674860960345,0.050272758078309505,11.382954060741776
584,116.87791861240827,0.5416666666666666,0.2,0.75,0.5,0.1627937033617444,0.6524619865091963,0.13424996260510985,0.0504943475239502,11.382954060741776
585,117.07805203468979,0.5416666666666666,0.2,0.75,0.5,0.16165220529784888,0.6537943842907906,0.13382805034618667,0.050725360065174495,11.382954060741776
586,117.27818545697131,0.5416666666666666,0.2,0.75,0.5,0.16052156355222713,0.6550917410422576,0.133421017120994,0.050965678284521934,11.382954060741776
587,117.47831887925283,0.5416666666666666,0.2,0.75,0.5,0.15940229602466138,0.6563536560094264,0.13302886185440657,0.05121518611150638,11.382954060741776
588,117.67845230153435,0.5416666666666666,0.2,0.75,0.5,0.15829489969482727,0.6575797543558446,0.1326515773385217,0.051473768610807186,11.382954060741776
589,117.87858572381587,0.5416666666666666,0.2,0.75,0.5,0.15719985118468063,0.6587696866728796,0.13228915048755313,0.05174131165488741,11.382954060741776
590,118.0787191460974,0.5416666666666666,0.2,0.75,0.5,0.1561176069728717,0.659923128786039,0.13194156255197778,0.052017701689112336,11.382954060741776
591,118.27885256837891,0.5416666666666666,0.2,0.75,0.5,0.15504860350547084,0.6610397816472691,0.13160878932954748,0.052302825517713446,11.382954060741776
592,118.47898599066043,0.5416666666666666,0.2,0.75,0.5,0.15399325753574966,0.662119371051931,0.131290801365606,0.0525965700467141,11.382954060741776
593,118.67911941294196,0.5416666666666666,0.2,0.75,0.5,0.15295196664844216,0.6631616472159871,0.13098756414248552,0.05289882199308592,11.382954060741776
594,118.87925283522348,0.5416666666666666,0.2,0.75,0.5,0.1519251095518457,0.6641663845436634,0.13069903825926718,0.05320946764522448,11.382954060741776
595,119.07938625750499,0.5416666666666666,0.2,0.75,0.5,0.15091304601789587,0.6651333816577147,0.1304251796291881,0.05352839269520207,11.382954060741776
596,119.27951967978652,0.5416666666666666,0.2,0.75,0.5,0.14991611765819954,0.6660624608151196,0.13016593961516273,0.053855481911518926,11.382954060741776
597,119.47965310206804,0.5416666666666666,0.2,0.75,0.5,0.1489346484610177,0.6669534675054731,0.12992126517125527,0.054190618862254625,11.382954060741776
598,119.67978652434957,0.5416666666666666,0.2,0.75,0.5,0.1479689451003873,0.667806270223874,0.12969109898928807,0.05453368568645128,11.382954060741776
599,119.87991994663108,0.5416666666666666,0.2,0.75,0.5,0.14701929739393788,0.6686207601391592,0.12947537962667796,0.054884562840225574,11.382954060741776
600,120.0800533689126,0.5416666666666666,0.2,0.75,0.5,0.1460859787757205,0.6693968507567127,0.12927404162384118,0.05524312884372608,11.382954060741776
601,120.28018679119413,0.5416666666666666,0.2,0.75,0.5,0.14516924614046164,0.6701344780263131,0.12908701568279254,0.05560926015043307,11.382954060741776
602,120.48032021347565,0.5416666666666666,0.2,0.75,0.5,0.1442693395755715,0.670833600533945,0.12891422884910336,0.05598283104138048,11.382954060741776
603,120.68045363575716,0.5416666666666666,0.2,0.75,0.5,0.1433864844801092,0.6714941980291743,0.12875560441807588,0.0563637130726409,11.382954060741776
604,120.88058705803869,0.5416666666666666,0.2,0.75,0.5,0.1425208912482185,0.6721162716623371,0.1286110621031667,0.05675177498627788,11.382954060741776
605,121.08072048032021,0.5416666666666666,0.2,0.75,0.5,0.14167275562323728,0.6726998437584507,0.12848051811976868,0.0571468824985435,11.382954060741776
606,121.28085390260173,0.5416666666666666,0.2,0.75,0.5,0.14084225906377607,0.673244957588889,0.1283638852576629,0.057548898089672056,11.382954060741776
607,121.48098732488324,0.5416666666666666,0.2,0.75,0.5,0.14002956919424078,0.6737516770530432,0.12826107296089426,0.057957680791821946,11.382954060741776
608,121.68112074716477,0.5416666666666666,0.2,0.75,0.5,0.13923484118351995,0.6742200853678285,0.12817198754724915,0.05837308590140247,11.382954060741776
609,121.8812541694463,0.5416666666666666,0.2,0.75,0.5,0.1384582169726371,0.6746502860532694,0.1280965320876027,0.05879496488649081,11.382954060741776
610,122.08138759172782,0.5416666666666666,0.2,0.75,0.5,0.13769982573745967,0.6750424025963273,0.1280346064738812,0.05922316519233166,11.382954060741776
611,122.28152101400933,0.5416666666666666,0.2,0.75,0.5,0.1369597844159923,0.6753965780423484,0.1279861074936384,0.05965753004802054,11.382954060741776
612,122.48165443629085,0.5416666666666666,0.2,0.75,0.5,0.13623819803725035,0.6757129747941689,0.12795092887079187,0.06009789829778828,11.382954060741776
613,122.68178785857238,0.5416666666666666,0.2,0.75,0.5,0.1355351600283729,0.675991774429282,0.12792896130064776,0.06054410424169661,11.382954060741776
614,122.8819212808539,0.5416666666666666,0.2,0.75,0.5,0.13485075361547033,0.6762331764971579,0.1279200924973008,0.0609959773900704,11.382954060741776
615,123.08205470313541,0.5416666666666666,0.2,0.75,0.5,0.13418505216582097,0.6764373982976939,0.12792420721925232,0.06145334231723214,11.382954060741776
616,123.28218812541694,0.5416666666666666,0.2,0.75,0.5,0.13353811810221788,0.676604675983544,0.12794118726759776,0.06191601864663966,11.382954060741776
617,123.48232154769846,0.5416666666666666,0.2,0.75,0.5,0.13291000398380018,0.6767352636432821,0.12797091151449963,0.06238382085841741,11.382954060741776
618,123.68245496997999,0.5416666666666666,0.2,0.75,0.5,0.13230075283247125,0.6768294330810382,0.12801325591550253,0.06285655817098729,11.382954060741776
619,123.8825883922615,0.5416666666666666,0.2,0.75,0.5,0.13171039844296506,0.6768874736056838,0.1280680935177439,0.06333403443360648,11.382954060741776
620,124.08272181454302,0.5416666666666666,0.2,0.75,0.5,0.13113896580449716,0.6769096916695051,0.12813529449600614,0.06381604802999097,11.382954060741776
621,124.28285523682455,0.5416666666666666,0.2,0.75,0.5,0.13058647196267473,0.6768964099465034,0.12821472629796768,0.06430239179285357,11.382954060741776
622,124.48298865910607,0.5416666666666666,0.2,0.75,0.5,0.13005292550619904,0.6768479681078654,0.1283062534528106,0.06479285293312434,11.382954060741776
623,124.68312208138758,0.5416666666666666,0.2,0.75,0.5,0.12953832706254736,0.676764722327595,0.12840973762994995,0.06528721297990711,11.382954060741776
624,124.8832555036691,0.5416666666666666,0.2,0.75,0.5,0.129042669626289,0.6766470449807549,0.12852503765918943,0.06578524773376611,11.382954060741776
625,125.08338892595063,0.5416666666666666,0.2,0.75,0.5,0.12856593881195788,0.6764953244189876,0.12865200953544778,0.06628672723360607,11.382954060741776
626,125.28352234823215,0.5416666666666666,0.2,0.75,0.5,0.12810811309819886,0.6763099647414899,0.12879050642101444,0.06679141573929623,11.382954060741776
627,125.48365577051366,0.5416666666666666,0.2,0.75,0.5,0.127669164628781,0.6760913849978706,0.1289403785233139,0.06729907185003382,11.382954060741776
628,125.68378919279519,0.5416666666666666,0.2,0.75,0.5,0.12724905909070136,0.6758400192946329,0.12910147316792844,0.06780944844673666,11.382954060741776
629,125.88392261507671,0.5416666666666666,0.2,0.75,0.5,0.1268477556648905,0.675556316813904,0.12927363485200344,0.06832229266920127,11.382954060741776
630,126.08405603735824,0.5416666666666666,0.2,0.75,0.5,0.12646520745362755,0.6752407413415394,0.12945670519089225,0.06883734601394004,11.382954060741776
631,126.28418945963975,0.5416666666666666,0.2,0.75,0.5,0.12610136168122615,0.6748937710038155,0.12965052291011375,0.0693543444048438,11.382954060741776
632,126.48432288192127,0.5416666666666666,0.2,0.75,0.5,0.1257561598797836,0.6745158980012065,0.12985492383701766,0.06987301828199151,11.382954060741776
633,126.6844563042028,0.5416666666666666,0.2,0.75,0.5,0.12542953818465352,0.6741076282344146,0.1300697409028878,0.07039309267804328,11.382954060741776
634,126.88458972648432,0.5416666666666666,0.2,0.75,0.5,0.1251214277353225,0.6736694808255809,0.13029480415540423,0.07091428728369162,11.382954060741776
635,127.08472314876583,0.5416666666666666,0.2,0.75,0.5,0.1248317543908567,0.6732019881946794,0.1305299407154568,0.07143631669900644,11.382954060741776
636,127.28485657104736,0.5416666666666666,0.2,0.75,0.5,0.12456043904547563,0.6727056956164192,0.13077497478634817,0.07195889055175625,11.382954060741776
637,127.48498999332888,0.5416666666666666,0.2,0.75,0.5,0.12430739777866538,0.6721811608965672,0.13102972765149642,0.07248171367327033,11.382954060741776
638,127.6851234156104,0.5416666666666666,0.2,0.75,0.5,0.12407254197875359,0.6716289540509464,0.13129401767256269,0.07300448629773673,11.382954060741776
639,127.88525683789192,0.5416666666666666,0.2,0.75,0.5,0.12385577845762126,0.6710496569473844,0.1315676603073743,0.0735269042876194,11.382954060741776
640,128.08539026017345,0.5416666666666666,0.2,0.75,0.5,0.12365700979878684,0.6704438631071646,0.13185046805137496,0.07404865904267288,11.382954060741776
641,128.28552368245496,0.5416666666666666,0.2,0.75,0.5,0.12347613417665743,0.6698121771047619,0.132142250570408,0.07456943814817191,11.382954060741776
642,128.48565710473648,0.5416666666666666,0.2,0.75,0.5,0.12331304548694784,0.6691552144248445,0.13244281458222515,0.0750889255059818,11.382954060741776
643,128.685790527018,0.5416666666666666,0.2,0.75,0.5,0.12316763344220036,0.6684736010170128,0.1327519639178153,0.07560680162297072,11.382954060741776
644,128.88592394929952,0.5416666666666666,0.2,0.75,0.5,0.12303978363010543,0.6677679729204484,0.13306949953410033,0.07612274391534496,11.382954060741776
645,129.08605737158106,0.5416666666666666,0.2,0.75,0.5,0.12292937755840885,0.6670389758758961,0.1333952195310165,0.07663642703467757,11.382954060741776
646,129.28619079386257,0.5416666666666666,0.2,0.75,0.5,0.12283629296819207,0.6662872649454734,0.13372891907340434,0.0771475230129292,11.382954060741776
647,129.48632421614408,0.5416666666666666,0.2,0.75,0.5,0.1227604039876675,0.6655135041091931,0.1340703903689015,0.07765570153423695,11.382954060741776
648,129.68645763842562,0.5416666666666666,0.2,0.75,0.5,0.12270158062258346,0.6647183658015668,0.13441942287990136,0.0781606306959473,11.382954060741776
649,129.88659106070713,0.5416666666666666,0.2,0.75,0.5,0.12265968902514725,0.6639025304931235,0.13477580326005192,0.07866197722167628,11.382954060741776
650,130.08672448298864,0.5416666666666666,0.2,0.75,0.5,0.1226345915040704,0.6630666862414154,0.13513931538187898,0.07915940687263424,11.382954060741776
651,130.28685790527018,0.5416666666666666,0.2,0.75,0.5,0.12262614652063382,0.6622115282293212,0.13550974036899377,0.07965258488105022,11.382954060741776
652,130.4869913275517,0.5416666666666666,0.2,0.75,0.5,0.12263420884068944,0.6613377584850106,0.1358868566047847,0.08014117606951425,11.382954060741776
653,130.68712474983323,0.5416666666666666,0.2,0.75,0.5,0.12265862973348964,0.6604460856569506,0.1362704397353201,0.08062484487423865,11.382954060741776
654,130.88725817211474,0.5416666666666666,0.2,0.75,0.5,0.12269925645235431,0.6595372239562025,0.13666026279074833,0.08110325680069384,11.382954060741776
655,131.08739159439625,0.5416666666666666,0.2,0.75,0.5,0.12275593240754437,0.658611892902708,0.13705609619605538,0.08157607849369125,11.382954060741776
656,131.2875250166778,0.5416666666666666,0.2,0.75,0.5,0.12282849713824547,0.657670816839149,0.13745770781627908,0.08204297820632553,11.382954060741776
657,131.4876584389593,0.5416666666666666,0.2,0.75,0.5,0.12291678626529676,0.656714724423163,0.1378648630066704,0.0825036263048689,11.382954060741776
658,131.6877918612408,0.5416666666666666,0.2,0.75,0.5,0.1230206316118036,0.6557443482697987,0.1382773246644305,0.08295769545396621,11.382954060741776
659,131.88792528352235,0.5416666666666666,0.2,0.75,0.5,0.12313986159869432,0.654760424841166,0.13869485328091766,0.08340486027922092,11.382954060741776
660,132.08805870580386,0.5416666666666666,0.2,0.75,0.5,0.12327430040688646,0.6537636932173546,0.1391172070098828,0.08384479936587497,11.382954060741776
661,132.2881921280854,0.5416666666666666,0.2,0.75,0.5,0.12342376818874731,0.6527548948157841,0.13954414172818913,0.08427719526727835,11.382954060741776
662,132.4883255503669,0.5416666666666666,0.2,0.75,0.5,0.12358808103883955,0.6517347728907765,0.13997541110232045,0.08470173496806233,11.382954060741776
663,132.68845897264842,0.5416666666666666,0.2,0.75,0.5,0.1237670509248081,0.6507040719952403,0.1404107666586081,0.08511811042134235,11.382954060741776
664,132.88859239492996,0.5416666666666666,0.2,0.75,0.5,0.12396048574159715,0.649663537566203,0.14084995787709179,0.08552601881510691,11.382954060741776
665,133.08872581721147,0.5416666666666666,0.2,0.75,0.5,0.12416818982255642,0.6486139159718683,0.14129273236069165,0.0859251618448824,11.382954060741776
666,133.28885923949298,0.5416666666666666,0.2,0.75,0.5,0.12438996302830523,0.6475559531178781,0.1417388357885656,0.08631524806525001,11.382954060741776
667,133.48899266177452,0.5416666666666666,0.2,0.75,0.5,0.12462560090303866,0.646490394133184,0.14218801203936832,0.0866959929244079,11.382954060741776
668,133.68912608405603,0.5416666666666666,0.2,0.75,0.5,0.12487489466848334,0.6454179828905647,0.14264000329388482,0.08706711914706596,11.382954060741776
669,133.88925950633757,0.5416666666666666,0.2,0.75,0.5,0.1251376311502636,0.6443394614577125,0.1430945501317211,0.08742835726030171,11.382954060741776
670,134.08939292861908,0.5416666666666666,0.2,0.75,0.5,0.12541359277937136,0.6432555696636988,0.14355139164957814,0.08777944590735062,11.382954060741776
671,134.2895263509006,0.5416666666666666,0.2,0.75,0.5,0.12570255814011866,0.6421670454960873,0.14401026570613346,0.08812013065765947,11.382954060741776
672,134.48965977318213,0.5416666666666666,0.2,0.75,0.5,0.1260043011401708,0.6410746234085973,0.14447090886477854,0.0884501665864522,11.382954060741776
673,134.68979319546364,0.5416666666666666,0.2,0.75,0.5,0.12631859106913695,0.6399790339784839,0.14493305653917576,0.0887693184132022,11.382954060741776
674,134.88992661774515,0.5416666666666666,0.2,0.75,0.5,0.12664519263263127,0.6388810035281073,0.14539644313820246,0.08907736070105775,11.382954060741776
675,135.09006004002669,0.5416666666666666,0.2,0.75,0.5,0.12698386588875882,0.637781253599856,0.14586080219400732,0.08937407831737655,11.382954060741776
676,135.2901934623082,0.5416666666666666,0.2,0.75,0.5,0.1273343662338755,0.6366805005029521,0.14632586649759277,0.08965926676557835,11.382954060741776
677,135.49032688458973,0.5416666666666666,0.2,0.75,0.5,0.12769644508805028,0.6355794558647866,0.1467913682819614,0.08993273076520045,11.382954060741776
678,135.69046030687124,0.5416666666666666,0.2,0.75,0.5,0.12806984908272384,0.6344788250357796,0.1472570393175571,0.09019428656393823,11.382954060741776
679,135.89059372915276,0.5416666666666666,0.2,0.75,0.5,0.12845432001630136,0.6333793065966068,0.14772261105947043,0.09044376232762022,11.382954060741776
680,136.0907271514343,0.5416666666666666,0.2,0.75,0.5,0.12884959498172244,0.6322815921132552,0.1481878148097225,0.09068099809529866,11.382954060741776
681,136.2908605737158,0.5416666666666666,0.2,0.75,0.5,0.12925540633515553,0.6311863656654941,0.14865238187426255,0.09090584612508663,11.382954060741776
682,136.49099399599731,0.5416666666666666,0.2,0.75,0.5,0.12967148168653775,0.6300943034087603,0.14911604372455226,0.09111817118014862,11.382954060741776
683,136.69112741827885,0.5416666666666666,0.2,0.75,0.5,0.13009754455359726,0.6290060741159194,0.14957853216508318,0.09131784916539908,11.382954060741776
684,136.89126084056036,0.5416666666666666,0.2,0.75,0.5,0.1305333138061327,0.6279223379357739,0.1500395795028952,0.09150476875519704,11.382954060741776
685,137.0913942628419,0.5416666666666666,0.2,0.75,0.5,0.1309785034911872,0.6268437457146074,0.15049891872243537,0.09167883207176887,11.382954060741776
686,137.2915276851234,0.5416666666666666,0.2,0.75,0.5,0.13143282304943846,0.6257709388959936,0.15095628366577823,0.09183995438878859,11.382954060741776
687,137.49166110740492,0.5416666666666666,0.2,0.75,0.5,0.1318959773318554,0.624704549127178,0.15141140921696808,0.09198806432399728,11.382954060741776
688,137.69179452968646,0.5416666666666666,0.2,0.75,0.5,0.1323676666244124,0.6236451978779868,0.15186403149038927,0.09212310400721038,11.382954060741776
689,137.89192795196797,0.5416666666666666,0.2,0.75,0.5,0.13284758721078468,0.6225934967866724,0.15231388796016196,0.09224502804237979,11.382954060741776
690,138.09206137424948,0.5416666666666666,0.2,0.75,0.5,0.1333354311374499,0.6215500469321502,0.15276071768935187,0.09235380424104682,11.382954060741776
691,138.29219479653102,0.5416666666666666,0.2,0.75,0.5,0.13383088593839024,0.6205154380534338,0.1532042615689695,0.09244941443920524,11.382954060741776
692,138.49232821881253,0.5416666666666666,0.2,0.75,0.5,0.13433363493542172,0.6194902485467608,0.15364426249351862,0.09253185402429766,11.382954060741776
693,138.69246164109407,0.5416666666666666,0.2,0.75,0.5,0.13484335731485286,0.6184750451628389,0.15408046556812482,0.09260113195418221,11.382954060741776
694,138.89259506337558,0.5416666666666666,0.2,0.75,0.5,0.1353597282103828,0.6174703827141688,0.15451261831990765,0.09265727075553953,11.382954060741776
695,139.0927284856571,0.5416666666666666,0.2,0.75,0.5,0.1358824191523106,0.6164768041622585,0.1549404707713842,0.09270030591404545,11.382954060741776
696,139.29286190793863,0.5416666666666666,0.2,0.75,0.5,0.13641109814613353,0.61549484032786,0.15536377566695875,0.09273028585904647,11.382954060741776
697,139.49299533022014,0.5416666666666666,0.2,0.75,0.5,0.1369454293618332,0.6145250092050202,0.15578228885988504,0.09274727257326026,11.382954060741776
698,139.69312875250165,0.5416666666666666,0.2,0.75,0.5,0.13748507350254172,0.6135678159765682,0.15619576943760946,0.0927513410832792,11.382954060741776
699,139.8932621747832,0.5416666666666666,0.2,0.75,0.5,0.13802968794934475,0.6126237528033469,0.15660397994223998,0.09274257930506694,11.382954060741776
700,140.0933955970647,0.5416666666666666,0.2,0.75,0.5,0.138578926914405,0.611693298625655,0.15700668659443826,0.09272108786550028,11.382954060741776
701,140.29352901934624,0.5416666666666666,0.2,0.75,0.5,0.13913244175225747,0.6107769190925013,0.15740365934845166,0.09268697980678821,11.382954060741776
702,140.49366244162775,0.5416666666666666,0.2,0.75,0.5,0.13968988122229836,0.6098750664590036,0.1577946720162499,0.0926403803024468,11.382954060741776
703,140.69379586390926,0.5416666666666666,0.2,0.75,0.5,0.14025089136774246,0.6089881791937107,0.15817950284561347,0.09258142659293193,11.382954060741776
704,140.8939292861908,0.5416666666666666,0.2,0.75,0.5,0.14081511585883857,0.6081166819498641,0.15855793457744335,0.0925102676138526,11.382954060741776
705,141.0940627084723,0.5416666666666666,0.2,0.75,0.5,0.14138219620628983,0.6072609854423247,0.15892975466529244,0.09242706368609176,11.382954060741776
706,141.29419613075382,0.5416666666666666,0.2,0.75,0.5,0.14195177198200717,0.6064214863359493,0.15929475549946026,0.09233198618258195,11.382954060741776
707,141.49432955303536,0.5416666666666666,0.2,0.75,0.5,0.1425234810609806,0.6055985671182854,0.15965273444931294,0.09222521737141981,11.382954060741776
708,141.69446297531687,0.5416666666666666,0.2,0.75,0.5,0.1430969598789242,0.6047925959697699,0.16000349380812098,0.09210695034318368,11.382954060741776
709,141.8945963975984,0.5416666666666666,0.2,0.75,0.5,0.14367184364523589,0.6040039267806171,0.16034684159386198,0.09197738798028376,11.382954060741776
710,142.09472981987992,0.5416666666666666,0.2,0.75,0.5,0.14424776661782696,0.6032328990514689,0.16068259152558556,0.09183674280511733,11.382954060741776
711,142.29486324216143,0.5416666666666666,0.2,0.75,0.5,0.14482436237372825,0.6024798378408932,0.16101056321766785,0.09168523656770936,11.382954060741776
712,142.49499666444297,0.5416666666666666,0.2,0.75,0.5,0.14540126408843224,0.6017450537277542,0.16133058238755588,0.0915230997962564,11.382954060741776
713,142.69513008672448,0.5416666666666666,0.2,0.75,0.5,0.1459781047564591,0.6010288427106593,0.16164248090054353,0.09135057163233687,11.382954060741776
714,142.89526350900599,0.5416666666666666,0.2,0.75,0.5,0.14655451729209262,0.6003314859768493,0.16194609650579134,0.09116790022526546,11.382954060741776
715,143.09539693128752,0.5416666666666666,0.2,0.75,0.5,0.14713013515153264,0.5996532502508842,0.16224127379476327,0.09097534080281865,11.382954060741776
716,143.29553035356903,0.5416666666666666,0.2,0.75,0.5,0.14770459253189594,0.5989943876767644,0.16252786412663817,0.09077315566470026,11.382954060741776
717,143.49566377585057,0.5416666666666666,0.2,0.75,0.5,0.14827752466925778,0.5983551358119521,0.16280572576758506,0.09056161375120378,11.382954060741776
718,143.69579719813208,0.5416666666666666,0.2,0.75,0.5,0.1488485681603289,0.5977357176497655,0.16307472406385398,0.09034099012605025,11.382954060741776
719,143.8959306204136,0.5416666666666666,0.2,0.75,0.5,0.14941736119636925,0.5971363415868902,0.1633347314942471,0.09011156572249214,11.382954060741776
720,144.09606404269513,0.5416666666666666,0.2,0.75,0.5,0.14998354341776024,0.5965572011345139,0.16358562724334264,0.08987362820438194,11.382954060741776
721,144.29619746497664,0.5416666666666666,0.2,0.75,0.5,0.15054675690956087,0.5959984754237152,0.16382729816540673,0.08962746950131592,11.382954060741776
722,144.49633088725815,0.5416666666666666,0.2,0.75,0.5,0.15110664636694932,0.5954603291429627,0.16405963871462487,0.08937338577546182,11.382954060741776
723,144.6964643095397,0.5416666666666666,0.2,0.75,0.5,0.1516628593755055,0.5949429125607464,0.16428255100391032,0.08911167705983651,11.382954060741776
724,144.8965977318212,0.5416666666666666,0.2,0.75,0.5,0.1522150467527261,0.5944463615962924,0.16449594492635153,0.08884264672462863,11.382954060741776
725,145.09673115410274,0.5416666666666666,0.2,0.75,0.5,0.15276286281423776,0.5939707978589082,0.16469973820174252,0.0885666011251102,11.382954060741776
726,145.29686457638425,0.5416666666666666,0.2,0.75,0.5,0.15330596501026902,0.593516328373781,0.16489385587209873,0.0882838507438499,11.382954060741776
727,145.49699799866576,0.5416666666666666,0.2,0.75,0.5,0.15384401510608478,0.5930830461005206,0.1650782311127221,0.08799470768067114,11.382954060741776
728,145.6971314209473,0.5416666666666666,0.2,0.75,0.5,0.1543766794024574,0.5926710299700914,0.16525280520868882,0.08769948541876102,11.382954060741776
729,145.8972648432288,0.5416666666666666,0.2,0.75,0.5,0.1549036289533377,0.592280344927274,0.16541752751867758,0.08739849860070936,11.382954060741776
730,146.09739826551032,0.5416666666666666,0.2,0.75,0.5,0.15542453990263455,0.5919110420407013,0.16557235553082178,0.08709206252584091,11.382954060741776
731,146.29753168779186,0.5416666666666666,0.2,0.75,0.5,0.15593909377350998,0.5915631586029149,0.16571725488128464,0.08678049274228909,11.382954060741776
732,146.49766511007337,0.5416666666666666,0.2,0.75,0.5,0.1564469769635849,0.5912367179460882,0.16585219889535233,0.08646410619497323,11.382954060741776
733,146.6977985323549,0.5416666666666666,0.2,0.75,0.5,0.15694788189790337,0.5909317298743865,0.16597716909667729,0.08614321913103157,11.382954060741776
734,146.89793195463642,0.5416666666666666,0.2,0.75,0.5,0.1574415073835141,0.5906481908104173,0.1660921552365081,0.0858181465695592,11.382954060741776
735,147.09806537691793,0.5416666666666666,0.2,0.75,0.5,0.1579275587250338,0.5903860838613179,0.16619715517271222,0.08548920224093483,11.382954060741776
736,147.29819879919947,0.5416666666666666,0.2,0.75,0.5,0.1584057480316623,0.5901453789626622,0.16629217485240058,0.08515669815327372,11.382954060741776
737,147.49833222148098,0.5416666666666666,0.2,0.75,0.5,0.15887579450302924,0.5899260330242059,0.1663772282780897,0.08482094419467388,11.382954060741776
738,147.6984656437625,0.5416666666666666,0.2,0.75,0.5,0.15933742390246305,0.5897279898662036,0.16645233718698998,0.08448224904434212,11.382954060741776
739,147.89859906604403,0.5416666666666666,0.2,0.75,0.5,0.159790369469947,0.5895511805475344,0.16651753121297935,0.08414091876953797,11.382954060741776
740,148.09873248832554,0.5416666666666666,0.2,0.75,0.5,0.1602343724546652,0.589395523599767,0.1665728479093671,0.08379725603619943,11.382954060741776
741,148.29886591060708,0.5416666666666666,0.2,0.75,0.5,0.16066918210871908,0.5892609251248727,0.1666183325783194,0.08345156018808755,11.382954060741776
742,148.4989993328886,0.5416666666666666,0.2,0.75,0.5,0.16109455594190625,0.5891472789701176,0.16665403818025523,0.08310412690771955,11.382954060741776
743,148.6991327551701,0.5416666666666666,0.2,0.75,0.5,0.16151025996939566,0.5890544669087604,0.16668002523259975,0.08275524788924275,11.382954060741776
744,148.89926617745164,0.5416666666666666,0.2,0.75,0.5,0.16191606827841915,0.5889823586855099,0.16669636165127671,0.08240521138479287,11.382954060741776
745,149.09939959973315,0.5416666666666666,0.2,0.75,0.5,0.16231176356106922,0.5889308122714872,0.1667031226488842,0.08205430151855794,11.382954060741776
746,149.29953302201466,0.5416666666666666,0.2,0.75,0.5,0.16269713780012227,0.5888996741585116,0.16670039063330544,0.0817027974080594,11.382954060741776
747,149.4996664442962,0.5416666666666666,0.2,0.75,0.5,0.1630719921490142,0.5888887794920091,0.1666882550404205,0.08135097331855488,11.382954060741776
748,149.6997998665777,0.5416666666666666,0.2,0.75,0.5,0.16343613711707258,0.5888979522751084,0.16666681217778473,0.080999098430033,11.382954060741776
749,149.89993328885924,0.5416666666666666,0.2,0.75,0.5,0.16378939274804435,0.5889270055786249,0.16663616505769183,0.08064743661563765,11.382954060741776
750,150.10006671114076,0.5416666666666666,0.2,0.75,0.5,0.1641315883369631,0.5889757416701651,0.1665964233560954,0.08029624663677512,11.382954060741776
751,150.30020013342227,0.5416666666666666,0.2,0.75,0.5,0.16446256256780267,0.589043952230653,0.16654770323268087,0.07994578196886218,11.382954060741776
752,150.5003335557038,0.5416666666666666,0.2,0.75,0.5,0.16478216425673164,0.5891314186935283,0.16649012695664742,0.07959629009309144,11.382954060741776
753,150.70046697798531,0.5416666666666666,0.2,0.75,0.5,0.16509025214862127,0.5892379124105454,0.16642382280386114,0.07924801263697095,11.382954060741776
754,150.90060040026682,0.5416666666666666,0.2,0.75,0.5,0.1653866950212362,0.5893631948834246,0.16634892484908564,0.07890118524625234,11.382954060741776
755,151.10073382254836,0.5416666666666666,0.2,0.75,0.5,0.1656713717801945,0.5895070180009102,0.16626557274835524,0.07855603747053873,11.382954060741776
756,151.30086724482987,0.5416666666666666,0.2,0.75,0.5,0.16594417130156408,0.5896691242190195,0.166173911731814,0.07821279274760116,11.382954060741776
757,151.5010006671114,0.5416666666666666,0.2,0.75,0.5,0.16620499232226352,0.5898492467613126,0.16607409253483774,0.07787166838158491,11.382954060741776
758,151.70113408939292,0.5416666666666666,0.2,0.75,0.5,0.16645374403516777,0.5900471100073315,0.1659662706717819,0.07753287528571752,11.382954060741776
759,151.90126751167443,0.5416666666666666,0.2,0.75,0.5,0.1666903458770312,0.5902624296822122,0.1658506064232882,0.07719661801746706,11.382954060741776
760,152.10140093395597,0.5416666666666666,0.2,0.75,0.5,0.1669147275429176,0.5904949131120617,0.1657272645998312,0.07686309474518804,11.382954060741776
761,152.30153435623748,0.5416666666666666,0.2,0.75,0.5,0.1671268289942276,0.5907442594854821,0.16559641429270217,0.0765324972275867,11.382954060741776
762,152.501667778519,0.5416666666666666,0.2,0.75,0.5,0.16732660036637875,0.5910101600656565,0.16545822883965644,0.07620501072830697,11.382954060741776
763,152.70180120080053,0.5416666666666666,0.2,0.75,0.5,0.1675140017984513,0.591292298366619,0.16531288594936266,0.07588081388556574,11.382954060741776
764,152.90193462308204,0.5416666666666666,0.2,0.75,0.5,0.16768900370407838,0.591590350610753,0.1651605666845435,0.07556007900062377,11.382954060741776
765,153.10206804536358,0.5416666666666666,0.2,0.75,0.5,0.1678515866042346,0.591903985930636,0.16500145550541215,0.07524297195971598,11.382954060741776
766,153.3022014676451,0.5416666666666666,0.2,0.75,0.5,0.16800174105630727,0.5922328666414971,0.16483574003547352,0.07492965226672084,11.382954060741776
767,153.5023348899266,0.5416666666666666,0.2,0.75,0.5,0.16813946757883874,0.5925766485228603,0.164663610801593,0.07462027309670666,11.382954060741776
768,153.70246831220814,0.5416666666666666,0.2,0.75,0.5,0.16826477656569544,0.5929349810550598,0.16448526114533724,0.07431498123390626,11.382954060741776
769,153.90260173448965,0.5416666666666666,0.2,0.75,0.5,0.16837768819182547,0.5933075075509061,0.16430088751941183,0.07401391673785539,11.382954060741776
770,154.1027351567712,0.5416666666666666,0.2,0.75,0.5,0.1684782322921093,0.59369386569355,0.16411068833948686,0.07371721367485265,11.382954060741776
771,154.3028685790527,0.5416666666666666,0.2,0.75,0.5,0.16856644823986242,0.5940936877466937,0.16391486401882405,0.07342499999461861,11.382954060741776
772,154.5030020013342,0.5416666666666666,0.2,0.75,0.5,0.16864238481063923,0.594506600833681,0.16371361676600096,0.07313739758967759,11.382954060741776
773,154.70313542361575,0.5416666666666666,0.2,0.75,0.5,0.16870610003323197,0.5949322272331317,0.16350715033310168,0.07285452240053347,11.382954060741776
774,154.90326884589726,0.5416666666666666,0.2,0.75,0.5,0.1687576610688813,0.5953701846363739,0.16329566987551117,0.07257648441923252,11.382954060741776
775,155.10340226817877,0.5416666666666666,0.2,0.75,0.5,0.1687971442626594,0.595820086218535,0.1630793823298675,0.07230338718893697,11.382954060741776
776,155.3035356904603,0.5416666666666666,0.2,0.75,0.5,0.16882463466486583,0.5962815412458315,0.1628584953272274,0.07203532876207405,11.382954060741776
777,155.50366911274182,0.5416666666666666,0.2,0.75,0.5,0.16884022591352082,0.5967541553021082,0.16263321715792622,0.07177240162644359,11.382954060741776
778,155.70380253502336,0.5416666666666666,0.2,0.75,0.5,0.16884402006440008,0.5972375305601868,0.16240375662022355,0.07151469275518835,11.382954060741776
779,155.90393595730487,0.5416666666666666,0.2,0.75,0.5,0.16883612738250695,0.597731266083725,0.16217032279197777,0.07126228374178917,11.382954060741776
780,156.10406937958638,0.5416666666666666,0.2,0.75,0.5,0.16881666616570631,0.5982349581015906,0.16193312486175576,0.07101525087094615,11.382954060741776
781,156.30420280186792,0.5416666666666666,0.2,0.75,0.5,0.16878576293906047,0.59874820002131,0.1616923724831494,0.07077366455647885,11.382954060741776
782,156.50433622414943,0.5416666666666666,0.2,0.75,0.5,0.16874355174111122,0.5992705830633618,0.16144827490051625,0.07053759029500956,11.382954060741776
783,156.70446964643094,0.5416666666666666,0.2,0.75,0.5,0.1686901739418507,0.599801696523535,0.16120104081846345,0.0703070887161497,11.382954060741776
784,156.90460306871248,0.5416666666666666,0.2,0.75,0.5,0.16862577807423532,0.6003411280206419,0.16095087830526209,0.07008221559985967,11.382954060741776
785,157.104736490994,0.5416666666666666,0.2,0.75,0.5,0.16855051958318737,0.6008884637958191,0.16069799459860482,0.06986302202238763,11.382954060741776
786,157.30486991327552,0.5416666666666666,0.2,0.75,0.5,0.16846456059402695,0.6014432889960928,0.16044259593676585,0.06964955447311347,11.382954060741776
787,157.50500333555703,0.5416666666666666,0.2,0.75,0.5,0.16836807019459618,0.6020051876517636,0.1601848878105228,0.06944185434311646,11.382954060741776
788,157.70513675783855,0.5416666666666666,0.2,0.75,0.5,0.168261223651665,0.6025737432757127,0.15992507437247644,0.06923995870014497,11.382954060741776
789,157.90527018012008,0.5416666666666666,0.2,0.75,0.5,0.16814420209536696,0.6031485391833605,0.1596633582306067,0.06904390049066492,11.382954060741776
790,158.1054036024016,0.5416666666666666,0.2,0.75,0.5,0.16801719238363752,0.6037291587025326,0.15939994039567257,0.0688537085181564,11.382954060741776
791,158.3055370246831,0.5416666666666666,0.2,0.75,0.5,0.1678803868268563,0.604315185461152,0.15913502012665107,0.06866940758533974,11.382954060741776
792,158.50567044696464,0.5416666666666666,0.2,0.75,0.5,0.16773398291720584,0.604906203668402,0.15886879478563012,0.06849101862876117,11.382954060741776
793,158.70580386924615,0.5416666666666666,0.2,0.75,0.5,0.16757818361922705,0.6055017980881422,0.1586014599558319,0.06831855833679794,11.382954060741776
794,158.9059372915277,0.5416666666666666,0.2,0.75,0.5,0.16741319667817056,0.6061015545400069,0.15833320911919277,0.0681520396626289,11.382954060741776
795,159.1060707138092,0.5416666666666666,0.2,0.75,0.5,0.1672392341244196,0.6067050602903935,0.1580642334306283,0.0679914721545576,11.382954060741776
796,159.3062041360907,0.5416666666666666,0.2,0.75,0.5,0.16705651219261425,0.6073119042150035,0.15779472168864725,0.06783686190373409,11.382954060741776
797,159.50633755837225,0.5416666666666666,0.2,0.75,0.5,0.16686525103952254,0.6079216770663409,0.15752486022152598,0.06768821167260956,11.382954060741776
798,159.70647098065376,0.5416666666666666,0.2,0.75,0.5,0.1666656744587091,0.6085339717390185,0.15725483277890287,0.06754552102336848,11.382954060741776
799,159.90660440293527,0.5416666666666666,0.2,0.75,0.5,0.16645801010121433,0.6091483832717841,0.15698482053331717,0.06740878609368334,11.382954060741776
800,160.1067378252168,0.5416666666666666,0.2,0.75,0.5,0.166242488997992,0.6097645092037141,0.15671500194449772,0.06727799985379518,11.382954060741776
801,160.30687124749832,0.5416666666666666,0.2,0.75,0.5,0.1660193448770268,0.610381950031842,0.15644555258758236,0.06715315250354777,11.382954060741776
802,160.50700466977986,0.5416666666666666,0.2,0.75,0.5,0.16578881414463298,0.6110003093244125,0.15617664512374985,0.06703423140720362,11.382954060741776
803,160.70713809206137,0.5416666666666666,0.2,0.75,0.5,0.1655511356121778,0.6116191939608229,0.15590844922467267,0.06692122120232569,11.382954060741776
804,160.90727151434288,0.5416666666666666,0.2,0.75,0.5,0.1653065502204922,0.6122382143689157,0.15564113150257142,0.06681410390801973,11.382954060741776
805,161.10740493662442,0.5416666666666666,0.2,0.75,0.5,0.1650553011414997,0.6128569845744463,0.15537485544418925,0.06671285883986385,11.382954060741776
806,161.30753835890593,0.5416666666666666,0.2,0.75,0.5,0.16479763356372482,0.6134751224010062,0.15510978135175973,0.06661746268350822,11.382954060741776
807,161.50767178118744,0.5416666666666666,0.2,0.75,0.5,0.1645337938662857,0.6140922499645298,0.15484606629227712,0.06652788987690633,11.382954060741776
808,161.70780520346898,0.5416666666666666,0.2,0.75,0.5,0.1642640296521837,0.6147079937447667,0.1545838640485495,0.06644411255449906,11.382954060741776
809,161.9079386257505,0.5416666666666666,0.2,0.75,0.5,0.1639885894972831,0.6153219847916915,0.15432332507710442,0.06636610063391996,11.382954060741776
810,162.10807204803203,0.5416666666666666,0.2,0.75,0.5,0.16370772269870307,0.6159338589284218,0.15406459647168858,0.06629382190118546,11.382954060741776
811,162.30820547031354,0.5416666666666666,0.2,0.75,0.5,0.16342167927046636,0.6165432568369972,0.1538078218820121,0.06622724201052327,11.382954060741776
812,162.50833889259505,0.5416666666666666,0.2,0.75,0.5,0.16313070991918988,0.6171498241495268,0.15355314144216978,0.06616632448911247,11.382954060741776
813,162.7084723148766,0.5416666666666666,0.2,0.75,0.5,0.16283506520837657,0.6177532119075444,0.1533006918699647,0.06611103101411327,11.382954060741776
814,162.9086057371581,0.5416666666666666,0.2,0.75,0.5,0.1625349955965866,0.6183530766169469,0.15305060639382673,0.06606132139263872,11.382954060741776
815,163.1087391594396,0.5416666666666666,0.2,0.75,0.5,0.16223075122361513,0.6189490804146791,0.15280301473667615,0.06601715362502854,11.382954060741776
816,163.30887258172115,0.5416666666666666,0.2,0.75,0.5,0.16192258169179563,0.6195408912338709,0.15255804310639293,0.06597848396793957,11.382954060741776
817,163.50900600400266,0.5416666666666666,0.2,0.75,0.5,0.16161073602322898,0.6201281828930311,0.152315814116593,0.06594526696714588,11.382954060741776
818,163.7091394262842,0.5416666666666666,0.2,0.75,0.5,0.16129546275198636,0.6207106351260737,0.15207644665535575,0.06591745546658308,11.382954060741776
819,163.9092728485657,0.5416666666666666,0.2,0.75,0.5,0.16097700906111967,0.6212879339996724,0.15184005617161425,0.06589500076759251,11.382954060741776
820,164.10940627084722,0.5416666666666666,0.2,0.75,0.5,0.160655620847939,0.6218597719465371,0.15160675456769715,0.0658778526378256,11.382954060741776
821,164.30953969312876,0.5416666666666666,0.2,0.75,0.5,0.1603315425539974,0.6224258478911704,0.15137665019935617,0.06586595935547494,11.382954060741776
822,164.50967311541027,0.5416666666666666,0.2,0.75,0.5,0.1600050169782292,0.6229858673786353,0.1511498478891588,0.06585926775397556,11.382954060741776
823,164.70980653769178,0.5416666666666666,0.2,0.75,0.5,0.1596762850933299,0.6235395426981081,0.1509264489445905,0.0658577232639704,11.382954060741776
824,164.90993995997331,0.5416666666666666,0.2,0.75,0.5,0.15934558600320695,0.6240865929489832,0.15070655109594255,0.06586126995186622,11.382954060741776
825,165.11007338225482,0.5416666666666666,0.2,0.75,0.5,0.15901315745191788,0.624626743894005,0.1504902481011031,0.06586985055297294,11.382954060741776
826,165.31020680453636,0.5416666666666666,0.2,0.75,0.5,0.15867923463239111,0.6251597284527095,0.15027763040466052,0.06588340651023765,11.382954060741776
827,165.51034022681787,0.5416666666666666,0.2,0.75,0.5,0.1583440503083782,0.6256852866932288,0.15006878499455498,0.06590187800383694,11.382954060741776
828,165.71047364909938,0.5416666666666666,0.2,0.75,0.5,0.15800783476226718,0.6262031658860974,0.14986379537273328,0.06592520397890098,11.382954060741776
829,165.91060707138092,0.5416666666666666,0.2,0.75,0.5,0.15767081565954966,0.6267131205856568,0.14966274158386692,0.06595332217092549,11.382954060741776
830,166.11074049366243,0.5416666666666666,0.2,0.75,0.5,0.15733321791817326,0.6272149127056185,0.1494657002477671,0.06598616912844006,11.382954060741776
831,166.31087391594394,0.5416666666666666,0.2,0.75,0.5,0.156995263602056,0.6277083115876864,0.14927274456507475,0.06602368024518183,11.382954060741776
832,166.51100733822548,0.5416666666666666,0.2,0.75,0.5,0.15665717207162827,0.6281930940498986,0.14908394392873067,0.06606578994974134,11.382954060741776
833,166.711140760507,0.5416666666666666,0.2,0.75,0.5,0.15631915956498768,0.6286690444620194,0.14889936444543153,0.0661124315275603,11.382954060741776
834,166.91127418278853,0.5416666666666666,0.2,0.75,0.5,0.15598143910311676,0.6291359547968121,0.1487190689570723,0.06616353714299782,11.382954060741776
835,167.11140760507004,0.5416666666666666,0.2,0.75,0.5,0.15564422045564263,0.629593624672286,0.14854311697805261,0.06621903789401773,11.382954060741776
836,167.31154102735155,0.5416666666666666,0.2,0.75,0.5,0.15530771004982072,0.630041861391636,0.1483715647335903,0.06627886382495189,11.382954060741776
837,167.5116744496331,0.5416666666666666,0.2,0.75,0.5,0.15497211088500326,0.6304804799773084,0.148204465200787,0.06634294393690027,11.382954060741776
838,167.7118078719146,0.5416666666666666,0.2,0.75,0.5,0.1546376224532021,0.6309093032002105,0.14804186814775322,0.06641120619883313,11.382954060741776
839,167.9119412941961,0.5416666666666666,0.2,0.75,0.5,0.15430444071063165,0.6313281616789955,0.14788381982531748,0.06648357778505432,11.382954060741776
840,168.11207471647765,0.5416666666666666,0.2,0.75,0.5,0.15397275797625273,0.6317368938424585,0.14773036326555142,0.06655998491573632,11.382954060741776
841,168.31220813875916,0.5416666666666666,0.2,0.75,0.5,0.1536427628470237,0.6321353459047947,0.14758153849666567,0.06664035275151484,11.382954060741776
842,168.5123415610407,0.5416666666666666,0.2,0.75,0.5,0.15331464016072716,0.6325233719052481,0.1474373824366967,0.06672460549732687,11.382954060741776
843,168.7124749833222,0.5416666666666666,0.2,0.75,0.5,0.15298857094528684,0.632900833710177,0.147297928936143,0.06681266640839192,11.382954060741776
844,168.91260840560372,0.5416666666666666,0.2,0.75,0.5,0.1526647323736822,0.633267601009438,0.14716320882247527,0.06690445779440325,11.382954060741776
845,169.11274182788526,0.5416666666666666,0.2,0.75,0.5,0.15234329772446198,0.6336235513070858,0.1470332499465219,0.06699990102192906,11.382954060741776
846,169.31287525016677,0.5416666666666666,0.2,0.75,0.5,0.1520244362627517,0.633968570014624,0.14690807700144212,0.06709891672118089,11.382954060741776
847,169.51300867244828,0.5416666666666666,0.2,0.75,0.5,0.15170831320473996,0.6343025504395265,0.14678771155339856,0.06720142480233368,11.382954060741776
848,169.71314209472982,0.5416666666666666,0.2,0.75,0.5,0.15139508982753183,0.6346253935903213,0.14667217245066544,0.06730734413148019,11.382954060741776
849,169.91327551701133,0.5416666666666666,0.2,0.75,0.5,0.15108492337607984,0.634937008241183,0.14656147567281863,0.06741659270991733,11.382954060741776
850,170.11340893929287,0.5416666666666666,0.2,0.75,0.5,0.1507779670464083,0.6352373109009343,0.1464556343722663,0.06752908768039001,11.382954060741776
851,170.31354236157438,0.5416666666666666,0.2,0.75,0.5,0.15047436997439337,0.6355262257764185,0.14635465891753743,0.06764474533164962,11.382954060741776
852,170.5136757838559,0.5416666666666666,0.2,0.75,0.5,0.15017427722984245,0.6358036847305697,0.14625855693764084,0.06776348110194585,11.382954060741776
853,170.71380920613743,0.5416666666666666,0.2,0.75,0.5,0.14987782968000776,0.6360696273398594,0.1461673332841551,0.06788520969597654,11.382954060741776
854,170.91394262841894,0.5416666666666666,0.2,0.75,0.5,0.1495851637820334,0.6363240010052773,0.1460809899475462,0.06800984526514187,11.382954060741776
855,171.11407605070045,0.5416666666666666,0.2,0.75,0.5,0.14929641206783853,0.6365667605285928,0.14599952639604077,0.0681373010075267,11.382954060741776
856,171.314209472982,0.5416666666666666,0.2,0.75,0.5,0.14901170295292007,0.6367978682082944,0.14592293949761515,0.06826748934116915,11.382954060741776
857,171.5143428952635,0.5416666666666666,0.2,0.75,0.5,0.14873116073095793,0.6370172937911547,0.14585122355377397,0.0684003219241122,11.382954060741776
858,171.71447631754504,0.5416666666666666,0.2,0.75,0.5,0.14845490558579746,0.6372250144091862,0.14578437034180725,0.06853570966320789,11.382954060741776
859,171.91460973982655,0.5416666666666666,0.2,0.75,0.5,0.14818305360794437,0.6374210145119009,0.14572236915763498,0.06867356272251857,11.382954060741776
860,172.11474316210806,0.5416666666666666,0.2,0.75,0.5,0.14791571673679044,0.6376052858468778,0.14566520682563447,0.06881379059069613,11.382954060741776
861,172.3148765843896,0.5416666666666666,0.2,0.75,0.5,0.14765300242972115,0.6377778276224255,0.1456128675906317,0.06895630235722049,11.382954060741776
862,172.5150100066711,0.5416666666666666,0.2,0.75,0.5,0.14739501423579487,0.6379386460599824,0.14556533339440042,0.06910100630982124,11.382954060741776
863,172.71514342895262,0.5416666666666666,0.2,0.75,0.5,0.14714185166538618,0.6380877544185359,0.1455225838505171,0.06924781006555972,11.382954060741776
864,172.91527685123415,0.5416666666666666,0.2,0.75,0.5,0.1468936101717497,0.6382251729420809,0.14548459626561813,0.06939662062055023,11.382954060741776
865,173.11541027351566,0.5416666666666666,0.2,0.75,0.5,0.14665038117938825,0.6383509287739264,0.14545134567928364,0.06954734436740072,11.382954060741776
866,173.3155436957972,0.5416666666666666,0.2,0.75,0.5,0.1464122521160615,0.6384650558668927,0.14542280490413725,0.06969988711290759,11.382954060741776
867,173.5156771180787,0.5416666666666666,0.2,0.75,0.5,0.146179306416522,0.6385675949093105,0.14539894455858296,0.06985415411558366,11.382954060741776
868,173.71581054036022,0.5416666666666666,0.2,0.75,0.5,0.14595162316124263,0.6386585934769254,0.14537973301222235,0.07001005034960868,11.382954060741776
869,173.91594396264176,0.5416666666666666,0.2,0.75,0.5,0.14572927758023982,0.6387381056431946,0.14536513653603902,0.07016748024052571,11.382954060741776
870,174.11607738492327,0.5416666666666666,0.2,0.75,0.5,0.1455123410598876,0.6388061918978488,0.1453551193339194,0.07032634770834333,11.382954060741776
871,174.31621080720478,0.5416666666666666,0.2,0.75,0.5,0.14530088109190742,0.6388629190996964,0.14534964355979438,0.07048655624860095,11.382954060741776
872,174.51634422948632,0.5416666666666666,0.2,0.75,0.5,0.14509496131198932,0.6389083603716625,0.14534866935541482,0.07064800896093247,11.382954060741776
873,174.71647765176783,0.5416666666666666,0.2,0.75,0.5,0.14489464154117035,0.6389425949922706,0.14535215488813258,0.07081060857842568,11.382954060741776
874,174.91661107404937,0.5416666666666666,0.2,0.75,0.5,0.14469997782363272,0.6389657082874909,0.14536005638851096,0.07097425750036455,11.382954060741776
875,175.11674449633088,0.5416666666666666,0.2,0.75,0.5,0.14451102209784927,0.6389777917479584,0.14537232817764564,0.07113885797654576,11.382954060741776
876,175.3168779186124,0.5416666666666666,0.2,0.75,0.5,0.1443278225287421,0.6389789427347035,0.14538892271283632,0.07130431202371736,11.382954060741776
877,175.51701134089393,0.5416666666666666,0.2,0.75,0.5,0.14415042370763057,0.6389692642649645,0.14540979062950257,0.07147052139790155,11.382954060741776
878,175.71714476317544,0.5416666666666666,0.2,0.75,0.5,0.14397886654639286,0.6389488649856504,0.14543488077450686,0.0716373876934491,11.382954060741776
879,175.91727818545695,0.5416666666666666,0.2,0.75,0.5,0.14381318831986883,0.6389178590530841,0.1454641402435377,0.07180481238350865,11.382954060741776
880,176.1174116077385,0.5416666666666666,0.2,0.75,0.5,0.1436534227101102,0.6388763660097524,0.14549751441847322,0.07197269686166342,11.382954060741776
881,176.31754503002,0.5416666666666666,0.2,0.75,0.5,0.14349959985247818,0.638824510658061,0.145534947004725,0.07214094248473511,11.382954060741776
882,176.51767845230154,0.5416666666666666,0.2,0.75,0.5,0.14335174618449528,0.6387624230692781,0.14557638007004478,0.07230945067618105,11.382954060741776
883,176.71781187458305,0.5416666666666666,0.2,0.75,0.5,0.14320988449972066,0.6386902384484658,0.14562175408179873,0.07247812297001402,11.382954060741776
884,176.91794529686456,0.5416666666666666,0.2,0.75,0.5,0.14307403428023363,0.6386080968043226,0.14567100794216167,0.07264686097328134,11.382954060741776
885,177.1180787191461,0.5416666666666666,0.2,0.75,0.5,0.14294421158371082,0.6385161429264583,0.14572407902662154,0.07281556646320853,11.382954060741776
886,177.3182121414276,0.5416666666666666,0.2,0.75,0.5,0.14282042908724865,0.6384145262521637,0.14578090322131088,0.07298414143927594,11.382954060741776
887,177.51834556370912,0.5416666666666666,0.2,0.75,0.5,0.14270269613261408,0.6383034007304751,0.14584141496032207,0.07315248817658788,11.382954060741776
888,177.71847898599066,0.5416666666666666,0.2,0.75,0.5,0.14259101877267466,0.6381829246837083,0.14590554726300778,0.07332050928060842,11.382954060741776
889,177.91861240827217,0.5416666666666666,0.2,0.75,0.5,0.14248539970956453,0.6380532607646213,0.14597323178816662,0.07348810773764662,11.382954060741776
890,178.1187458305537,0.5416666666666666,0.2,0.75,0.5,0.14238583820440717,0.6379145759376146,0.1460443988927888,0.07365518696518857,11.382954060741776
891,178.31887925283522,0.5416666666666666,0.2,0.75,0.5,0.1422923304901406,0.6377670410072208,0.1461189776132807,0.07382165088935709,11.382954060741776
892,178.51901267511673,0.5416666666666666,0.2,0.75,0.5,0.14220486965929363,0.6376108306160414,0.14619689572793418,0.07398740399672996,11.382954060741776
893,178.71914609739827,0.5416666666666666,0.2,0.75,0.5,0.14212344570030527,0.6374461231079805,0.14627807979662552,0.07415235139508787,11.382954060741776
894,178.91927951967978,0.5416666666666666,0.2,0.75,0.5,0.1420480455431609,0.6372731003816481,0.14636245519924304,0.07431639887594713,11.382954060741776
895,179.1194129419613,0.5416666666666666,0.2,0.75,0.5,0.14197865310579708,0.6370919477416004,0.14644994617416363,0.07447945297843807,11.382954060741776
896,179.31954636424283,0.5416666666666666,0.2,0.75,0.5,0.1419152493412745,0.6369028537474177,0.14654047585677785,0.07464142105452914,11.382954060741776
897,179.51967978652434,0.5416666666666666,0.2,0.75,0.5,0.14185781213581827,0.6367060102480759,0.1466339663589943,0.0748022112571106,11.382954060741776
898,179.71981320880587,0.5416666666666666,0.2,0.75,0.5,0.14180631624385406,0.6365016123688517,0.14673033883890083,0.07496173254839253,11.382954060741776
899,179.91994663108738,0.5416666666666666,0.2,0.75,0.5,0.14176073373157,0.6362898578610944,0.1468295134318318,0.07511989497550306,11.382954060741776
900,180.1200800533689,0.5416666666666666,0.2,0.75,0.5,0.1417210338346332,0.6360709471834174,0.14693140934165866,0.07527660964028995,11.382954060741776
901,180.32021347565043,0.5416666666666666,0.2,0.75,0.5,0.14168718299498134,0.6358450833577488,0.14703594488344254,0.07543178876382647,11.382954060741776
902,180.52034689793194,0.5416666666666666,0.2,0.75,0.5,0.1416591449034159,0.6356124718169233,0.14714303752476127,0.07558534575489875,11.382954060741776
903,180.72048032021348,0.5416666666666666,0.2,0.75,0.5,0.1416368805424855,0.6353733202507094,0.14725260392721595,0.0757371952795884,11.382954060741776
904,180.920613742495,0.5416666666666666,0.2,0.75,0.5,0.14162034822965852,0.6351278384502738,0.14736455998811684,0.07588725333195014,11.382954060741776
905,181.1207471647765,0.5416666666666666,0.2,0.75,0.5,0.14160950361665395,0.6348762383472133,0.1474788209095792,0.07603543712655289,11.382954060741776
906,181.32088058705804,0.5416666666666666,0.2,0.75,0.5,0.14160429971847785,0.6346187339202893,0.1475953012496479,0.07618166511158432,11.382954060741776
907,181.52101400933955,0.5416666666666666,0.2,0.75,0.5,0.14160468704754453,0.6343555406348661,0.1477139149089413,0.07632585740864747,11.382954060741776
908,181.72114743162106,0.5416666666666666,0.2,0.75,0.5,0.14161061361015928,0.634086875493768,0.1478345752025789,0.07646793569349328,11.382954060741776
909,181.9212808539026,0.5416666666666666,0.2,0.75,0.5,0.14162202494833587,0.6338129568863835,0.14795719490449452,0.07660782326078552,11.382954060741776
910,182.1214142761841,0.5416666666666666,0.2,0.75,0.5,0.14163886418237628,0.6335340044341041,0.1480816862916377,0.0767454450918813,11.382954060741776
911,182.32154769846565,0.5416666666666666,0.2,0.75,0.5,0.14166107205361933,0.6332502388347357,0.14820796118842905,0.07688072792321532,11.382954060741776
912,182.52168112074716,0.5416666666666666,0.2,0.75,0.5,0.14168858696735778,0.6329618817058845,0.14833593101146952,0.07701360031528759,11.382954060741776
913,182.72181454302867,0.5416666666666666,0.2,0.75,0.5,0.1417213450312484,0.6326691557032608,0.1484655068354979,0.07714399242999231,11.382954060741776
914,182.9219479653102,0.5416666666666666,0.2,0.75,0.5,0.1417592800986784,0.6323722843554136,0.1485965994381065,0.07727183610780092,11.382954060741776
915,183.12208138759172,0.5416666666666666,0.2,0.75,0.5,0.14180232381935282,0.6320714914812668,0.14872911931304894,0.0773970653863308,11.382954060741776
916,183.32221480987323,0.5416666666666666,0.2,0.75,0.5,0.141850405678705,0.631767001276174,0.1488629767347406,0.07751961631037974,11.382954060741776
917,183.52234823215477,0.5416666666666666,0.2,0.75,0.5,0.14190345304144192,0.6314590381628837,0.14899808180520605,0.07763942699046762,11.382954060741776
918,183.72248165443628,0.5416666666666666,0.2,0.75,0.5,0.14196139119525875,0.6311478266414484,0.14913434450127777,0.07775643766201434,11.382954060741776
919,183.92261507671782,0.5416666666666666,0.2,0.75,0.5,0.14202414339471128,0.6308335911387617,0.1492716747220996,0.07787059074442675,11.382954060741776
920,184.12274849899933,0.5416666666666666,0.2,0.75,0.5,0.14209163090524848,0.6305165558577495,0.14940998233693392,0.07798183090006754,11.382954060741776
921,184.32288192128084,0.5416666666666666,0.2,0.75,0.5,0.14216377308910824,0.6301969449627881,0.1495491772382936,0.07809010470980939,11.382954060741776
922,184.52301534356238,0.5416666666666666,0.2,0.75,0.5,0.14224048743599976,0.6298749823178621,0.14968916938871257,0.07819536085742497,11.382954060741776
923,184.7231487658439,0.5416666666666666,0.2,0.75,0.5,0.1423216895622247,0.6295508909683537,0.14982986886400218,0.0782975506054188,11.382954060741776
924,184.9232821881254,0.5416666666666666,0.2,0.75,0.5,0.14240729328519766,0.6292248932297262,0.14997118590586905,0.07839662757920647,11.382954060741776
925,185.12341561040694,0.5416666666666666,0.2,0.75,0.5,0.1424972106698591,0.6288972105477145,0.15011303097143447,0.07849254781099134,11.382954060741776
926,185.32354903268845,0.5416666666666666,0.2,0.75,0.5,0.14259135207533294,0.6285680633588459,0.1502553147830681,0.07858526978275261,11.382954060741776
927,185.52368245497,0.5416666666666666,0.2,0.75,0.5,0.14268962620182823,0.6282376709512899,0.15039794837853648,0.07867475446834486,11.382954060741776
928,185.7238158772515,0.5416666666666666,0.2,0.75,0.5,0.14279194013818233,0.6279062513273556,0.15054084316122665,0.07876096537323506,11.382954060741776
929,185.923949299533,0.5416666666666666,0.2,0.75,0.5,0.14289819951793256,0.6275740214253007,0.1506839108854597,0.07884386817130647,11.382954060741776
930,186.12408272181455,0.5416666666666666,0.2,0.75,0.5,0.14300830850563198,0.6272411967778875,0.15082706374451815,0.07892343097196183,11.382954060741776
931,186.32421614409606,0.5416666666666666,0.2,0.75,0.5,0.14312216976389672,0.6269079911065775,0.15097021447074063,0.07899962465878464,11.382954060741776
932,186.52434956637757,0.5416666666666666,0.2,0.75,0.5,0.14323968456408936,0.6265746163914296,0.15111327634956037,0.07907242269491997,11.382954060741776
933,186.7244829886591,0.5416666666666666,0.2,0.75,0.5,0.14336075283842614,0.6262412827463267,0.1512561632692879,0.07914180114595856,11.382954060741776
934,186.92461641094062,0.5416666666666666,0.2,0.75,0.5,0.143485273232531,0.625908198295202,0.1513987897710864,0.07920773870117993,11.382954060741776
935,187.12474983322215,0.5416666666666666,0.2,0.75,0.5,0.1436131431584369,0.6255755690492686,0.15154107109913958,0.07927021669315423,11.382954060741776
936,187.32488325550366,0.5416666666666666,0.2,0.75,0.5,0.1437442588489384,0.6252435987897622,0.15168292324989627,0.07932921911140248,11.382954060741776
937,187.52501667778517,0.5416666666666666,0.2,0.75,0.5,0.14387851548749203,0.6249124893263668,0.15182426292886836,0.07938473225727216,11.382954060741776
938,187.7251501000667,0.5416666666666666,0.2,0.75,0.5,0.14401580720578133,0.6245824400941841,0.1519650076714124,0.07943674502862154,11.382954060741776
939,187.92528352234822,0.5416666666666666,0.2,0.75,0.5,0.14415602710160955,0.6242536478508913,0.15210507593917985,0.07948524910831863,11.382954060741776
940,188.12541694462973,0.5416666666666666,0.2,0.75,0.5,0.14429906733006467,0.6239263067382282,0.15224438712692798,0.07953023880477852,11.382954060741776
941,188.32555036691127,0.5416666666666666,0.2,0.75,0.5,0.14444481916162288,0.62360060817731,0.15238286161085687,0.0795717110502096,11.382954060741776
942,188.52568378919278,0.5416666666666666,0.2,0.75,0.5,0.14459317304082978,0.6232767407655956,0.15252042079697745,0.07960966539659665,11.382954060741776
943,188.72581721147432,0.5416666666666666,0.2,0.75,0.5,0.14474401864555955,0.622954890175508,0.15265698716951073,0.07964410400942118,11.382954060741776
944,188.92595063375583,0.5416666666666666,0.2,0.75,0.5,0.1448972449477452,0.622635239063019,0.1527924843356533,0.07967503165358202,11.382954060741776
945,189.12608405603734,0.5416666666666666,0.2,0.75,0.5,0.14505274031046664,0.6223179673105153,0.1529268369236388,0.07970245545537882,11.382954060741776
946,189.32621747831888,0.5416666666666666,0.2,0.75,0.5,0.14521039251605597,0.622003251624645,0.1530599707661025,0.07972638509319593,11.382954060741776
947,189.5263509006004,0.5416666666666666,0.2,0.75,0.5,0.14537008881732938,0.621691265345443,0.15319181299100387,0.07974683284622326,11.382954060741776
948,189.7264843228819,0.5416666666666666,0.2,0.75,0.5,0.1455317160141891,0.6213821784875947,0.15332229201090433,0.07976381348731129,11.382954060741776
949,189.92661774516344,0.5416666666666666,0.2,0.75,0.5,0.14569516051745524,0.6210761576592662,0.15345133756701732,0.0797773442562607,11.382954060741776
950,190.12675116744495,0.5416666666666666,0.2,0.75,0.5,0.14586030841333478,0.6207733659831398,0.15357888077304468,0.07978744483048009,11.382954060741776
951,190.3268845897265,0.5416666666666666,0.2,0.75,0.5,0.1460270455285285,0.6204739630196587,0.15370485415880045,0.07979413729301163,11.382954060741776
952,190.527018012008,0.5416666666666666,0.2,0.75,0.5,0.14619525749544246,0.6201781047027608,0.15382919170519996,0.07979744609659604,11.382954060741776
953,190.7271514342895,0.5416666666666666,0.2,0.75,0.5,0.1463648298056511,0.6198859435172134,0.15395182868296664,0.07979739799416818,11.382954060741776
954,190.92728485657105,0.5416666666666666,0.2,0.75,0.5,0.14653564789017093,0.6195976281722975,0.154072701905437,0.07979402203209388,11.382954060741776
955,191.12741827885256,0.5416666666666666,0.2,0.75,0.5,0.14670759718859705,0.6193133035052653,0.15419174979477088,0.0797873495113661,11.382954060741776
956,191.32755170113407,0.5416666666666666,0.2,0.75,0.5,0.14688056321310386,0.6190331104985914,0.15430891235655572,0.07977741393174836,11.382954060741776
957,191.5276851234156,0.5416666666666666,0.2,0.75,0.5,0.14705443161699885,0.6187571862237433,0.15442413121618934,0.0797642509430678,11.382954060741776
958,191.72781854569712,0.5416666666666666,0.2,0.75,0.5,0.14722908826389372,0.6184856637875504,0.15453734965472962,0.0797478982938256,11.382954060741776
959,191.92795196797866,0.5416666666666666,0.2,0.75,0.5,0.1474044192974929,0.6182186722811702,0.15464851264421112,0.07972839577712508,11.382954060741776
960,192.12808539026017,0.5416666666666666,0.2,0.75,0.5,0.14758031120340717,0.617956336742636,0.1547575668696579,0.0797057851842983,11.382954060741776
961,192.32821881254168,0.5416666666666666,0.2,0.75,0.5,0.14775665074362118,0.6176987782855516,0.1548644605603575,0.079680110410469,11.382954060741776
962,192.52835223482322,0.5416666666666666,0.2,0.75,0.5,0.14793332518429755,0.6174461138562608,0.1549691437557016,0.07965141720373944,11.382954060741776
963,192.72848565710473,0.5416666666666666,0.2,0.75,0.5,0.14811022236416138,0.6171984561981566,0.15507156833261415,0.07961975310506722,11.382954060741776
964,192.92861907938624,0.5416666666666666,0.2,0.75,0.5,0.14828723072878836,0.6169559138629586,0.1551716879808481,0.07958516742740428,11.382954060741776
965,193.12875250166778,0.5416666666666666,0.2,0.75,0.5,0.1484642394001747,0.6167185911802824,0.15526945822927432,0.07954771119026792,11.382954060741776
966,193.3288859239493,0.5416666666666666,0.2,0.75,0.5,0.1486411382467143,0.6164865882300763,0.15536483647132585,0.07950743705188289,11.382954060741776
967,193.52901934623083,0.5416666666666666,0.2,0.75,0.5,0.14881781795358343,0.6162600008179244,0.15545778198959712,0.07946439923889437,11.382954060741776
968,193.72915276851234,0.5416666666666666,0.2,0.75,0.5,0.1489941700750724,0.6160389204588844,0.15554825596124508,0.07941865350479729,11.382954060741776
969,193.92928619079385,0.5416666666666666,0.2,0.75,0.5,0.1491700869021513,0.6158234344210459,0.15563622127844756,0.07937025739835435,11.382954060741776
970,194.12941961307538,0.5416666666666666,0.2,0.75,0.5,0.14934546178986213,0.6156136256308994,0.15572164282476744,0.07931926975447022,11.382954060741776
971,194.3295530353569,0.5416666666666666,0.2,0.75,0.5,0.14952018919767104,0.6154095726698269,0.155804487464894,0.0792657506676072,11.382954060741776
972,194.5296864576384,0.5416666666666666,0.2,0.75,0.5,0.14969416471263475,0.6152113497788618,0.15588472401604833,0.07920976149245428,11.382954060741776
973,194.72981987991994,0.5416666666666666,0.2,0.75,0.5,0.1498672851163635,0.6150190268529923,0.15596232326168089,0.07915136476896253,11.382954060741776
974,194.92995330220145,0.5416666666666666,0.2,0.75,0.5,0.15003944845207845,0.6148326694384282,0.1560372579640133,0.07909062414547924,11.382954060741776
975,195.130086724483,0.5416666666666666,0.2,0.75,0.5,0.150210554091764,0.6146523387328305,0.15610950287542394,0.07902760429998064,11.382954060741776
976,195.3302201467645,0.5416666666666666,0.2,0.75,0.5,0.1503805027705798,0.6144780915849142,0.15617903472806066,0.07896237091644451,11.382954060741776
977,195.530353569046,0.5416666666666666,0.2,0.75,0.5,0.15054919639394848,0.614309980472153,0.15624583207949883,0.07889499105439889,11.382954060741776
978,195.73048699132755,0.5416666666666666,0.2,0.75,0.5,0.15071653846148914,0.6141480535488676,0.15630987554450737,0.07882553244513504,11.382954060741776
979,195.93062041360906,0.5416666666666666,0.2,0.75,0.5,0.15088243406337956,0.6139923546505262,0.15637114775712402,0.07875406352896938,11.382954060741776
980,196.13075383589057,0.5416666666666666,0.2,0.75,0.5,0.1510467898937873,0.6138429233028626,0.15642963334223184,0.07868065346111747,11.382954060741776
981,196.3308872581721,0.5416666666666666,0.2,0.75,0.5,0.1512095143109252,0.6136997947390442,0.15648531891519724,0.0786053720348325,11.382954060741776
982,196.53102068045362,0.5416666666666666,0.2,0.75,0.5,0.15137051739679444,0.6135629999197583,0.15653819308009612,0.07852828960335036,11.382954060741776
983,196.73115410273516,0.5416666666666666,0.2,0.75,0.5,0.15152971101661497,0.6134325655562153,0.15658824642652813,0.07844947700064085,11.382954060741776
984,196.93128752501667,0.5416666666666666,0.2,0.75,0.5,0.15168700882635627,0.6133085141209417,0.15663547151061413,0.07836900554208709,11.382954060741776
985,197.13142094729818,0.5416666666666666,0.2,0.75,0.5,0.15184232603213532,0.6131908637888075,0.15667986276537882,0.0782869474136776,11.382954060741776
986,197.33155436957972,0.5416666666666666,0.2,0.75,0.5,0.15199557989530377,0.6130796285997662,0.15672141661803987,0.07820337488688939,11.382954060741776
987,197.53168779186123,0.5416666666666666,0.2,0.75,0.5,0.15214668967432432,0.6129748184594217,0.1567601314486982,0.078118360417555,11.382954060741776
988,197.73182121414274,0.5416666666666666,0.2,0.75,0.5,0.15229557662865673,0.6128764391607908,0.15679600756501985,0.07803197664553173,11.382954060741776
989,197.93195463642428,0.5416666666666666,0.2,0.75,0.5,0.1524421640671106,0.6127844924221183,0.15682904718801063,0.07794429632275961,11.382954060741776
990,198.1320880587058,0.5416666666666666,0.2,0.75,0.5,0.152586377395398,0.6126989759274661,0.15685925443624274,0.0778553922408923,11.382954060741776
991,198.33222148098733,0.5416666666666666,0.2,0.75,0.5,0.15272814416288563,0.6126198833700786,0.1568866353085338,0.07776533715850115,11.382954060741776
992,198.53235490326884,0.5416666666666666,0.2,0.75,0.5,0.15286739404796446,0.6125472044646997,0.15691119766108733,0.07767420382624773,11.382954060741776
993,198.73248832555035,0.5416666666666666,0.2,0.75,0.5,0.15300405864404817,0.6124809248518032,0.1569329511700066,0.07758206533414112,11.382954060741776
994,198.9326217478319,0.5416666666666666,0.2,0.75,0.5,0.1531380719265103,0.6124210263852126,0.15695190733716388,0.07748899435111231,11.382954060741776
995,199.1327551701134,0.5416666666666666,0.2,0.75,0.5,0.1532693701647574,0.6123674871131625,0.15696807945802746,0.07739506326405178,11.382954060741776
996,199.3328885923949,0.5416666666666666,0.2,0.75,0.5,0.15339789192424283,0.6123202813127959,0.15698148259391825,0.07730034416904202,11.382954060741776
997,199.53302201467645,0.5416666666666666,0.2,0.75,0.5,0.15352357809990616,0.6122793795454293,0.1569921335448406,0.07720490880982296,11.382954060741776
998,199.73315543695796,0.5416666666666666,0.2,0.75,0.5,0.15364637194836267,0.6122447487143404,0.15700005082073554,0.0771088285165603,11.382954060741776
999,199.9332888592395,0.5416666666666666,0.2,0.75,0.5,0.1537662191188433,0.6122163521250816,0.15700525461115705,0.07701217414491697,11.382954060741776
1000,200.133422281521,0.5416666666666666,0.2,0.75,0.5,0.15388306761801204,0.6121941494950134,0.15700776677174094,0.07691501611523265,11.382954060741776
1001,200.33355570380252,0.5416666666666666,0.2,0.75,0.5,0.1539968676349659,0.612178096851506,0.15700761084833648,0.07681742466519065,11.382954060741776
1002,200.53368912608406,0.5416666666666666,0.2,0.75,0.5,0.15410757193486632,0.6121681469009166,0.15700481193818042,0.07671946922603567,11.382954060741776
1003,200.73382254836557,0.5416666666666666,0.2,0.75,0.5,0.1542151357547615,0.6121642489920853,0.15699939669010982,0.07662121856304241,11.382954060741776
1004,200.93395597064708,0.5416666666666666,0.2,0.75,0.5,0.15431951680009318,0.6121663491661111,0.15699139327433198,0.07652274075946282,11.382954060741776
1005,201.13408939292862,0.5416666666666666,0.2,0.75,0.5,0.15442067526078376,0.6121743902257683,0.15698083134471755,0.07642410316872955,11.382954060741776
1006,201.33422281521013,0.5416666666666666,0.2,0.75,0.5,0.15451857382568687,0.612188311807128,0.15696774199962613,0.07632537236755813,11.382954060741776
1007,201.53435623749166,0.5416666666666666,0.2,0.75,0.5,0.15461317769540073,0.6122080504533871,0.15695215774126378,0.07622661410994752,11.382954060741776
1008,201.73448965977317,0.5416666666666666,0.2,0.75,0.5,0.15470445453643372,0.6122335396161724,0.15693411248246725,0.07612789336492563,11.382954060741776
1009,201.93462308205469,0.5416666666666666,0.2,0.75,0.5,0.15479237436219181,0.6122647095652766,0.15691364161337643,0.07602927445915425,11.382954060741776
1010,202.13475650433622,0.5416666666666666,0.2,0.75,0.5,0.15487690980173877,0.6123014878110344,0.15689078173266793,0.07593082065455792,11.382954060741776
1011,202.33488992661773,0.5416666666666666,0.2,0.75,0.5,0.15495803600308203,0.6123437990519913,0.15686557068936013,0.07583259425556553,11.382954060741776
1012,202.53502334889924,0.5416666666666666,0.2,0.75,0.5,0.15503573062180143,0.6123915652387889,0.15683804754855346,0.07573465659085517,11.382954060741776
1013,202.73515677118078,0.5416666666666666,0.2,0.75,0.5,0.15510997381872355,0.6124447056542606,0.15680825254654107,0.07563706798047386,11.382954060741776
1014,202.9352901934623,0.5416666666666666,0.2,0.75,0.5,0.15518074825568023,0.6125031369953665,0.15677622704469082,0.07553988770426144,11.382954060741776
1015,203.13542361574383,0.5416666666666666,0.2,0.75,0.5,0.1552480390893512,0.6125667734569705,0.15674201348209868,0.07544317397157861,11.382954060741776
1016,203.33555703802534,0.5416666666666666,0.2,0.75,0.5,0.15531183393761952,0.6126355267145975,0.15670565540462744,0.07534698394315444,11.382954060741776
1017,203.53569046030685,0.5416666666666666,0.2,0.75,0.5,0.15537212282976037,0.6127093058517086,0.15666719753597208,0.07525137378255792,11.382954060741776
1018,203.7358238825884,0.5416666666666666,0.2,0.75,0.5,0.1554288982888913,0.6127880178285404,0.15662668544023492,0.07515639844233225,11.382954060741776
1019,203.9359573048699,0.5416666666666666,0.2,0.75,0.5,0.1554821552773623,0.612871567409174,0.15658416559346733,0.07506211171999534,11.382954060741776
1020,204.1360907271514,0.5416666666666666,0.2,0.75,0.5,0.155531891176394,0.6129598572359094,0.1565396853442168,0.0749685662434788,11.382954060741776
1021,204.33622414943295,0.5416666666666666,0.2,0.75,0.5,0.1555781057664298,0.6130527879160631,0.15649329286486202,0.07487581345264417,11.382954060741776
1022,204.53635757171446,0.5416666666666666,0.2,0.75,0.5,0.15562080120546798,0.6131502581101846,0.15644503710203583,0.07478390358231059,11.382954060741776
1023,204.736490993996,0.5416666666666666,0.2,0.75,0.5,0.1556599820053733,0.6132521646216952,0.15639496772613665,0.07469288564679406,11.382954060741776
1024,204.9366244162775,0.5416666666666666,0.2,0.75,0.5,0.155695655019312,0.6133584023607079,0.15634313518903015,0.07460280743094908,11.382954060741776
1025,205.13675783855902,0.5416666666666666,0.2,0.75,0.5,0.15572782942707886,0.613468864310123,0.15628959078010907,0.0745137154826882,11.382954060741776
1026,205.33689126084056,0.5416666666666666,0.2,0.75,0.5,0.15575651666661677,0.613583441994458,0.15623438625157515,0.0744256550873493,11.382954060741776
1027,205.53702468312207,0.5416666666666666,0.2,0.75,0.5,0.15578173042044044,0.6137020253990505,0.15617757391531925,0.07433867026518906,11.382954060741776
1028,205.7371581054036,0.5416666666666666,0.2,0.75,0.5,0.15580348658338028,0.6138245030519518,0.1561192066006052,0.07425280376406203,11.382954060741776
1029,205.93729152768512,0.5416666666666666,0.2,0.75,0.5,0.15582180322764091,0.6139507621136775,0.15605933760532187,0.07416809705335901,11.382954060741776
1030,206.13742494996663,0.5416666666666666,0.2,0.75,0.5,0.15583670056588494,0.6140806884679412,0.15599802064669935,0.07408459031947384,11.382954060741776
1031,206.33755837224817,0.5416666666666666,0.2,0.75,0.5,0.1558482009123414,0.6142141668133693,0.15593530981148948,0.0740023224627991,11.382954060741776
1032,206.53769179452968,0.5416666666666666,0.2,0.75,0.5,0.15585632902005378,0.6143510805103078,0.1558712596621833,0.07392133080745446,11.382954060741776
1033,206.7378252168112,0.5416666666666666,0.2,0.75,0.5,0.15586111064202604,0.6144913120218667,0.15580592513098945,0.07384165220511721,11.382954060741776
1034,206.93795863909273,0.5416666666666666,0.2,0.75,0.5,0.15586257486239727,0.6146347426050565,0.1557393613871215,0.0737633211454241,11.382954060741776
1035,207.13809206137424,0.5416666666666666,0.2,0.75,0.5,0.15586075206351885,0.6147812528439512,0.1556716237592881,0.07368637133324113,11.382954060741776
1036,207.33822548365578,0.5416666666666666,0.2,0.75,0.5,0.15585567455998897,0.61493072253188,0.15560276775171197,0.07361083515641842,11.382954060741776
1037,207.5383589059373,0.5416666666666666,0.2,0.75,0.5,0.15584737654355715,0.6150830307628099,0.15553284899774195,0.07353674369589024,11.382954060741776
1038,207.7384923282188,0.5416666666666666,0.2,0.75,0.5,0.15583589402802864,0.6152380560227305,0.1554619232134654,0.0734641267357747,11.382954060741776
1039,207.93862575050034,0.5416666666666666,0.2,0.75,0.5,0.155821264794169,0.6153956762810362,0.15539004615132024,0.07339301277347376,11.382954060741776
1040,208.13875917278185,0.5416666666666666,0.2,0.75,0.5,0.15580352844675532,0.6155557689225872,0.15531727367612647,0.07332342895453006,11.382954060741776
1041,208.33889259506336,0.5416666666666666,0.2,0.75,0.5,0.15578272638541915,0.6157182108022434,0.15524366174701276,0.0732554010653238,11.382954060741776
1042,208.5390260173449,0.5416666666666666,0.2,0.75,0.5,0.15575890154950578,0.6158828786204442,0.1551692661526596,0.07318895367738952,11.382954060741776
1043,208.7391594396264,0.5416666666666666,0.2,0.75,0.5,0.1557320984670774,0.6160496488667032,0.1550941425785456,0.07312411008767283,11.382954060741776
1044,208.93929286190794,0.5416666666666666,0.2,0.75,0.5,0.15570236320438677,0.6162183979045005,0.15501834656554725,0.07306089232556452,11.382954060741776
1045,209.13942628418945,0.5416666666666666,0.2,0.75,0.5,0.15566974331463632,0.6163890020571895,0.15494193346775886,0.07299932116041437,11.382954060741776
1046,209.33955970647096,0.5416666666666666,0.2,0.75,0.5,0.15563428782388186,0.6165613376155612,0.15486495846545129,0.07293941609510474,11.382954060741776
1047,209.5396931287525,0.5416666666666666,0.2,0.75,0.5,0.15559604722431966,0.6167352808298355,0.1547874765889904,0.0728811953568534,11.382954060741776
1048,209.739826551034,0.5416666666666666,0.2,0.75,0.5,0.155555073309256,0.616910708235567,0.15470954250774446,0.07282467594743147,11.382954060741776
1049,209.93995997331552,0.5416666666666666,0.2,0.75,0.5,0.15551141917136677,0.617087496635148,0.15463121056138426,0.07276987363209993,11.382954060741776
1050,210.14009339559706,0.5416666666666666,0.2,0.75,0.5,0.1554651391554897,0.6172655231752097,0.1545525347236897,0.07271680294560982,11.382954060741776
1051,210.34022681787857,0.5416666666666666,0.2,0.75,0.5,0.15541628880917036,0.6174446654287606,0.15447356856302244,0.07266547719904541,11.382954060741776
1052,210.5403602401601,0.5416666666666666,0.2,0.75,0.5,0.15536492480813419,0.617624801405727,0.15439436527158376,0.07261590851455389,11.382954060741776
1053,210.74049366244162,0.5416666666666666,0.2,0.75,0.5,0.15531110483925814,0.6178058094421278,0.15431497781126824,0.07256810790734451,11.382954060741776
1054,210.94062708472313,0.5416666666666666,0.2,0.75,0.5,0.15525488767366438,0.6179875686321563,0.15423545853794327,0.07252208515623473,11.382954060741776
1055,211.14076050700467,0.5416666666666666,0.2,0.75,0.5,0.1551963330737046,0.6181699587859247,0.15415585928142694,0.07247784885894254,11.382954060741776
1056,211.34089392928618,0.5416666666666666,0.2,0.75,0.5,0.15513550173596577,0.6183528604900722,0.15407623132664533,0.07243540644731546,11.382954060741776
1057,211.5410273515677,0.5416666666666666,0.2,0.75,0.5,0.1550724552400275,0.6185361551847961,0.15399662537901204,0.07239476419616309,11.382954060741776
1058,211.74116077384923,0.5416666666666666,0.2,0.75,0.5,0.15500725598333784,0.6187197251895428,0.15391709156883604,0.07235592725828217,11.382954060741776
1059,211.94129419613074,0.5416666666666666,0.2,0.75,0.5,0.15493996705703408,0.6189034535102799,0.153837679621771,0.07231889981091386,11.382954060741776
1060,212.14142761841228,0.5416666666666666,0.2,0.75,0.5,0.15487065230155445,0.6190872243117326,0.1537584385237605,0.07228368486295124,11.382954060741776
1061,212.3415610406938,0.5416666666666666,0.2,0.75,0.5,0.15479937622779652,0.6192709228923391,0.1536794165640149,0.07225028431584833,11.382954060741776
1062,212.5416944629753,0.5416666666666666,0.2,0.75,0.5,0.15472620395471723,0.6194544357200162,0.15360066133176026,0.0722186989935051,11.382954060741776
1063,212.74182788525684,0.5416666666666666,0.2,0.75,0.5,0.15465120115649297,0.6196376505032837,0.15352221968610855,0.07218892865411362,11.382954060741776
1064,212.94196130753835,0.5416666666666666,0.2,0.75,0.5,0.15457443401017235,0.6198204562281573,0.15344413774961974,0.07216097201204942,11.382954060741776
1065,213.14209472981986,0.5416666666666666,0.2,0.75,0.5,0.15449596914794983,0.6200027428740389,0.15336646112404706,0.07213482685396297,11.382954060741776
1066,213.3422281521014,0.5416666666666666,0.2,0.75,0.5,0.1544158735981241,0.6201844019156588,0.153289234562016,0.07211048992419979,11.382954060741776
1067,213.5423615743829,0.5416666666666666,0.2,0.75,0.5,0.15433421473296732,0.6203653263449272,0.15321250197099828,0.07208795695110583,11.382954060741776
1068,213.74249499666445,0.5416666666666666,0.2,0.75,0.5,0.15425106021698232,0.620545410665858,0.15313630643592346,0.07206722268123493,11.382954060741776
1069,213.94262841894596,0.5416666666666666,0.2,0.75,0.5,0.1541664779541668,0.6207245509584332,0.15306069019407342,0.0720482808933253,11.382954060741776
1070,214.14276184122747,0.5416666666666666,0.2,0.75,0.5,0.15408053603836716,0.6209026449263632,0.15298569462044273,0.07203112441482552,11.382954060741776
1071,214.342895263509,0.5416666666666666,0.2,0.75,0.5,0.15399330277457693,0.6210795915749776,0.152911360453466,0.07201574519697804,11.382954060741776
1072,214.54302868579052,0.5416666666666666,0.2,0.75,0.5,0.15390484655464723,0.6212552916481342,0.1528377275274817,0.07200213426973541,11.382954060741776
1073,214.74316210807203,0.5416666666666666,0.2,0.75,0.5,0.15381523579399986,0.6214296477470943,0.15276483471187685,0.07199028174702762,11.382954060741776
1074,214.94329553035357,0.5416666666666666,0.2,0.75,0.5,0.1537245389015714,0.621602564276147,0.1526927199628221,0.07198017685945816,11.382954060741776
1075,215.14342895263508,0.5416666666666666,0.2,0.75,0.5,0.15363282422862282,0.6217739474984201,0.15262142030340034,0.07197180796955543,11.382954060741776
1076,215.34356237491662,0.5416666666666666,0.2,0.75,0.5,0.1535401600190671,0.6219437055875006,0.152550971806041,0.07196516258738997,11.382954060741776
1077,215.54369579719813,0.5416666666666666,0.2,0.75,0.5,0.15344661450087918,0.6221117482897507,0.1524814097892091,0.07196022742015966,11.382954060741776
1078,215.74382921947964,0.5416666666666666,0.2,0.75,0.5,0.15335225574007105,0.6222779872418062,0.1524127686535132,0.07195698836460813,11.382954060741776
1079,215.94396264176117,0.5416666666666666,0.2,0.75,0.5,0.1532571515123011,0.6224423362394139,0.15234508174459452,0.07195543050368898,11.382954060741776
1080,216.14409606404269,0.5416666666666666,0.2,0.75,0.5,0.15316136931647847,0.6226047111144464,0.15227838143165587,0.07195553813741777,11.382954060741776
1081,216.3442294863242,0.5416666666666666,0.2,0.75,0.5,0.1530649763268035,0.622765029781796,0.15221269909249735,0.07195729479890162,11.382954060741776
1082,216.54436290860573,0.5416666666666666,0.2,0.75,0.5,0.15296803934480857,0.6229232122862691,0.15214806509855217,0.07196068327036866,11.382954060741776
1083,216.74449633088724,0.5416666666666666,0.2,0.75,0.5,0.1528706248852774,0.6230791805514879,0.1520845089504908,0.07196568561274236,11.382954060741776
1084,216.94462975316878,0.5416666666666666,0.2,0.75,0.5,0.15277279914818642,0.623232858382489,0.15202205928563867,0.07197228318368445,11.382954060741776
1085,217.1447631754503,0.5416666666666666,0.2,0.75,0.5,0.15267462774544902,0.6233841720140902,0.15196074360962844,0.07198045663083075,11.382954060741776
1086,217.3448965977318,0.5416666666666666,0.2,0.75,0.5,0.15257617577264124,0.6235330498913862,0.15190058841604162,0.07199018591992942,11.382954060741776
1087,217.54503002001334,0.5416666666666666,0.2,0.75,0.5,0.15247750776598068,0.6236794227056497,0.15184161917699796,0.07200145035137022,11.382954060741776
1088,217.74516344229485,0.5416666666666666,0.2,0.75,0.5,0.15237868765871293,0.6238232234315534,0.1517838603330787,0.07201422857665354,11.382954060741776
1089,217.94529686457636,0.5416666666666666,0.2,0.75,0.5,0.1522797788336577,0.6239643871806957,0.15172733536680003,0.07202849861884504,11.382954060741776
1090,218.1454302868579,0.5416666666666666,0.2,0.75,0.5,0.15218084423773248,0.6241028509367303,0.15167206692993682,0.07204423789559881,11.382954060741776
1091,218.3455637091394,0.5416666666666666,0.2,0.75,0.5,0.15208194598790978,0.624238554262017,0.15161807652896866,0.07206142322110298,11.382954060741776
1092,218.54569713142095,0.5416666666666666,0.2,0.75,0.5,0.15198314547057679,0.6243714390617189,0.15156538463922828,0.07208003082847443,11.382954060741776
1093,218.74583055370246,0.5416666666666666,0.2,0.75,0.5,0.1518845033129141,0.6245014495923842,0.15151401070785078,0.07210003638684938,11.382954060741776
1094,218.94596397598397,0.5416666666666666,0.2,0.75,0.5,0.15178607934442256,0.6246285324893467,0.15146397314816357,0.0721214150180656,11.382954060741776
1095,219.1460973982655,0.5416666666666666,0.2,0.75,0.5,0.15168793261468388,0.6247526366967915,0.15141528937368653,0.07214414131483657,11.382954060741776
1096,219.34623082054702,0.5416666666666666,0.2,0.75,0.5,0.15159012161516086,0.6248737130446412,0.1513679759758572,0.07216818936433918,11.382954060741776
1097,219.54636424282853,0.5416666666666666,0.2,0.75,0.5,0.1514927038428774,0.6249917149646018,0.15132204843817873,0.07219353275434051,11.382954060741776
1098,219.74649766511007,0.5416666666666666,0.2,0.75,0.5,0.15139573587330507,0.625106598324808,0.15127752120905086,0.0722201445928346,11.382954060741776
1099,219.94663108739158,0.5416666666666666,0.2,0.75,0.5,0.15129927335934135,0.6252183213923989,0.15123440772254004,0.0722479975257183,11.382954060741776
1100,220.14676450967312,0.5416666666666666,0.2,0.75,0.5,0.15120337099853742,0.6253268448510514,0.15119272039678489,0.0722770637536248,11.382954060741776
1101,220.34689793195463,0.5416666666666666,0.2,0.75,0.5,0.15110808252382138,0.6254321317802085,0.15115247064666656,0.07230731504930207,11.382954060741776
1102,220.54703135423614,0.5416666666666666,0.2,0.75,0.5,0.1510134609673398,0.6255341471890288,0.1511136690623033,0.07233872278132669,11.382954060741776
1103,220.74716477651768,0.5416666666666666,0.2,0.75,0.5,0.15091955828457015,0.625632858593317,0.15107632519913308,0.07237125792297834,11.382954060741776
1104,220.9472981987992,0.5416666666666666,0.2,0.75,0.5,0.15082642534322496,0.6257282359977175,0.15104044758947996,0.07240489106957612,11.382954060741776
1105,221.1474316210807,0.5416666666666666,0.2,0.75,0.5,0.15073411196036907,0.6258202517993037,0.15100604378339264,0.0724395924569332,11.382954060741776
1106,221.34756504336224,0.5416666666666666,0.2,0.75,0.5,0.15064266687553615,0.6259088807955102,0.1509731203506252,0.07247533197832694,11.382954060741776
1107,221.54769846564375,0.5416666666666666,0.2,0.75,0.5,0.1505521377921408,0.6259941000856617,0.15094168291874216,0.07251207920345391,11.382954060741776
1108,221.7478318879253,0.5416666666666666,0.2,0.75,0.5,0.15046257132489219,0.6260758891189498,0.15091173616150366,0.072549803394653,11.382954060741776
1109,221.9479653102068,0.5416666666666666,0.2,0.75,0.5,0.15037401330057545,0.6261542291918623,0.15088328397416204,0.07258847353339895,11.382954060741776
1110,222.1480987324883,0.5416666666666666,0.2,0.75,0.5,0.1502865081713774,0.6262291043282736,0.15085632917934538,0.07262805832100228,11.382954060741776
1111,222.34823215476985,0.5416666666666666,0.2,0.75,0.5,0.15020009925288347,0.6263005008746925,0.15083087366914472,0.07266852620327806,11.382954060741776
1112,222.54836557705136,0.5416666666666666,0.2,0.75,0.5,0.15011482869972648,0.6263684075042486,0.15080691840843405,0.07270984538758954,11.382954060741776
1113,222.74849899933287,0.5416666666666666,0.2,0.75,0.5,0.15003073748218645,0.6264328152191994,0.1507844634386933,0.07275198385991956,11.382954060741776
1114,222.9486324216144,0.5416666666666666,0.2,0.75,0.5,0.1499478656466567,0.6264937169287135,0.1507635080148084,0.07279490940982017,11.382954060741776
1115,223.14876584389592,0.5416666666666666,0.2,0.75,0.5,0.14986625221392905,0.6265511075684171,0.15074405057233917,0.0728385896453133,11.382954060741776
1116,223.34889926617745,0.5416666666666666,0.2,0.75,0.5,0.1497859347672007,0.626604984684056,0.1507260885495593,0.07288299199918265,11.382954060741776
1117,223.54903268845896,0.5416666666666666,0.2,0.75,0.5,0.14970694967892764,0.6266553480593865,0.15070961850869025,0.07292808375299438,11.382954060741776
1118,223.74916611074048,0.5416666666666666,0.2,0.75,0.5,0.14962933209848417,0.626702199701841,0.15069463614519182,0.07297383205448163,11.382954060741776
1119,223.949299533022,0.5416666666666666,0.2,0.75,0.5,0.1495531159407946,0.6267455438266812,0.15068113629756563,0.0730202039349572,11.382954060741776
1120,224.14943295530352,0.5416666666666666,0.2,0.75,0.5,0.14947833387618722,0.6267853868392614,0.15066911295778865,0.07306716632676144,11.382954060741776
1121,224.34956637758503,0.5416666666666666,0.2,0.75,0.5,0.14940501732147102,0.6268217373154055,0.15065855928237692,0.07311468608074531,11.382954060741776
1122,224.54969979986657,0.5416666666666666,0.2,0.75,0.5,0.14933319643223425,0.6268546059798964,0.1506494676040795,0.07316272998378862,11.382954060741776
1123,224.74983322214808,0.5416666666666666,0.2,0.75,0.5,0.1492629000968484,0.626884005682398,0.15064182944436955,0.07321126477638282,11.382954060741776
1124,224.94996664442962,0.5416666666666666,0.2,0.75,0.5,0.14919415634076963,0.6269099507956303,0.15063563566839536,0.07326025719520342,11.382954060741776
1125,225.15010006671113,0.5416666666666666,0.2,0.75,0.5,0.14912699208115332,0.6269324575279485,0.15063087641488618,0.07330967397601078,11.382954060741776
1126,225.35023348899264,0.5416666666666666,0.2,0.75,0.5,0.149061432753901,0.6269515444153322,0.1506275409820357,0.07335948184872979,11.382954060741776
1127,225.55036691127418,0.5416666666666666,0.2,0.75,0.5,0.14899750258690464,0.6269672319035513,0.1506256179376335,0.07340964757190921,11.382954060741776
1128,225.7505003335557,0.5416666666666666,0.2,0.75,0.5,0.148935224607314,0.6269795423045817,0.15062509513718625,0.07346013795091667,11.382954060741776
1129,225.9506337558372,0.5416666666666666,0.2,0.75,0.5,0.1488746206503671,0.6269884997506543,0.1506259597427877,0.07351091985618959,11.382954060741776
1130,226.15076717811874,0.5416666666666666,0.2,0.75,0.5,0.14881571136978405,0.6269941301459362,0.15062819824273643,0.07356196024154202,11.382954060741776
1131,226.35090060040025,0.5416666666666666,0.2,0.75,0.5,0.14875851624972403,0.6269964611158448,0.15063179647190236,0.07361322616252748,11.382954060741776
1132,226.5510340226818,0.5416666666666666,0.2,0.75,0.5,0.1487030536183054,0.6269955219539941,0.15063673963284135,0.07366468479485785,11.382954060741776
1133,226.7511674449633,0.5416666666666666,0.2,0.75,0.5,0.148649340656186,0.6269913435778085,0.15064301231379473,0.07371630345220936,11.382954060741776
1134,226.9513008672448,0.5416666666666666,0.2,0.75,0.5,0.14859739264690727,0.6269839597710343,0.1506505980560885,0.07376804952596859,11.382954060741776
1135,227.15143428952635,0.5416666666666666,0.2,0.75,0.5,0.14854722361998496,0.6269734060632542,0.15065947974869529,0.07381989056806411,11.382954060741776
1136,227.35156771180786,0.5416666666666666,0.2,0.75,0.5,0.14849884679954792,0.6269597189396448,0.15066963990710433,0.07387179435370166,11.382954060741776
1137,227.55170113408937,0.5416666666666666,0.2,0.75,0.5,0.14845227421990104,0.62694293646462,0.1506810604571332,0.07392372885834442,11.382954060741776
1138,227.7518345563709,0.5416666666666666,0.2,0.75,0.5,0.14840751673548927,0.6269230982365238,0.1506937227528478,0.07397566227513773,11.382954060741776
1139,227.95196797865242,0.5416666666666666,0.2,0.75,0.5,0.14836458403184857,0.6269002453409308,0.15070760759488877,0.07402756303233042,11.382954060741776
1140,228.15210140093396,0.5416666666666666,0.2,0.75,0.5,0.14832348463754494,0.6268744203025565,0.15072269524920423,0.074079399810693,11.382954060741776
1141,228.35223482321547,0.5416666666666666,0.2,0.75,0.5,0.14828422593710047,0.6268456670357768,0.15073896546618867,0.0741311415609326,11.382954060741776
1142,228.55236824549698,0.5416666666666666,0.2,0.75,0.5,0.14824681418490726,0.6268140307937585,0.15075639750022818,0.07418275752110472,11.382954060741776
1143,228.75250166777852,0.5416666666666666,0.2,0.75,0.5,0.14821125451012213,0.6267795581325164,0.1507749701246941,0.07423421723266604,11.382954060741776
1144,228.95263509006003,0.5416666666666666,0.2,0.75,0.5,0.14817755046980466,0.6267422976119907,0.15079466142301298,0.07428549049519034,11.382954060741776
1145,229.15276851234154,0.5416666666666666,0.2,0.75,0.5,0.14814570452556503,0.6267022989911349,0.15081544903724245,0.07433654744605633,11.382954060741776
1146,229.35290193462308,0.5416666666666666,0.2,0.75,0.5,0.14811571820127015,0.6266596129434056,0.15083731025853198,0.07438735859679105,11.382954060741776
1147,229.5530353569046,0.5416666666666666,0.2,0.75,0.5,0.14808759190418688,0.6266142913213927,0.15086022195073748,0.07443789482368172,11.382954060741776
1148,229.75316877918613,0.5416666666666666,0.2,0.75,0.5,0.1480613249375074,0.6265663871095334,0.15088416056878073,0.07448812738417734,11.382954060741776
1149,229.95330220146764,0.5416666666666666,0.2,0.75,0.5,0.14803691551353765,0.626515954375964,0.15090910217725428,0.07453802793324305,11.382954060741776
1150,230.15343562374915,0.5416666666666666,0.2,0.75,0.5,0.14801436076754879,0.6264630482235108,0.1509350224692719,0.07458756853966737,11.382954060741776
1151,230.35356904603069,0.5416666666666666,0.2,0.75,0.5,0.1479936567722918,0.6264077247398203,0.15096189678556457,0.07463672170232231,11.382954060741776
1152,230.5537024683122,0.5416666666666666,0.2,0.75,0.5,0.1479747985531748,0.6263500409466262,0.15098970013382187,0.07468546036637613,11.382954060741776
1153,230.75383589059373,0.5416666666666666,0.2,0.75,0.5,0.14795778009670393,0.6262900547695659,0.15101840719917808,0.07473375793455109,11.382954060741776
1154,230.95396931287524,0.5416666666666666,0.2,0.75,0.5,0.14794259418469088,0.6262278255131317,0.15104799213984216,0.07478158816233427,11.382954060741776
1155,231.15410273515675,0.5416666666666666,0.2,0.75,0.5,0.14792923262014152,0.6261634132034947,0.15107842886387923,0.07482892531248361,11.382954060741776
1156,231.3542361574383,0.5416666666666666,0.2,0.75,0.5,0.14791768626289103,0.6260968784828128,0.15110969107143343,0.07487574418286179,11.382954060741776
1157,231.5543695797198,0.5416666666666666,0.2,0.75,0.5,0.14790794498428927,0.626028282738796,0.15114175219682108,0.07492202008009272,11.382954060741776
1158,231.75450300200131,0.5416666666666666,0.2,0.75,0.5,0.1478999976835827,0.62595768805683,0.15117458542593432,0.07496772883365188,11.382954060741776
1159,231.95463642428285,0.5416666666666666,0.2,0.75,0.5,0.14789383230483663,0.6258851571715955,0.151208163713739,0.07501284680982778,11.382954060741776
1160,232.15476984656436,0.5416666666666666,0.2,0.75,0.5,0.14788943585439795,0.6258107534181787,0.15124245980186726,0.07505735092555502,11.382954060741776
1161,232.3549032688459,0.5416666666666666,0.2,0.75,0.5,0.14788679441889802,0.6257345406826772,0.151277446236305,0.0751012186621187,11.382954060741776
1162,232.5550366911274,0.5416666666666666,0.2,0.75,0.5,0.14788589318379602,0.6256565833522989,0.1513130953851735,0.0751444280787304,11.382954060741776
1163,232.75517011340892,0.5416666666666666,0.2,0.75,0.5,0.1478867164423755,0.6255769462858117,0.15134937945804366,0.075186957813768,11.382954060741776
1164,232.95530353569046,0.5416666666666666,0.2,0.75,0.5,0.14788924746313878,0.6254956950773947,0.15138627054559983,0.07522878691386563,11.382954060741776
1165,233.15543695797197,0.5416666666666666,0.2,0.75,0.5,0.14789346870533338,0.6254128956012672,0.15142374060986635,0.07526989508353191,11.382954060741776
1166,233.35557038025348,0.5416666666666666,0.2,0.75,0.5,0.14789936182839838,0.6253286139830411,0.1514617615039722,0.07531026268458726,11.382954060741776
1167,233.55570380253502,0.5416666666666666,0.2,0.75,0.5,0.1479069076690913,0.6252429166385098,0.15150030499669298,0.07534987069570478,11.382954060741776
1168,233.75583722481653,0.5416666666666666,0.2,0.75,0.5,0.14791608626098596,0.6251558702254395,0.1515393427911265,0.07538870072244687,11.382954060741776
1169,233.95597064709807,0.5416666666666666,0.2,0.75,0.5,0.14792687685441028,0.6250675415950601,0.15157884654347736,0.07542673500705112,11.382954060741776
1170,234.15610406937958,0.5416666666666666,0.2,0.75,0.5,0.14793925793682305,0.6249779977432595,0.1516187878819505,0.07546395643796575,11.382954060741776
1171,234.3562374916611,0.5416666666666666,0.2,0.75,0.5,0.14795320725363048,0.6248873057614802,0.15165913842575388,0.07550034855913419,11.382954060741776
1172,234.55637091394263,0.5416666666666666,0.2,0.75,0.5,0.14796870182944213,0.6247955327873174,0.15169986980421002,0.07553589557902929,11.382954060741776
1173,234.75650433622414,0.5416666666666666,0.2,0.75,0.5,0.14798571763642954,0.6247027459571859,0.15174095366444093,0.07557058274194244,11.382954060741776
1174,234.95663775850565,0.5416666666666666,0.2,0.75,0.5,0.14800423093865378,0.6246090130935207,0.1517823614944002,0.07560439447342407,11.382954060741776
1175,235.1567711807872,0.5416666666666666,0.2,0.75,0.5,0.14802421600106835,0.6245144015436981,0.15182406492828576,0.07563731752694658,11.382954060741776
1176,235.3569046030687,0.5416666666666666,0.2,0.75,0.5,0.14804564707156473,0.6244189785409929,0.15186603569373683,0.07566933869370426,11.382954060741776
1177,235.55703802535024,0.5416666666666666,0.2,0.75,0.5,0.14806849775399858,0.6243228111888744,0.15190824560035984,0.07570044545676598,11.382954060741776
1178,235.75717144763175,0.5416666666666666,0.2,0.75,0.5,0.1480927410315735,0.6242259664179898,0.15195066655685532,0.07573062599358021,11.382954060741776
1179,235.95730486991326,0.5416666666666666,0.2,0.75,0.5,0.14811834929022455,0.6241285109431493,0.15199327058814457,0.07575986917848045,11.382954060741776
1180,236.1574382921948,0.5416666666666666,0.2,0.75,0.5,0.14814529434200194,0.6240305112203102,0.1520360298524964,0.07578816458519028,11.382954060741776
1181,236.3575717144763,0.5416666666666666,0.2,0.75,0.5,0.14817354744845446,0.6239320334035618,0.15207891665865375,0.07581550248932872,11.382954060741776
1182,236.55770513675782,0.5416666666666666,0.2,0.75,0.5,0.14820307934401325,0.6238331433021095,0.15212190348296067,0.07584187387091537,11.382954060741776
1183,236.75783855903936,0.5416666666666666,0.2,0.75,0.5,0.14823386025569485,0.623733906374054,0.1521649629678764,0.07586727040237354,11.382954060741776
1184,236.95797198132087,0.5416666666666666,0.2,0.75,0.5,0.148265859901008,0.6236343879380761,0.15220806781026527,0.07589168435064941,11.382954060741776
1185,237.1581054036024,0.5416666666666666,0.2,0.75,0.5,0.148299047550454,0.6235346527393575,0.1522511909763384,0.07591510873384899,11.382954060741776
1186,237.35823882588392,0.5416666666666666,0.2,0.75,0.5,0.14833339204222143,0.6234347649934324,0.15229430567483943,0.07593753728950561,11.382954060741776
1187,237.55837224816543,0.5416666666666666,0.2,0.75,0.5,0.1483688618006488,0.623334788392366,0.1523373853492875,0.07595896445769657,11.382954060741776
1188,237.75850567044697,0.5416666666666666,0.2,0.75,0.5,0.14840542485936,0.6232347860642217,0.1523804036938477,0.07597938538256951,11.382954060741776
1189,237.95863909272848,0.5416666666666666,0.2,0.75,0.5,0.14844304888439946,0.6231348205325289,0.15242333466920163,0.0759987959138689,11.382954060741776
1190,238.15877251500999,0.5416666666666666,0.2,0.75,0.5,0.1484817011973672,0.6230349536757515,0.15246615251841786,0.07601719260846236,11.382954060741776
1191,238.35890593729152,0.5416666666666666,0.2,0.75,0.5,0.1485213487894838,0.6229352467119892,0.15250883177736335,0.07603457272116253,11.382954060741776
1192,238.55903935957303,0.5416666666666666,0.2,0.75,0.5,0.148561958182592,0.6228357606095097,0.1525513471929914,0.07605093401490574,11.382954060741776
1193,238.75917278185457,0.5416666666666666,0.2,0.75,0.5,0.14860349564865977,0.6227365554999109,0.1525936738573991,0.07606627499402911,11.382954060741776
1194,238.95930620413608,0.5416666666666666,0.2,0.75,0.5,0.148645927233965,0.6226376906346689,0.1526357872243297,0.07608059490703531,11.382954060741776
1195,239.1594396264176,0.5416666666666666,0.2,0.75,0.5,0.14868921873390223,0.6225392244790587,0.15267766309595546,0.07609389369108242,11.382954060741776
1196,239.35957304869913,0.5416666666666666,0.2,0.75,0.5,0.14873333571459588,0.6224412146758558,0.15271927763783275,0.07610617197171439,11.382954060741776
1197,239.55970647098064,0.5416666666666666,0.2,0.75,0.5,0.1487782435345138,0.6223437180090374,0.15276060739385613,0.07611743106259146,11.382954060741776
1198,239.75983989326215,0.5416666666666666,0.2,0.75,0.5,0.14882390736608064,0.6222467903674842,0.15280162930121338,0.0761276729652206,11.382954060741776
1199,239.9599733155437,0.5416666666666666,0.2,0.75,0.5,0.14887029221768122,0.6221504867142659,0.15284232070321024,0.07613690036484151,11.382954060741776
1200,240.1601067378252,0.5416666666666666,0.2,0.75,0.5,0.14891736298828726,0.6220548615231429,0.15288265918391364,0.07614511630465491,11.382954060741776
1201,240.36024016010674,0.5416666666666666,0.2,0.75,0.5,0.14896508446107048,0.6219599683412613,0.1529226227360382,0.07615232446162877,11.382954060741776
1202,240.56037358238825,0.5416666666666666,0.2,0.75,0.5,0.1490134213086936,0.6218658595190929,0.15296218986504967,0.07615852930716263,11.382954060741776
1203,240.76050700466976,0.5416666666666666,0.2,0.75,0.5,0.14906233813077188,0.6217725864011081,0.15300133951756012,0.0761637359505587,11.382954060741776
1204,240.9606404269513,0.5416666666666666,0.2,0.75,0.5,0.14911179947582978,0.6216801992943892,0.15304005109440913,0.07616795013537066,11.382954060741776
1205,241.1607738492328,0.5416666666666666,0.2,0.75,0.5,0.14916176986325713,0.6215887474372439,0.15307830446374535,0.07617117823575248,11.382954060741776
1206,241.36090727151432,0.5416666666666666,0.2,0.75,0.5,0.1492122138052656,0.6214982789678184,0.15311607997410756,0.07617342725280726,11.382954060741776
1207,241.56104069379586,0.5416666666666666,0.2,0.75,0.5,0.14926309582884514,0.6214088408927112,0.1531533584675064,0.07617470481093605,11.382954060741776
1208,241.76117411607737,0.5416666666666666,0.2,0.75,0.5,0.14931438049470094,0.621320479516265,0.15319012110382088,0.07617501888521207,11.382954060741776
1209,241.9613075383589,0.5416666666666666,0.2,0.75,0.5,0.14936603241993224,0.6212332402989564,0.15322634941902502,0.07617437786208527,11.382954060741776
1210,242.16144096064042,0.5416666666666666,0.2,0.75,0.5,0.1494180163042858,0.6211471671703902,0.15326202560679786,0.07617279091852514,11.382954060741776
1211,242.36157438292193,0.5416666666666666,0.2,0.75,0.5,0.14947029694952854,0.6210623028921353,0.15329713237013895,0.07617026778819629,11.382954060741776
1212,242.56170780520347,0.5416666666666666,0.2,0.75,0.5,0.1495228392813593,0.6209786890331215,0.15333165293167164,0.0761668187538466,11.382954060741776
1213,242.76184122748498,0.5416666666666666,0.2,0.75,0.5,0.14957560837132405,0.620896365944555,0.15336557104414314,0.07616245463997681,11.382954060741776
1214,242.9619746497665,0.5416666666666666,0.2,0.75,0.5,0.14962856945873107,0.6208153727348329,0.15339887100092506,0.07615718680551,11.382954060741776
1215,243.16210807204803,0.5416666666666666,0.2,0.75,0.5,0.14968168797256579,0.6207357472444586,0.15343153764651368,0.07615102713646105,11.382954060741776
1216,243.36224149432954,0.5416666666666666,0.2,0.75,0.5,0.14973492949940836,0.620657526363978,0.1534635562596603,0.07614398787695227,11.382954060741776
1217,243.56237491661108,0.5416666666666666,0.2,0.75,0.5,0.14978825976270152,0.6205807462798122,0.15349491246327568,0.07613608149420949,11.382954060741776
1218,243.7625083388926,0.5416666666666666,0.2,0.75,0.5,0.14984164480414394,0.6205054414360832,0.1535255926111076,0.07612732114866412,11.382954060741776
1219,243.9626417611741,0.5416666666666666,0.2,0.75,0.5,0.14989505093020067,0.6204316449885389,0.1535555836203767,0.07611772046088268,11.382954060741776
1220,244.16277518345564,0.5416666666666666,0.2,0.75,0.5,0.14994844473018198,0.6203593888038375,0.15358487297322793,0.07610729349275151,11.382954060741776
1221,244.36290860573715,0.5416666666666666,0.2,0.75,0.5,0.15000179309706804,0.6202887034413902,0.15361344872465865,0.07609605473688195,11.382954060741776
1222,244.56304202801866,0.5416666666666666,0.2,0.75,0.5,0.15005506324833362,0.6202196181352027,0.15364129951044714,0.0760840191060154,11.382954060741776
1223,244.7631754503002,0.5416666666666666,0.2,0.75,0.5,0.15010822274677268,0.620152160775717,0.15366841455508065,0.0760712019224285,11.382954060741776
1224,244.9633088725817,0.5416666666666666,0.2,0.75,0.5,0.15016123947226276,0.6200863581084567,0.1536947835847547,0.0760576188345247,11.382954060741776
1225,245.16344229486324,0.5416666666666666,0.2,0.75,0.5,0.1502140815187416,0.6200222362631659,0.15372039659566236,0.0760432856224289,11.382954060741776
1226,245.36357571714476,0.5416666666666666,0.2,0.75,0.5,0.15026671747640546,0.6199598195806142,0.15374524436766587,0.0760282185753133,11.382954060741776
1227,245.56370913942627,0.5416666666666666,0.2,0.75,0.5,0.15031911635505285,0.6198991310252161,0.1537693182836047,0.07601243433612516,11.382954060741776
1228,245.7638425617078,0.5416666666666666,0.2,0.75,0.5,0.15037124759027912,0.6198401922315258,0.15379261030891558,0.0759959498692784,11.382954060741776
1229,245.96397598398931,0.5416666666666666,0.2,0.75,0.5,0.15042308106271268,0.6197830234930981,0.15381511299648687,0.07597878244770119,11.382954060741776
1230,246.16410940627082,0.5416666666666666,0.2,0.75,0.5,0.1504745871172511,0.619727643751351,0.1538368194915133,0.07596094963988347,11.382954060741776
1231,246.36424282855236,0.5416666666666666,0.2,0.75,0.5,0.15052573658229731,0.6196740705844265,0.15385772353635063,0.07594246929692444,11.382954060741776
1232,246.56437625083387,0.5416666666666666,0.2,0.75,0.5,0.15057650074984233,0.6196223203134694,0.15387781942202192,0.07592335951466529,11.382954060741776
1233,246.7645096731154,0.5416666666666666,0.2,0.75,0.5,0.150626851162535,0.6195724086877277,0.15389710167673618,0.07590363847300015,11.382954060741776
1234,246.96464309539692,0.5416666666666666,0.2,0.75,0.5,0.15067676000481273,0.6195243497581473,0.15391556557746425,0.07588332465957463,11.382954060741776
1235,247.16477651767843,0.5416666666666666,0.2,0.75,0.5,0.1507262000289395,0.6194781561457247,0.1539332070278071,0.07586243679752772,11.382954060741776
1236,247.36490993995997,0.5416666666666666,0.2,0.75,0.5,0.1507751445327497,0.6194338391547974,0.15395002250631562,0.07584099380613615,11.382954060741776
1237,247.56504336224148,0.5416666666666666,0.2,0.75,0.5,0.1508235673765674,0.6193914087688559,0.15396600906818805,0.0758190147863876,11.382954060741776
1238,247.765176784523,0.5416666666666666,0.2,0.75,0.5,0.15087144300012537,0.6193508736463521,0.15398116434696774,0.0757965190065537,11.382954060741776
1239,247.96531020680453,0.5416666666666666,0.2,0.75,0.5,0.15091874643948427,0.6193122411165111,0.15399548655624043,0.07577352588776318,11.382954060741776
1240,248.16544362908604,0.5416666666666666,0.2,0.75,0.5,0.15096545332121342,0.6192755172240592,0.15400897446929052,0.07575005498543577,11.382954060741776
1241,248.36557705136758,0.5416666666666666,0.2,0.75,0.5,0.15101153954508226,0.6192407074440899,0.1540216270968131,0.07572612591401352,11.382954060741776
1242,248.5657104736491,0.5416666666666666,0.2,0.75,0.5,0.15105698172524584,0.6192078157651106,0.1540334440998763,0.07570175840976606,11.382954060741776
1243,248.7658438959306,0.5416666666666666,0.2,0.75,0.5,0.1511017571861701,0.6191768447300183,0.1540444257712684,0.07567697231254199,11.382954060741776
1244,248.96597731821214,0.5416666666666666,0.2,0.75,0.5,0.15114584388772032,0.6191477956294742,0.15405457294817876,0.07565178753462547,11.382954060741776
1245,249.16611074049365,0.5416666666666666,0.2,0.75,0.5,0.15118922043895386,0.6191206685044398,0.15406388701086488,0.07562622404574021,11.382954060741776
1246,249.36624416277516,0.5416666666666666,0.2,0.75,0.5,0.15123186611191325,0.6190954621487124,0.15407236988131956,0.07560030185805351,11.382954060741776
1247,249.5663775850567,0.5416666666666666,0.2,0.75,0.5,0.151273760855419,0.6190721741114615,0.15408002402193802,0.07557404101118022,11.382954060741776
1248,249.7665110073382,0.5416666666666666,0.2,0.75,0.5,0.15131488514691713,0.6190508009804027,0.15408685229903846,0.07554746157364034,11.382954060741776
1249,249.96664442961975,0.5416666666666666,0.2,0.75,0.5,0.15135522037028493,0.6190313377535293,0.15409285828530486,0.07552058359087961,11.382954060741776
1250,250.16677785190126,0.5416666666666666,0.2,0.75,0.5,0.15139474791220817,0.6190137794314549,0.1540980454928533,0.07549342716348235,11.382954060741776
1251,250.36691127418277,0.5416666666666666,0.2,0.75,0.5,0.15143345029774705,0.6189981190760077,0.15410241830803995,0.07546601231820399,11.382954060741776
1252,250.5670446964643,0.5416666666666666,0.2,0.75,0.5,0.15147131073975784,0.6189843486174844,0.1541059816026015,0.07543835904015496,11.382954060741776
1253,250.76717811874582,0.5416666666666666,0.2,0.75,0.5,0.15150831315155106,0.6189724588591522,0.1541087407313754,0.07541048725792002,11.382954060741776
1254,250.96731154102733,0.5416666666666666,0.2,0.75,0.5,0.15154444215912274,0.6189624394824913,0.15411070152966377,0.07538241682872088,11.382954060741776
1255,251.16744496330887,0.5416666666666666,0.2,0.75,0.5,0.15157968311295872,0.6189542790531768,0.15411187031024087,0.0753541675236223,11.382954060741776
1256,251.36757838559038,0.5416666666666666,0.2,0.75,0.5,0.15161402209941185,0.6189479650278008,0.15411225386000443,0.07532575901278153,11.382954060741776
1257,251.56771180787192,0.5416666666666666,0.2,0.75,0.5,0.15164744565316937,0.6189434841641064,0.15411185924455909,0.07529721093816379,11.382954060741776
1258,251.76784523015343,0.5416666666666666,0.2,0.75,0.5,0.15167994088552475,0.6189408223702995,0.15411069387978335,0.07526854286439105,11.382954060741776
1259,251.96797865243494,0.5416666666666666,0.2,0.75,0.5,0.15171149584713783,0.6189399642381078,0.15410876575392266,0.0752397741608302,11.382954060741776
1260,252.16811207471648,0.5416666666666666,0.2,0.75,0.5,0.15174209930416427,0.6189408933676006,0.15410608327281622,0.07521092405541739,11.382954060741776
1261,252.368245496998,0.5416666666666666,0.2,0.75,0.5,0.15177174074088795,0.6189435923865292,0.154102655250521,0.0751820116220604,11.382954060741776
1262,252.5683789192795,0.5416666666666666,0.2,0.75,0.5,0.15180041036162698,0.6189480429708121,0.15409849089938724,0.07515305576817218,11.382954060741776
1263,252.76851234156103,0.5416666666666666,0.2,0.75,0.5,0.1518280990919091,0.61895422586617,0.15409359981958282,0.07512407522233654,11.382954060741776
1264,252.96864576384255,0.5416666666666666,0.2,0.75,0.5,0.1518547985789166,0.6189621209109094,0.15408799198806605,0.07509508852210632,11.382954060741776
1265,253.16877918612408,0.5416666666666666,0.2,0.75,0.5,0.15188050119120053,0.6189717070598568,0.15408167774700735,0.07506611400193369,11.382954060741776
1266,253.3689126084056,0.5416666666666666,0.2,0.75,0.5,0.15190520000403343,0.6189829624104191,0.15407466779164333,0.07503716979390262,11.382954060741776
1267,253.5690460306871,0.5416666666666666,0.2,0.75,0.5,0.15192888864612325,0.6189958642396849,0.15406697315741572,0.07500827395677459,11.382954060741776
1268,253.76917945296864,0.5416666666666666,0.2,0.75,0.5,0.15195156150403857,0.6190103890169681,0.154058605206985,0.07497944427200667,11.382954060741776
1269,253.96931287525015,0.5416666666666666,0.2,0.75,0.5,0.1519732136916415,0.6190265124343017,0.15404957561641447,0.07495069825764075,11.382954060741776
1270,254.16944629753166,0.5416666666666666,0.2,0.75,0.5,0.1519938410079203,0.6190442094388606,0.15403989636078985,0.07492205319242771,11.382954060741776
1271,254.3695797198132,0.5416666666666666,0.2,0.75,0.5,0.15201343992981717,0.6190634542639726,0.15402957969933018,0.07489352610687856,11.382954060741776
1272,254.5697131420947,0.5416666666666666,0.2,0.75,0.5,0.15203200760421182,0.6190842204612863,0.15401863815994724,0.07486513377455306,11.382954060741776
1273,254.76984656437625,0.5416666666666666,0.2,0.75,0.5,0.15204954183906166,0.6191064809340975,0.15400708452325362,0.07483689270358575,11.382954060741776
1274,254.96997998665776,0.5416666666666666,0.2,0.75,0.5,0.15206604109369815,0.6191302079718317,0.15399493180601925,0.07480881912844944,11.382954060741776
1275,255.17011340893927,0.5416666666666666,0.2,0.75,0.5,0.1520815044682796,0.619155373285686,0.15398219324407664,0.07478092900195625,11.382954060741776
1276,255.3702468312208,0.5416666666666666,0.2,0.75,0.5,0.1520959318304467,0.6191819477317817,0.1539688824328684,0.07475323800490184,11.382954060741776
1277,255.57038025350232,0.5416666666666666,0.2,0.75,0.5,0.1521093239988087,0.6192099009044357,0.15395501353353516,0.07472576156321904,11.382954060741776
1278,255.77051367578383,0.5416666666666666,0.2,0.75,0.5,0.15212168219895822,0.6192392023815135,0.1539406006457758,0.07469851477375106,11.382954060741776
1279,255.97064709806537,0.5416666666666666,0.2,0.75,0.5,0.15213300828390836,0.6192698212322287,0.15392565805710984,0.07467151242675177,11.382954060741776
1280,256.1707805203469,0.5416666666666666,0.2,0.75,0.5,0.1521433047409787,0.6193017260093787,0.15391020024783722,0.07464476900180403,11.382954060741776
1281,256.3709139426284,0.5416666666666666,0.2,0.75,0.5,0.15215257468223647,0.6193348847781853,0.1538942418775685,0.07461829866200834,11.382954060741776
1282,256.57104736490993,0.5416666666666666,0.2,0.75,0.5,0.15216082183436286,0.6193692651456812,0.15387779777151175,0.07459211524844277,11.382954060741776
1283,256.77118078719144,0.5416666666666666,0.2,0.75,0.5,0.1521680505279445,0.6194048342906436,0.15386088290651614,0.07456623227489442,11.382954060741776
1284,256.97131420947295,0.5416666666666666,0.2,0.75,0.5,0.15217426568619036,0.6194415589940738,0.15384351239687236,0.0745406629228621,11.382954060741776
1285,257.1714476317545,0.5416666666666666,0.2,0.75,0.5,0.15217947281441152,0.6194794056674464,0.15382570148122757,0.0745154200369132,11.382954060741776
1286,257.371581054036,0.5416666666666666,0.2,0.75,0.5,0.15218367816221234,0.6195183400216275,0.1538074656851323,0.07449051613102661,11.382954060741776
1287,257.57171447631754,0.5416666666666666,0.2,0.75,0.5,0.15218688857374138,0.6195583273829767,0.15378882066732624,0.07446596337595449,11.382954060741776
1288,257.77184789859905,0.5416666666666666,0.2,0.75,0.5,0.15218911137179286,0.6195993329385009,0.15376978210072093,0.07444177358898402,11.382954060741776
1289,257.97198132088056,0.5416666666666666,0.2,0.75,0.5,0.15219035443723583,0.6196413215747111,0.15375036575196818,0.07441795823608367,11.382954060741776
1290,258.1721147431621,0.5416666666666666,0.2,0.75,0.5,0.1521906261975314,0.6196842579046338,0.15373058746909857,0.07439452842873505,11.382954060741776
1291,258.37224816544364,0.5416666666666666,0.2,0.75,0.5,0.15218993561482375,0.6197281062950623,0.15371046316906742,0.07437149492104539,11.382954060741776
1292,258.57238158772515,0.5416666666666666,0.2,0.75,0.5,0.15218829217360502,0.6197728308940449,0.15369000882520845,0.07434886810714043,11.382954060741776
1293,258.77251501000666,0.5416666666666666,0.2,0.75,0.5,0.15218570586795407,0.6198183956586117,0.15366924045459493,0.07432665801883806,11.382954060741776
1294,258.97264843228817,0.5416666666666666,0.2,0.75,0.5,0.15218218718834908,0.619864764382739,0.15364817410530837,0.07430487432360237,11.382954060741776
1295,259.1727818545697,0.5416666666666666,0.2,0.75,0.5,0.1521777471279016,0.6199119006863612,0.1536268258625941,0.0742835263231419,11.382954060741776
1296,259.37291527685124,0.5416666666666666,0.2,0.75,0.5,0.15217239729225768,0.6199597677990827,0.15360521195446306,0.0742626229541953,11.382954060741776
1297,259.57304869913276,0.5416666666666666,0.2,0.75,0.5,0.1521661496887346,0.6200083289766556,0.15358334855087916,0.07424217278372942,11.382954060741776
1298,259.77318212141427,0.5416666666666666,0.2,0.75,0.5,0.15215901676092983,0.6200575474321531,0.1535612517979935,0.07422218400892235,11.382954060741776
1299,259.9733155436958,0.5416666666666666,0.2,0.75,0.5,0.152151011397314,0.6201073863179104,0.153538937827816,0.07420266445695844,11.382954060741776
1300,260.1734489659773,0.5416666666666666,0.2,0.75,0.5,0.15214214691765648,0.6201578087506322,0.15351642274700456,0.07418362158470551,11.382954060741776
1301,260.37358238825885,0.5416666666666666,0.2,0.75,0.5,0.15213243705912285,0.620208777836546,0.15349372262565553,0.07416506247867435,11.382954060741776
1302,260.57371581054036,0.5416666666666666,0.2,0.75,0.5,0.15212189596204326,0.6202602566966,0.15347085348609482,0.07414699385526072,11.382954060741776
1303,260.7738492328219,0.5416666666666666,0.2,0.75,0.5,0.15211053815535266,0.6203122084917067,0.15344783129167,0.07412942206126952,11.382954060741776
1304,260.9739826551034,0.5416666666666666,0.2,0.75,0.5,0.15209837854170238,0.6203645964480315,0.1534246719355434,0.07411235307472153,11.382954060741776
1305,261.1741160773849,0.5416666666666666,0.2,0.75,0.5,0.15208543241404118,0.6204173838159656,0.15340139127874788,0.0740957924912442,11.382954060741776
1306,261.37424949966646,0.5416666666666666,0.2,0.75,0.5,0.1520717154565071,0.6204705338612,0.15337800516444636,0.07407974551784538,11.382954060741776
1307,261.574382921948,0.5416666666666666,0.2,0.75,0.5,0.1520572436471178,0.6205240100601049,0.1533545292805676,0.07406421701220857,11.382954060741776
1308,261.7745163442295,0.5416666666666666,0.2,0.75,0.5,0.15204203328305718,0.6205777760386124,0.15333097921287764,0.07404921146545164,11.382954060741776
1309,261.974649766511,0.5416666666666666,0.2,0.75,0.5,0.15202610096617394,0.6206317955934956,0.1533073704369225,0.07403473300340686,11.382954060741776
1310,262.1747831887925,0.5416666666666666,0.2,0.75,0.5,0.15200946358717624,0.6206860327157285,0.1532837183084598,0.07402078538863432,11.382954060741776
1311,262.374916611074,0.5416666666666666,0.2,0.75,0.5,0.1519921383095443,0.6207404516137945,0.153260038053964,0.07400737202269604,11.382954060741776
1312,262.5750500333556,0.5416666666666666,0.2,0.75,0.5,0.15197414255316127,0.6207950167369423,0.15323634476120443,0.07399449594869095,11.382954060741776
1313,262.7751834556371,0.5416666666666666,0.2,0.75,0.5,0.15195549397766206,0.6208496927983894,0.15321265336989684,0.07398215985405068,11.382954060741776
1314,262.9753168779186,0.5416666666666666,0.2,0.75,0.5,0.15193621060473161,0.6209044450127864,0.15318897853370786,0.07397036584877309,11.382954060741776
1315,263.1754503002001,0.5416666666666666,0.2,0.75,0.5,0.1519163103877687,0.6209592379003352,0.1531653352792027,0.07395911643269232,11.382954060741776
1316,263.3755837224816,0.5416666666666666,0.2,0.75,0.5,0.15189581202626823,0.6210140372464227,0.15314173790557334,0.07394841282173467,11.382954060741776
1317,263.5757171447632,0.5416666666666666,0.2,0.75,0.5,0.15187473410734978,0.6210688088478042,0.15311820074435317,0.07393825630049172,11.382954060741776
1318,263.7758505670447,0.5416666666666666,0.2,0.75,0.5,0.15185309540418332,0.6211235188504395,0.1530947379423975,0.07392864780297868,11.382954060741776
1319,263.9759839893262,0.5416666666666666,0.2,0.75,0.5,0.15183091485986913,0.6211781337669671,0.15307136345525732,0.0739195879179054,11.382954060741776
1320,264.1761174116077,0.5416666666666666,0.2,0.75,0.5,0.151808211571318,0.6212326204941805,0.153048091040553,0.07391107689394746,11.382954060741776
1321,264.37625083388923,0.5416666666666666,0.2,0.75,0.5,0.15178500477313103,0.6212869463305026,0.15302493425134814,0.07390311464501718,11.382954060741776
1322,264.5763842561708,0.5416666666666666,0.2,0.75,0.5,0.1517613138214799,0.6213410789934612,0.15300190642952322,0.07389570075553462,11.382954060741776
1323,264.7765176784523,0.5416666666666666,0.2,0.75,0.5,0.15173715817798666,0.6213949866371642,0.15297902069914943,0.07388883448569869,11.382954060741776
1324,264.9766511007338,0.5416666666666666,0.2,0.75,0.5,0.1517125574285919,0.6214486378360689,0.15295628997241617,0.07388251476292222,11.382954060741776
1325,265.17678452301533,0.5416666666666666,0.2,0.75,0.5,0.1516875313900703,0.6215020014843154,0.15293372698700633,0.07387674013860698,11.382954060741776
1326,265.37691794529684,0.5416666666666666,0.2,0.75,0.5,0.15166209985383583,0.6215550470444801,0.15291134421333133,0.07387150888835187,11.382954060741776
1327,265.57705136757835,0.5416666666666666,0.2,0.75,0.5,0.15163628265100434,0.6216077444868413,0.15288915387703303,0.07386681898512044,11.382954060741776
1328,265.7771847898599,0.5416666666666666,0.2,0.75,0.5,0.1516100996539458,0.6216600642898316,0.1528671679586983,0.07386266809752354,11.382954060741776
1329,265.9773182121414,0.5416666666666666,0.2,0.75,0.5,0.1515835707611642,0.6217119774565484,0.15284539818759166,0.07385905359469494,11.382954060741776
1330,266.17745163442294,0.5416666666666666,0.2,0.75,0.5,0.15155671588217728,0.6217634555312673,0.15282385603538765,0.07385597255116697,11.382954060741776
1331,266.37758505670445,0.5416666666666666,0.2,0.75,0.5,0.15152955492239684,0.621814470615953,0.15280255270990337,0.0738534217517461,11.382954060741776
1332,266.57771847898596,0.5416666666666666,0.2,0.75,0.5,0.15150210776800824,0.6218649953867713,0.15278149914883107,0.07385139769638867,11.382954060741776
1333,266.7778519012675,0.5416666666666666,0.2,0.75,0.5,0.15147439428858087,0.6219150030838286,0.15276070602635886,0.07384989660123091,11.382954060741776
1334,266.97798532354904,0.5416666666666666,0.2,0.75,0.5,0.1514464345258007,0.6219644672198633,0.1527401838950843,0.07384891435925102,11.382954060741776
1335,267.17811874583055,0.5416666666666666,0.2,0.75,0.5,0.15141824839140292,0.6220133620300514,0.15271994297116423,0.07384844660738075,11.382954060741776
1336,267.37825216811206,0.5416666666666666,0.2,0.75,0.5,0.1513898556872821,0.6220616624353212,0.152699993153656,0.07384848872373999,11.382954060741776
1337,267.57838559039357,0.5416666666666666,0.2,0.75,0.5,0.15136127614258385,0.6221093439800242,0.15268034405620312,0.07384903582118812,11.382954060741776
1338,267.77851901267513,0.5416666666666666,0.2,0.75,0.5,0.15133252939994896,0.6221563828463873,0.1526610050017592,0.07385008275190386,11.382954060741776
1339,267.97865243495664,0.5416666666666666,0.2,0.75,0.5,0.15130363500175714,0.6222027558689651,0.15264198501731205,0.07385162411196498,11.382954060741776
1340,268.17878585723815,0.5416666666666666,0.2,0.75,0.5,0.1512746123763713,0.622248440549092,0.1526232928286078,0.07385365424592819,11.382954060741776
1341,268.37891927951966,0.5416666666666666,0.2,0.75,0.5,0.15124548082438122,0.6222934150693344,0.1526049368548748,0.07385616725140877,11.382954060741776
1342,268.5790527018012,0.5416666666666666,0.2,0.75,0.5,0.15121625950760328,0.6223376583012252,0.152586925206421,0.07385915698474968,11.382954060741776
1343,268.7791861240827,0.5416666666666666,0.2,0.75,0.5,0.15118696763996756,0.6223811493208067,0.15256926589273614,0.07386261714648884,11.382954060741776
1344,268.97931954636425,0.5416666666666666,0.2,0.75,0.5,0.15115762428303062,0.6224238678880748,0.1525519666183435,0.07386654121055024,11.382954060741776
1345,269.17945296864576,0.5416666666666666,0.2,0.75,0.5,0.1511282482408553,0.6224657946841732,0.1525350346822598,0.07387092239271088,11.382954060741776
1346,269.3795863909273,0.5416666666666666,0.2,0.75,0.5,0.15109885814476046,0.6225069110856926,0.15251847707542984,0.0738757536941163,11.382954060741776
1347,269.5797198132088,0.5416666666666666,0.2,0.75,0.5,0.1510694724410565,0.6225471991754875,0.15250230047700558,0.07388102790644961,11.382954060741776
1348,269.7798532354903,0.5416666666666666,0.2,0.75,0.5,0.15104010937878054,0.6225866417534924,0.1524865112506252,0.07388673761710099,11.382954060741776
1349,269.97998665777186,0.5416666666666666,0.2,0.75,0.5,0.15101078699743148,0.6226252223475391,0.15247111544069192,0.07389287521433666,11.382954060741776
1350,270.18012008005337,0.5416666666666666,0.2,0.75,0.5,0.15098152311470564,0.6226629252241722,0.15245611876865306,0.07389943289246828,11.382954060741776
1351,270.3802535023349,0.5416666666666666,0.2,0.75,0.5,0.1509523353142316,0.6226997353994663,0.15244152662927915,0.07390640265702213,11.382954060741776
1352,270.5803869246164,0.5416666666666666,0.2,0.75,0.5,0.15092324109776967,0.622735638245469,0.15242734426273175,0.07391377639402882,11.382954060741776
1353,270.7805203468979,0.5416666666666666,0.2,0.75,0.5,0.1508942578654974,0.6227706195193333,0.15241357674288022,0.07392154587228825,11.382954060741776
1354,270.98065376917947,0.5416666666666666,0.2,0.75,0.5,0.15086540260150247,0.62280466611727,0.15240022865052513,0.07392970263070157,11.382954060741776
1355,271.180787191461,0.5416666666666666,0.2,0.75,0.5,0.1508366920334882,0.6228377656625335,0.1523873042534899,0.07393823805048765,11.382954060741776
1356,271.3809206137425,0.5416666666666666,0.2,0.75,0.5,0.15080814262348557,0.6228699065089196,0.1523748075060813,0.07394714336151276,11.382954060741776
1357,271.581054036024,0.5416666666666666,0.2,0.75,0.5,0.15077977055736316,0.6229010777472188,0.15236274204726546,0.07395640964815177,11.382954060741776
1358,271.7811874583055,0.5416666666666666,0.2,0.75,0.5,0.15075159173433705,0.6229312692116691,0.15235111119884379,0.0739660278551493,11.382954060741776
1359,271.981320880587,0.5416666666666666,0.2,0.75,0.5,0.1507236217564808,0.6229604714864089,0.1523399179636287,0.07397598879348082,11.382954060741776
1360,272.1814543028686,0.5416666666666666,0.2,0.75,0.5,0.15069587591823544,0.6229886759119303,0.15232916502361968,0.07398628314621376,11.382954060741776
1361,272.3815877251501,0.5416666666666666,0.2,0.75,0.5,0.15066836930038882,0.6230158743691446,0.1523188548326071,0.07399690149785863,11.382954060741776
1362,272.5817211474316,0.5416666666666666,0.2,0.75,0.5,0.15064111694005342,0.6230420589016679,0.1523089897774698,0.0740078343808081,11.382954060741776
1363,272.7818545697131,0.5416666666666666,0.2,0.75,0.5,0.15061413335440751,0.6230672227137704,0.15229957175535092,0.07401907217647044,11.382954060741776
1364,272.98198799199463,0.5416666666666666,0.2,0.75,0.5,0.15058743272481898,0.6230913597625488,0.15229060234774192,0.07403060516488949,11.382954060741776
1365,273.1821214142762,0.5416666666666666,0.2,0.75,0.5,0.15056102890572762,0.6231144647231415,0.15228208283616856,0.0740424235349615,11.382954060741776
1366,273.3822548365577,0.5416666666666666,0.2,0.75,0.5,0.15053493541616106,0.6231365329909105,0.1522740142021801,0.07405451739074749,11.382954060741776
1367,273.5823882588392,0.5416666666666666,0.2,0.75,0.5,0.15050916543125106,0.6231575606836242,0.15226639712733864,0.0740668767577854,11.382954060741776
1368,273.7825216811207,0.5416666666666666,0.2,0.75,0.5,0.15048373177374952,0.6231775446436392,0.15225923199320823,0.0740794915894023,11.382954060741776
1369,273.98265510340224,0.5416666666666666,0.2,0.75,0.5,0.15045864690554467,0.6231964824400836,0.15225251888134428,0.07409235177302671,11.382954060741776
1370,274.1827885256838,0.5416666666666666,0.2,0.75,0.5,0.1504339229743264,0.6232143722750019,0.15224625761009475,0.07410544714057626,11.382954060741776
1371,274.3829219479653,0.5416666666666666,0.2,0.75,0.5,0.15040957212990677,0.6232312124199225,0.15224044795139688,0.07411876749877312,11.382954060741776
1372,274.5830553702468,0.5416666666666666,0.2,0.75,0.5,0.15038560597271514,0.6232470021636582,0.15223508926829915,0.0741323025953268,11.382954060741776
1373,274.78318879252834,0.5416666666666666,0.2,0.75,0.5,0.15036203568587916,0.6232617415697084,0.15223018060877777,0.07414604213563415,11.382954060741776
1374,274.98332221480985,0.5416666666666666,0.2,0.75,0.5,0.15033887208715155,0.6232754313732418,0.15222572074605015,0.07415997579355596,11.382954060741776
1375,275.18345563709136,0.5416666666666666,0.2,0.75,0.5,0.15031612562275073,0.623288072979232,0.15222170818011574,0.07417409321790097,11.382954060741776
1376,275.3835890593729,0.5416666666666666,0.2,0.75,0.5,0.15029380636120196,0.6232996684605906,0.15221814113929705,0.07418838403890993,11.382954060741776
1377,275.58372248165443,0.5416666666666666,0.2,0.75,0.5,0.15027192398717787,0.6233102205563014,0.15221501758178071,0.07420283787473954,11.382954060741776
1378,275.78385590393594,0.5416666666666666,0.2,0.75,0.5,0.15025048779533953,0.6233197326695551,0.15221233519715835,0.07421744433794655,11.382954060741776
1379,275.98398932621745,0.5416666666666666,0.2,0.75,0.5,0.15022950669968155,0.623328208841891,0.15221009141703604,0.074232193041391,11.382954060741776
1380,276.18412274849896,0.5416666666666666,0.2,0.75,0.5,0.15020898957096526,0.6233356532196442,0.15220828361754,0.07424707359185014,11.382954060741776
1381,276.38425617078053,0.5416666666666666,0.2,0.75,0.5,0.15018894481528475,0.6233420706946912,0.15220690887796612,0.07426207561205751,11.382954060741776
1382,276.58438959306204,0.5416666666666666,0.2,0.75,0.5,0.1501693803458964,0.6233474669366444,0.152205963969447,0.07427718874801167,11.382954060741776
1383,276.78452301534355,0.5416666666666666,0.2,0.75,0.5,0.15015030369244797,0.6233518482124312,0.15220544542398246,0.07429240267113789,11.382954060741776
1384,276.98465643762506,0.5416666666666666,0.2,0.75,0.5,0.15013172199713165,0.6233552213808491,0.15220534953733306,0.07430770708468558,11.382954060741776
1385,277.1847898599066,0.5416666666666666,0.2,0.75,0.5,0.1501136420108376,0.6233575938871223,0.15220567237191365,0.07432309173012577,11.382954060741776
1386,277.38492328218814,0.5416666666666666,0.2,0.75,0.5,0.15009607008930687,0.6233589737574572,0.15220640975968683,0.07433854639354848,11.382954060741776
1387,277.58505670446965,0.5416666666666666,0.2,0.75,0.5,0.1500790121892848,0.6233593695935982,0.15220755730505633,0.07435406091206007,11.382954060741776
1388,277.78519012675116,0.5416666666666666,0.2,0.75,0.5,0.15006247386498484,0.6233587905669672,0.15220911038791402,0.07436962518013338,11.382954060741776
1389,277.98532354903267,0.5416666666666666,0.2,0.75,0.5,0.15004646053347148,0.6233572460521252,0.15221106429944653,0.07438522911495624,11.382954060741776
1390,278.1854569713142,0.5416666666666666,0.2,0.75,0.5,0.15003097730244971,0.6233547458471397,0.1522134141619111,0.07440086268849894,11.382954060741776
1391,278.3855903935957,0.5416666666666666,0.2,0.75,0.5,0.15001602871979067,0.6233513004989206,0.15221615480977377,0.07441651597151433,11.382954060741776
1392,278.58572381587726,0.5416666666666666,0.2,0.75,0.5,0.1500016189507538,0.6233469210549243,0.15221928088199316,0.07443217911232815,11.382954060741776
1393,278.78585723815877,0.5416666666666666,0.2,0.75,0.5,0.14998775177638501,0.6233416190546983,0.15222278682602208,0.07444784234289405,11.382954060741776
1394,278.9859906604403,0.5416666666666666,0.2,0.75,0.5,0.14997443059191454,0.6233354065214269,0.15222666690180922,0.07446349598484885,11.382954060741776
1395,279.1861240827218,0.5416666666666666,0.2,0.75,0.5,0.14996165840515502,0.623328295953476,0.1522309151858009,0.0744791304555676,11.382954060741776
1396,279.3862575050033,0.5416666666666666,0.2,0.75,0.5,0.14994943783489947,0.6233203003159387,0.1522355255749426,0.07449473627421882,11.382954060741776
1397,279.58639092728487,0.5416666666666666,0.2,0.75,0.5,0.14993777110931933,0.6233114330321798,0.15224049179068086,0.07451030406781961,11.382954060741776
1398,279.7865243495664,0.5416666666666666,0.2,0.75,0.5,0.14992666033209018,0.6233017076787594,0.15224580748368216,0.07452582450546792,11.382954060741776
1399,279.9866577718479,0.5416666666666666,0.2,0.75,0.5,0.1499161070630098,0.6232911384398462,0.15225146608066872,0.07454128841647484,11.382954060741776
1400,280.1867911941294,0.5416666666666666,0.2,0.75,0.5,0.14990611276426125,0.6232797396025627,0.15225746095690393,0.0745566866762718,11.382954060741776
1401,280.3869246164109,0.5416666666666666,0.2,0.75,0.5,0.14989667831256193,0.6232675260872564,0.1522637852572705,0.07457201034291075,11.382954060741776
1402,280.5870580386925,0.5416666666666666,0.2,0.75,0.5,0.1498878042261729,0.6232545131857623,0.15227043198627413,0.07458725060179026,11.382954060741776
1403,280.787191460974,0.5416666666666666,0.2,0.75,0.5,0.14987949066406211,0.623240716552099,0.15227739401233317,0.07460239877150532,11.382954060741776
1404,280.9873248832555,0.5416666666666666,0.2,0.75,0.5,0.14987173742529863,0.6232261521929108,0.15228466407215493,0.07461744630963528,11.382954060741776
1405,281.187458305537,0.5416666666666666,0.2,0.75,0.5,0.14986454394867735,0.6232108364576534,0.152292234775199,0.07463238481846989,11.382954060741776
1406,281.3875917278185,0.5416666666666666,0.2,0.75,0.5,0.14985790931257456,0.6231947860285245,0.1523000986082271,0.07464720605067345,11.382954060741776
1407,281.5877251501,0.5416666666666666,0.2,0.75,0.5,0.1498518323064202,0.6231780178500431,0.15230824796004575,0.07466190188349052,11.382954060741776
1408,281.7878585723816,0.5416666666666666,0.2,0.75,0.5,0.14984631164932213,0.6231605489346902,0.1523166751877154,0.07467646422827186,11.382954060741776
1409,281.9879919946631,0.5416666666666666,0.2,0.75,0.5,0.14984134553818398,0.623142396732943,0.15232537249393516,0.07469088523493743,11.382954060741776
1410,282.1881254169446,0.5416666666666666,0.2,0.75,0.5,0.1498369318135227,0.6231235789832474,0.1523343319784227,0.07470515722480667,11.382954060741776
1411,282.3882588392261,0.5416666666666666,0.2,0.75,0.5,0.1498330679919029,0.6231041136742156,0.15234354565174926,0.07471927268213177,11.382954060741776
1412,282.58839226150764,0.5416666666666666,0.2,0.75,0.5,0.14982975127025647,0.6230840190304293,0.15235300544127764,0.07473322425803607,11.382954060741776
1413,282.7885256837892,0.5416666666666666,0.2,0.75,0.5,0.14982697853055407,0.6230633134978871,0.15236270319722134,0.0747470047743369,11.382954060741776
1414,282.9886591060707,0.5416666666666666,0.2,0.75,0.5,0.1498247463448294,0.623042015729092,0.15237263069882478,0.0747606072272533,11.382954060741776
1415,283.1887925283522,0.5416666666666666,0.2,0.75,0.5,0.14982305098055537,0.6230201445677814,0.1523827796606646,0.07477402479099804,11.382954060741776
1416,283.38892595063373,0.5416666666666666,0.2,0.75,0.5,0.149821888406373,0.6229977190333001,0.1523931417390718,0.0747872508212545,11.382954060741776
1417,283.58905937291524,0.5416666666666666,0.2,0.75,0.5,0.14982125429817247,0.6229747583046137,0.15240370853867524,0.07480027885853803,11.382954060741776
1418,283.7891927951968,0.5416666666666666,0.2,0.75,0.5,0.1498211440511064,0.6229512817213024,0.15241447161191982,0.07481310261567083,11.382954060741776
1419,283.9893262174783,0.5416666666666666,0.2,0.75,0.5,0.1498215528170868,0.6229273088622809,0.1524254224265211,0.07482571589411074,11.382954060741776
1420,284.18945963975983,0.5416666666666666,0.2,0.75,0.5,0.14982247545904262,0.6229028593644345,0.15243655244009444,0.07483811273642801,11.382954060741776
1421,284.38959306204134,0.5416666666666666,0.2,0.75,0.5,0.14982390657319627,0.6228779529511441,0.15244785308824607,0.07485028738741314,11.382954060741776
1422,284.58972648432285,0.5416666666666666,0.2,0.75,0.5,0.14982584050268766,0.6228526094324723,0.15245931578431798,0.07486223428052165,11.382954060741776
1423,284.7898599066044,0.5416666666666666,0.2,0.75,0.5,0.14982827134613444,0.6228268486881646,0.15247093192618977,0.07487394803951086,11.382954060741776
1424,284.98999332888593,0.5416666666666666,0.2,0.75,0.5,0.14983119296655922,0.622800690650337,0.15248269290318303,0.07488542347992039,11.382954060741776
1425,285.19012675116744,0.5416666666666666,0.2,0.75,0.5,0.14983459900068347,0.6227741552858517,0.15249459010306832,0.07489665561039627,11.382954060741776
1426,285.39026017344895,0.5416666666666666,0.2,0.75,0.5,0.1498384828685884,0.6227472625783784,0.1525066149191743,0.07490763963385869,11.382954060741776
1427,285.59039359573046,0.5416666666666666,0.2,0.75,0.5,0.14984283778374252,0.6227200325101441,0.15251875875759974,0.07491837094851347,11.382954060741776
1428,285.79052701801197,0.5416666666666666,0.2,0.75,0.5,0.14984765676339615,0.6226924850433686,0.15253101304452785,0.07492884514870725,11.382954060741776
1429,285.99066044029354,0.5416666666666666,0.2,0.75,0.5,0.14985293259779334,0.6226646401598472,0.15254336921309486,0.0749390580292644,11.382954060741776
1430,286.19079386257505,0.5416666666666666,0.2,0.75,0.5,0.14985865744413565,0.6226365184287033,0.15255581850460187,0.0749490056225591,11.382954060741776
1431,286.39092728485656,0.5416666666666666,0.2,0.75,0.5,0.14986482345197621,0.6226081401231401,0.15256835227973892,0.07495868414514456,11.382954060741776
1432,286.59106070713807,0.5416666666666666,0.2,0.75,0.5,0.14987142267433198,0.6225795253423789,0.15258096197648385,0.0749680900068051,11.382954060741776
1433,286.7911941294196,0.5416666666666666,0.2,0.75,0.5,0.14987844697583938,0.6225506941379575,0.15259363906646017,0.07497721981974277,11.382954060741776
1434,286.99132755170115,0.5416666666666666,0.2,0.75,0.5,0.14988588804076677,0.6225216664997373,0.15260637506059985,0.07498607039889581,11.382954060741776
1435,287.19146097398266,0.5416666666666666,0.2,0.75,0.5,0.14989373738121142,0.6224924623418533,0.15261916151481827,0.07499463876211665,11.382954060741776
1436,287.39159439626417,0.5416666666666666,0.2,0.75,0.5,0.1499019863454804,0.6224631014886078,0.1526319900357017,0.07500292213020963,11.382954060741776
1437,287.5917278185457,0.5416666666666666,0.2,0.75,0.5,0.14991062612665593,0.6224336036603089,0.15264485228620644,0.07501091792682832,11.382954060741776
1438,287.7918612408272,0.5416666666666666,0.2,0.75,0.5,0.14991964777134487,0.6224039884590514,0.1526577399913707,0.07501862377823254,11.382954060741776
1439,287.99199466310876,0.5416666666666666,0.2,0.75,0.5,0.14992904218861236,0.6223742753544439,0.1526706449440382,0.07502603751290501,11.382954060741776
1440,288.19212808539027,0.5416666666666666,0.2,0.75,0.5,0.1499388001487679,0.6223444836841214,0.15268355900512476,0.07503315716198536,11.382954060741776
1441,288.3922615076718,0.5416666666666666,0.2,0.75,0.5,0.14994891208174913,0.6223146329423834,0.15269647399771025,0.07503998097815659,11.382954060741776
1442,288.5923949299533,0.5416666666666666,0.2,0.75,0.5,0.1499593683498305,0.622284742387583,0.15270938185214383,0.07504650741044201,11.382954060741776
1443,288.7925283522348,0.5416666666666666,0.2,0.75,0.5,0.14997015926131974,0.6222548310218446,0.15272227461394763,0.07505273510288733,11.382954060741776
1444,288.9926617745163,0.5416666666666666,0.2,0.75,0.5,0.14998127500968966,0.6222249176781163,0.15273514441216232,0.075058662900031,11.382954060741776
1445,289.1927951967979,0.5416666666666666,0.2,0.75,0.5,0.1499927056813221,0.6221950210088568,0.15274798346392865,0.07506428984589165,11.382954060741776
1446,289.3929286190794,0.5416666666666666,0.2,0.75,0.5,0.15000444126334347,0.6221651594747996,0.1527607840790328,0.07506961518282348,11.382954060741776
1447,289.5930620413609,0.5416666666666666,0.2,0.75,0.5,0.15001647165155294,0.622135351333791,0.15277353866441512,0.07507463835024009,11.382954060741776
1448,289.7931954636424,0.5416666666666666,0.2,0.75,0.5,0.15002878665844324,0.6221056146297071,0.1527862397286426,0.07507935898320622,11.382954060741776
1449,289.9933288859239,0.5416666666666666,0.2,0.75,0.5,0.1500413760213133,0.6220759671814434,0.15279887988634464,0.07508377691089789,11.382954060741776
1450,290.1934623082055,0.5416666666666666,0.2,0.75,0.5,0.15005422941047378,0.6220464265719825,0.15281145186261252,0.07508789215493045,11.382954060741776
1451,290.393595730487,0.5416666666666666,0.2,0.75,0.5,0.15006733643546843,0.6220170101407795,0.15282394849601807,0.07509170492773327,11.382954060741776
1452,290.5937291527685,0.5416666666666666,0.2,0.75,0.5,0.1500806865362756,0.6219877351559955,0.15283636266705294,0.07509521564067531,11.382954060741776
1453,290.79386257505,0.5416666666666666,0.2,0.75,0.5,0.15009426910944115,0.6219586186200561,0.15284868737860513,0.07509842489189698,11.382954060741776
1454,290.9939959973315,0.5416666666666666,0.2,0.75,0.5,0.1501080735579241,0.6219296771945689,0.15286091578693836,0.07510133346056798,11.382954060741776
1455,291.1941294196131,0.5416666666666666,0.2,0.75,0.5,0.15012208924564874,0.6219009272742823,0.15287304117086634,0.07510394230920213,11.382954060741776
1456,291.3942628418946,0.5416666666666666,0.2,0.75,0.5,0.15013630550491397,0.6218723849787158,0.1528850569350592,0.07510625258131053,11.382954060741776
1457,291.5943962641761,0.5416666666666666,0.2,0.75,0.5,0.15015071164384095,0.6218440661439525,0.15289695661327868,0.07510826559892744,11.382954060741776
1458,291.7945296864576,0.5416666666666666,0.2,0.75,0.5,0.1501652969538588,0.6218159863145902,0.1529087338715414,0.07510998286000911,11.382954060741776
1459,291.99466310873913,0.5416666666666666,0.2,0.75,0.5,0.15018005071722823,0.6217881607358553,0.15292038251121085,0.07511140603570528,11.382954060741776
1460,292.19479653102064,0.5416666666666666,0.2,0.75,0.5,0.15019496221460346,0.621760604345875,0.15293189647201752,0.07511253696750361,11.382954060741776
1461,292.3949299533022,0.5416666666666666,0.2,0.75,0.5,0.1502100207326322,0.6217333317681129,0.15294326983500764,0.07511337766424696,11.382954060741776
1462,292.5950633755837,0.5416666666666666,0.2,0.75,0.5,0.1502252155714735,0.6217063573041015,0.15295449682538065,0.07511393029904398,11.382954060741776
1463,292.79519679786523,0.5416666666666666,0.2,0.75,0.5,0.15024053598470477,0.6216796950046866,0.15296557179292244,0.07511419721768582,11.382954060741776
1464,292.99533022014674,0.5416666666666666,0.2,0.75,0.5,0.1502559712331112,0.6216533586095799,0.1529764892299499,0.07511418092735858,11.382954060741776
1465,293.19546364242825,0.5416666666666666,0.2,0.75,0.5,0.15027151064980152,0.6216273614740004,0.1529872437929101,0.07511388408328759,11.382954060741776
1466,293.3955970647098,0.5416666666666666,0.2,0.75,0.5,0.15028714360295067,0.6216017166140839,0.15299783029009975,0.07511330949286525,11.382954060741776
1467,293.59573048699133,0.5416666666666666,0.2,0.75,0.5,0.15030285950273656,0.6215764367013142,0.15300824368389015,0.07511246011205859,11.382954060741776
1468,293.79586390927284,0.5416666666666666,0.2,0.75,0.5,0.15031864780827864,0.6215515340571568,0.15301847909286823,0.07511133904169585,11.382954060741776
1469,293.99599733155435,0.5416666666666666,0.2,0.75,0.5,0.15033449803457874,0.6215270206478943,0.1530285317938943,0.07510994952363206,11.382954060741776
1470,294.19613075383586,0.5416666666666666,0.2,0.75,0.5,0.1503503997594639,0.6215029080796652,0.15303839722407658,0.07510829493679372,11.382954060741776
1471,294.3962641761174,0.5416666666666666,0.2,0.75,0.5,0.15036634263053125,0.621479207593704,0.15304807098266182,0.07510637879310236,11.382954060741776
1472,294.59639759839894,0.5416666666666666,0.2,0.75,0.5,0.1503823163720951,0.6214559300617842,0.15305754883284275,0.07510420473327731,11.382954060741776
1473,294.79653102068045,0.5416666666666666,0.2,0.75,0.5,0.15039831079213598,0.6214330859818642,0.15306682670348196,0.07510177652251729,11.382954060741776
1474,294.99666444296196,0.5416666666666666,0.2,0.75,0.5,0.1504143157130126,0.6214106855439341,0.15307590065465615,0.07509909808839645,11.382954060741776
1475,295.19679786524347,0.5416666666666666,0.2,0.75,0.5,0.15043032099209466,0.6213887386135067,0.1530847668856899,0.07509617350870791,11.382954060741776
1476,295.396931287525,0.5416666666666666,0.2,0.75,0.5,0.1504463166545335,0.6213672546123507,0.15309342179619728,0.07509300693691781,11.382954060741776
1477,295.59706470980655,0.5416666666666666,0.2,0.75,0.5,0.1504622928239994,0.6213462425849271,0.1531018619513849,0.07508960263968784,11.382954060741776
1478,295.79719813208806,0.5416666666666666,0.2,0.75,0.5,0.15047823972807586,0.6213257111964852,0.1531100840826172,0.07508596499282105,11.382954060741776
1479,295.99733155436957,0.5416666666666666,0.2,0.75,0.5,0.15049414770391661,0.6213056687311184,0.153118085088022,0.07508209847694226,11.382954060741776
1480,296.1974649766511,0.5416666666666666,0.2,0.75,0.5,0.1505100072038537,0.6212861230900719,0.15312586203298822,0.07507800767308544,11.382954060741776
1481,296.3975983989326,0.5416666666666666,0.2,0.75,0.5,0.15052580880095712,0.6212670817902974,0.15313341215055618,0.07507369725818853,11.382954060741776
1482,296.59773182121415,0.5416666666666666,0.2,0.75,0.5,0.15054154319454524,0.6212485519632585,0.15314073284170013,0.07506917200049547,11.382954060741776
1483,296.79786524349566,0.5416666666666666,0.2,0.75,0.5,0.15055720121564686,0.6212305403539833,0.15314782167550373,0.07506443675486545,11.382954060741776
1484,296.9979986657772,0.5416666666666666,0.2,0.75,0.5,0.15057277383241435,0.621213053320368,0.15315467638922742,0.07505949645798946,11.382954060741776
1485,297.1981320880587,0.5416666666666666,0.2,0.75,0.5,0.15058825212243887,0.6211960968347469,0.1531612948842096,0.07505435615860392,11.382954060741776
1486,297.3982655103402,0.5416666666666666,0.2,0.75,0.5,0.15060362726119875,0.6211796764847225,0.15316767522364758,0.07504902103043046,11.382954060741776
1487,297.59839893262176,0.5416666666666666,0.2,0.75,0.5,0.15061889061722994,0.6211637974677259,0.1531738156433842,0.07504349627165921,11.382954060741776
1488,297.7985323549033,0.5416666666666666,0.2,0.75,0.5,0.1506340337112335,0.6211484645941314,0.15317971454588203,0.07503778714875219,11.382954060741776
1489,297.9986657771848,0.5416666666666666,0.2,0.75,0.5,0.15064904821924568,0.6211336822879269,0.1531853704995079,0.07503189899331869,11.382954060741776
1490,298.1987991994663,0.5416666666666666,0.2,0.75,0.5,0.15066392597702535,0.6211194545875548,0.1531907822378649,0.07502583719755401,11.382954060741776
1491,298.3989326217478,0.5416666666666666,0.2,0.75,0.5,0.15067865898436344,0.621105785147006,0.15319594865901384,0.07501960720961581,11.382954060741776
1492,298.5990660440293,0.5416666666666666,0.2,0.75,0.5,0.15069323940931556,0.6210926772371621,0.1532008688245832,0.07501321452893815,11.382954060741776
1493,298.7991994663109,0.5416666666666666,0.2,0.75,0.5,0.15070765959235663,0.6210801337473907,0.15320554195876823,0.07500666470148341,11.382954060741776
1494,298.9993328885924,0.5416666666666666,0.2,0.75,0.5,0.1507219120504584,0.6210681571873898,0.1532099674472189,0.0749999633149318,11.382954060741776
1495,299.1994663108739,0.5416666666666666,0.2,0.75,0.5,0.15073598948108918,0.6210567496892841,0.15321414483581686,0.07499311599380867,11.382954060741776
1496,299.3995997331554,0.5416666666666666,0.2,0.75,0.5,0.15074988473051362,0.6210459130136731,0.15321807383379685,0.07498612842201521,11.382954060741776
1497,299.5997331554369,0.5416666666666666,0.2,0.75,0.5,0.1507635907448438,0.6210356485577141,0.1532217543189049,0.074979006378536,11.382954060741776
1498,299.7998665777185,0.5416666666666666,0.2,0.75,0.5,0.1507771007217786,0.6210259573425955,0.15322518631733376,0.074971755618291,11.382954060741776
1499,300.0,0.5416666666666666,0.2,0.75,0.5,0.15079040804901606,0.6210168400234183,0.15322837001022052,0.07496438191734393,11.382954060741776
