,time,sigma,beta,S,I,C,D
0,0.0,0.41000000000000003,0.25,0.9998,0.0002,0.5,0.5
1,0.5016722408026756,0.41000000000000003,0.25,0.9997969919296239,0.00020300807037612162,0.47911264640026374,0.5208873535997364
2,1.0033444816053512,0.41000000000000003,0.25,0.999793599111094,0.0002064008889061225,0.458298080333832,0.5417019196661681
3,1.5050167224080266,0.41000000000000003,0.25,0.9997898042619154,0.00021019573808483667,0.43762811282402375,0.5623718871759763
4,2.0066889632107023,0.41000000000000003,0.25,0.9997855904482087,0.00021440955179158057,0.41717252084374135,0.5828274791562588
5,2.508361204013378,0.41000000000000003,0.25,0.9997809397054672,0.0002190602945331689,0.3969981672847402,0.6030018327152599
6,3.0100334448160533,0.41000000000000003,0.25,0.9997758329801778,0.00022416701982258002,0.3771681538479552,0.6228318461520449
7,3.511705685618729,0.41000000000000003,0.25,0.9997702500764587,0.0002297499235416172,0.357741120678956,0.6422588793210441
8,4.013377926421405,0.41000000000000003,0.25,0.9997641695889519,0.00023583041104846292,0.33877053919545874,0.6612294608045414
9,4.51505016722408,0.41000000000000003,0.25,0.9997575688444267,0.00024243115557367364,0.3203043364512321,0.679695663548768
10,5.016722408026756,0.41000000000000003,0.25,0.9997504238317105,0.00024957616828988853,0.30238449916957433,0.6976155008304258
11,5.518394648829432,0.41000000000000003,0.25,0.9997427091294142,0.0002572908705862054,0.28504687115137306,0.714953128848627
12,6.020066889632107,0.41000000000000003,0.25,0.9997343978297469,0.0002656021702534726,0.26832108200953236,0.7316789179904677
13,6.521739130434782,0.41000000000000003,0.25,0.9997254614578015,0.00027453854219897594,0.2522306024863558,0.7477693975136442
14,7.023411371237458,0.41000000000000003,0.25,0.9997158698885933,0.00028413011140715526,0.23679284097777245,0.7632071590222277
15,7.525083612040134,0.41000000000000003,0.25,0.9997055912521626,0.00029440874783780217,0.22201951763158553,0.7779804823684145
16,8.02675585284281,0.41000000000000003,0.25,0.9996945918422154,0.0003054081577850798,0.20791694321352291,0.7920830567864773
17,8.528428093645484,0.41000000000000003,0.25,0.9996828360185863,0.00031716398141423354,0.1944863290320947,0.8055136709679055
18,9.03010033444816,0.41000000000000003,0.25,0.999670286095275,0.00032971390472545035,0.18172436449098478,0.8182756355090154
19,9.531772575250836,0.41000000000000003,0.25,0.9996569022338024,0.0003430977661979221,0.16962360913512578,0.8303763908648744
20,10.033444816053512,0.41000000000000003,0.25,0.9996426423247428,0.00035735767525763994,0.15817299408534782,0.8418270059146524
21,10.535117056856187,0.41000000000000003,0.25,0.9996274618631805,0.0003725381368198631,0.14735831778081865,0.8526416822191816
22,11.036789297658864,0.41000000000000003,0.25,0.9996113138192454,0.00038868618075501627,0.13716271702396649,0.8628372829760337
23,11.538461538461538,0.41000000000000003,0.25,0.9995941485005446,0.00040585149945580553,0.12756712719404883,0.8724328728059513
24,12.040133779264213,0.41000000000000003,0.25,0.9995759134075106,0.00042408659248977155,0.11855071745036416,0.881449282549636
25,12.54180602006689,0.41000000000000003,0.25,0.9995565530808994,0.00044344691910096033,0.11009129255299285,0.8899087074470072
26,13.043478260869565,0.41000000000000003,0.25,0.9995360089417258,0.00046399105827466956,0.10216566750671802,0.897834332493282
27,13.545150501672241,0.41000000000000003,0.25,0.9995142191217787,0.0004857808782217278,0.0947499939225673,0.9052500060774327
28,14.046822742474916,0.41000000000000003,0.25,0.999491118286305,0.0005088817136955076,0.08782005997942056,0.9121799400205793
29,14.548494983277592,0.41000000000000003,0.25,0.9994666374456482,0.0005333625543521392,0.08135154875831713,0.9186484512416828
30,15.050167224080267,0.41000000000000003,0.25,0.9994407037588084,0.0005592962411919584,0.075320264600347,0.924679735399653
31,15.551839464882944,0.41000000000000003,0.25,0.9994132403250348,0.0005867596749656548,0.06970232230475763,0.9302976776952422
32,16.05351170568562,0.41000000000000003,0.25,0.999384165965363,0.0006158340346374685,0.06447430797451663,0.9355256920254832
33,16.555183946488295,0.41000000000000003,0.25,0.9993533949925264,0.0006466050074740797,0.05961340744044601,0.9403865925595538
34,17.05685618729097,0.41000000000000003,0.25,0.9993208369678804,0.0006791630321200155,0.055097514145545944,0.9449024858544539
35,17.558528428093645,0.41000000000000003,0.25,0.9992863964472759,0.0007136035527244821,0.050905305364985026,0.9490946946350148
36,18.06020066889632,0.41000000000000003,0.25,0.9992499727114363,0.0007500272885640922,0.04701630745219909,0.9529836925478007
37,18.561872909698998,0.41000000000000003,0.25,0.9992114594840532,0.0007885405159472131,0.043410934648487005,0.9565890653515128
38,19.06354515050167,0.41000000000000003,0.25,0.9991707446346181,0.0008292553653823563,0.04007051541210471,0.9599294845878951
39,19.565217391304348,0.41000000000000003,0.25,0.9991277098671543,0.0008722901328461674,0.03697729879727747,0.9630227012027223
40,20.066889632107024,0.41000000000000003,0.25,0.9990822303868523,0.0009177696131481037,0.034114472420551226,0.9658855275794486
41,20.568561872909697,0.41000000000000003,0.25,0.9990341745567594,0.0009658254432409973,0.03146614740650934,0.9685338525934903
42,21.070234113712374,0.41000000000000003,0.25,0.9989834035356937,0.0010165964643066361,0.02901733105280041,0.9709826689471993
43,21.57190635451505,0.41000000000000003,0.25,0.9989297708935065,0.001070229106493757,0.026753921734099056,0.9732460782659006
44,22.073578595317727,0.41000000000000003,0.25,0.9988731222102369,0.0011268777897634008,0.024662669872598412,0.9753373301274012
45,22.5752508361204,0.41000000000000003,0.25,0.9988132946534339,0.0011867053465663367,0.022731153913934977,0.9772688460860647
46,23.076923076923077,0.41000000000000003,0.25,0.9987501165339114,0.0012498834660888334,0.020947746573631534,0.9790522534263681
47,23.578595317725753,0.41000000000000003,0.25,0.9986834068395216,0.0013165931604786835,0.019301579456144018,0.9806984205438557
48,24.080267558528426,0.41000000000000003,0.25,0.9986129747459,0.0013870252541001286,0.017782508932620893,0.9822174910673788
49,24.581939799331103,0.41000000000000003,0.25,0.9985386191031144,0.0014613808968858687,0.016381074981612644,0.983618925018387
50,25.08361204013378,0.41000000000000003,0.25,0.9984601278965209,0.0015398721034792012,0.015088468835320033,0.9849115311646796
51,25.585284280936456,0.41000000000000003,0.25,0.9983772776795934,0.0016227223204068292,0.013896494568840581,0.986103505431159
52,26.08695652173913,0.41000000000000003,0.25,0.9982898329818068,0.0017101670181933982,0.01279753557382314,0.9872024644261764
53,26.588628762541806,0.41000000000000003,0.25,0.998197545686117,0.001802454313883207,0.011784517164529499,0.9882154828354701
54,27.090301003344482,0.41000000000000003,0.25,0.9981001543772982,0.0018998456227019695,0.010850875090747643,0.9891491249092519
55,27.59197324414716,0.41000000000000003,0.25,0.997997383658762,0.002002616341238151,0.009990521862369858,0.9900094781376297
56,28.093645484949832,0.41000000000000003,0.25,0.9978889434377861,0.002111056562214061,0.009197816457358163,0.9908021835426414
57,28.59531772575251,0.41000000000000003,0.25,0.9977745281772448,0.0022254718227554563,0.00846753543263611,0.9915324645673634
58,29.096989966555185,0.41000000000000003,0.25,0.9976538161118177,0.002346183888182514,0.007794842632583722,0.9922051573674158
59,29.598662207357858,0.41000000000000003,0.25,0.9975264684302887,0.0024735315697115867,0.0071752650841651715,0.9928247349158343
60,30.100334448160535,0.41000000000000003,0.25,0.9973921284199251,0.0026078715800752677,0.00660466603624983,0.9933953339637497
61,30.60200668896321,0.41000000000000003,0.25,0.9972504205731956,0.00274957942680471,0.0060792220198783555,0.9939207779801211
62,31.103678929765888,0.41000000000000003,0.25,0.9971009496555858,0.002899050344414526,0.005595400674385458,0.9944045993256141
63,31.60535117056856,0.41000000000000003,0.25,0.9969432997333797,0.0030567002666206525,0.0051499390659329874,0.9948500609340665
64,32.10702341137124,0.41000000000000003,0.25,0.9967770331598844,0.0032229668401158682,0.004739825012909963,0.9952601749870895
65,32.608695652173914,0.41000000000000003,0.25,0.9966016895213388,0.0033983104786615348,0.004362277934727805,0.9956377220652717
66,33.11036789297659,0.41000000000000003,0.25,0.9964167845378035,0.003583215462196811,0.004014732124901171,0.9959852678750984
67,33.61204013377927,0.41000000000000003,0.25,0.9962218089225755,0.003778191077424781,0.003694820729252445,0.9963051792707471
68,34.11371237458194,0.41000000000000003,0.25,0.9960162271975492,0.0039837728024510275,0.003400360728562477,0.9965996392714371
69,34.61538461538461,0.41000000000000003,0.25,0.9957994764612835,0.0042005235387167226,0.003129339289980747,0.9968706607100187
70,35.11705685618729,0.41000000000000003,0.25,0.99557096511876,0.004429034881240215,0.0028799006734557533,0.9971200993265438
71,35.618729096989966,0.41000000000000003,0.25,0.9953300715581941,0.004669928441806125,0.0026503343896855927,0.9973496656103139
72,36.12040133779264,0.41000000000000003,0.25,0.9950761427910613,0.004923857208938919,0.0024390641018532293,0.9975609358981463
73,36.62207357859532,0.41000000000000003,0.25,0.9948084930448783,0.0051915069551219835,0.002244637269780796,0.9977553627302187
74,37.123745819397996,0.41000000000000003,0.25,0.994526402310716,0.0054735976892841985,0.0020657156631144775,0.997934284336885
75,37.625418060200666,0.41000000000000003,0.25,0.9942291148623994,0.005770885137600783,0.001901066566512,0.9980989334334875
76,38.12709030100334,0.41000000000000003,0.25,0.9939158377014632,0.006084162298536984,0.0017495544790591712,0.9982504455209403
77,38.62876254180602,0.41000000000000003,0.25,0.9935857389918552,0.006414261008144934,0.0016101335618334627,0.9983898664381661
78,39.130434782608695,0.41000000000000003,0.25,0.9932379465028842,0.00676205349711589,0.0014818407818468773,0.9985181592181527
79,39.63210702341137,0.41000000000000003,0.25,0.9928715458956717,0.00712845410432844,0.0013637894577909434,0.9986362105422086
80,40.13377926421405,0.41000000000000003,0.25,0.9924855790707332,0.007514420929266841,0.0012551633188400684,0.9987448366811595
81,40.635451505016725,0.41000000000000003,0.25,0.9920790425782579,0.007920957421742281,0.0011552103293334557,0.9988447896706661
82,41.137123745819395,0.41000000000000003,0.25,0.9916508857648932,0.008349114235106831,0.001063238708075934,0.9989367612919237
83,41.63879598662207,0.41000000000000003,0.25,0.9912000090748756,0.008799990925124472,0.000978612062235801,0.9990213879377637
84,42.14046822742475,0.41000000000000003,0.25,0.9907252625019264,0.00927473749807372,0.0009007434265272764,0.9990992565734723
85,42.642140468227424,0.41000000000000003,0.25,0.9902254436219835,0.009774556378016547,0.0008290932332870868,0.9991709067667125
86,43.1438127090301,0.41000000000000003,0.25,0.9896992959133503,0.01030070408664984,0.0007631653239752942,0.9992368346760242
87,43.64548494983278,0.41000000000000003,0.25,0.9891455073638517,0.010854492636148445,0.0007025020088244624,0.9992974979911751
88,44.147157190635454,0.41000000000000003,0.25,0.9885627084338553,0.011437291566144727,0.0006466826717876739,0.9993533173282119
89,44.64882943143812,0.41000000000000003,0.25,0.987949470491285,0.012050529508715132,0.0005953206534286009,0.999404679346571
90,45.1505016722408,0.41000000000000003,0.25,0.9873043047262733,0.012695695273726822,0.0005480592485325244,0.9994519407514669
91,45.65217391304348,0.41000000000000003,0.25,0.9866256601245469,0.013374339875453204,0.0005045706989370864,0.9994954293010624
92,46.15384615384615,0.41000000000000003,0.25,0.9859119221497696,0.01408807785023049,0.00046455377021700935,0.9995354462297825
93,46.65551839464883,0.41000000000000003,0.25,0.9851614121676993,0.014838587832300899,0.00042773054950231575,0.9995722694504972
94,47.15719063545151,0.41000000000000003,0.25,0.9843723855531575,0.015627614446842613,0.0003938456749925524,0.9996061543250069
95,47.65886287625418,0.41000000000000003,0.25,0.9835430307976678,0.016456969202332264,0.00036266446858138404,0.9996373355314181
96,48.16053511705685,0.41000000000000003,0.25,0.9826714697021574,0.01732853029784273,0.0003339704704931331,0.9996660295295063
97,48.66220735785953,0.41000000000000003,0.25,0.9817557557985567,0.018244244201443403,0.0003075647880260793,0.9996924352119735
98,49.163879598662206,0.41000000000000003,0.25,0.980793874117782,0.019206125882218147,0.00028326466778150216,0.9997167353322179
99,49.66555183946488,0.41000000000000003,0.25,0.9797837424665345,0.020216257533465544,0.00026090152579260457,0.9997390984742068
100,50.16722408026756,0.41000000000000003,0.25,0.9787232104079919,0.0212767895920081,0.000240320465065099,0.9997596795349344
101,50.668896321070235,0.41000000000000003,0.25,0.9776100599894396,0.022389940010560435,0.0002213791724333768,0.9997786208275661
102,51.17056856187291,0.41000000000000003,0.25,0.9764420084888626,0.023557991511137345,0.0002039463713554755,0.999796053628644
103,51.67224080267559,0.41000000000000003,0.25,0.9752167082760589,0.024783291723941163,0.0001879014377903118,0.9998120985622091
104,52.17391304347826,0.41000000000000003,0.25,0.9739317488617146,0.026068251138285446,0.00017313355309614412,0.9998268664469032
105,52.675585284280935,0.41000000000000003,0.25,0.9725846615343773,0.027415338465622715,0.00015954050312870472,0.9998404594968707
106,53.17725752508361,0.41000000000000003,0.25,0.9711729205237954,0.02882707947620454,0.00014702836717398818,0.9998529716328254
107,53.67892976588629,0.41000000000000003,0.25,0.9696939467909852,0.030306053209014916,0.0001355108685713289,0.999864489131428
108,54.180602006688964,0.41000000000000003,0.25,0.9681451149891485,0.03185488501085166,0.00012490842242873082,0.9998750915775706
109,54.68227424749164,0.41000000000000003,0.25,0.9665237564442872,0.03347624355571282,0.00011514789718307572,0.9998848521028163
110,55.18394648829432,0.41000000000000003,0.25,0.9648271651477556,0.03517283485224441,0.00010616211537967392,0.9998938378846197
111,55.68561872909699,0.41000000000000003,0.25,0.9630526074268578,0.03694739257314217,9.788911571400105e-05,0.9999021108842854
112,56.187290969899664,0.41000000000000003,0.25,0.9611973273434714,0.038802672656528606,9.027195712195095e-05,0.9999097280428774
113,56.68896321070234,0.41000000000000003,0.25,0.9592585553573961,0.04074144464260385,8.325833673785217e-05,0.9999167416632615
114,57.19063545150502,0.41000000000000003,0.25,0.9572335209577517,0.04276647904224822,7.680001350440323e-05,0.9999231999864949
115,57.69230769230769,0.41000000000000003,0.25,0.9551194611304954,0.04488053886950461,7.085265270344886e-05,0.9999291473472959
116,58.19397993311037,0.41000000000000003,0.25,0.9529136321217893,0.04708636787821076,6.537553258023754e-05,0.9999346244674191
117,58.69565217391305,0.41000000000000003,0.25,0.9506133250939416,0.04938667490605844,6.033108795071701e-05,0.9999396689120487
118,59.197324414715716,0.41000000000000003,0.25,0.9482158781239183,0.05178412187608173,5.5684798238485264e-05,0.9999443152017609
119,59.69899665551839,0.41000000000000003,0.25,0.9457186912544271,0.054281308745572965,5.1404968757101846e-05,0.9999485950312422
120,60.20066889632107,0.41000000000000003,0.25,0.9431192449768256,0.056880755023174454,4.746235622181173e-05,0.9999525376437776
121,60.702341137123746,0.41000000000000003,0.25,0.9404151165907367,0.05958488340926335,4.383006732658845e-05,0.9999561699326728
122,61.20401337792642,0.41000000000000003,0.25,0.9376039984754073,0.062396001524592834,4.0483413762886114e-05,0.9999595165862365
123,61.7056856187291,0.41000000000000003,0.25,0.9346837179715919,0.06531628202840824,3.7399634035612335e-05,0.9999626003659637
124,62.207357859531776,0.41000000000000003,0.25,0.9316522581260808,0.06834774187391937,3.455778230566627e-05,0.9999654422176937
125,62.709030100334445,0.41000000000000003,0.25,0.9285077794879362,0.07149222051206398,3.193863415669225e-05,0.9999680613658426
126,63.21070234113712,0.41000000000000003,0.25,0.9252486402776949,0.07475135972230515,2.952447328887287e-05,0.9999704755267105
127,63.7123745819398,0.41000000000000003,0.25,0.9218734197118976,0.0781265802881025,2.7298982146399075e-05,0.9999727010178528
128,64.21404682274247,0.41000000000000003,0.25,0.9183809435191027,0.08161905648089746,2.5247186781235986e-05,0.999974752813218
129,64.71571906354515,0.41000000000000003,0.25,0.9147703030225645,0.08522969697743572,2.3355296812406666e-05,0.9999766447031868
130,65.21739130434783,0.41000000000000003,0.25,0.9110408776129493,0.08895912238705095,2.1610599236478128e-05,0.9999783894007628
131,65.7190635451505,0.41000000000000003,0.25,0.9071923640721522,0.09280763592784805,2.000142753916687e-05,0.9999799985724601
132,66.22073578595318,0.41000000000000003,0.25,0.9032247930968837,0.09677520690311653,1.851704474692039e-05,0.9999814829552524
133,66.72240802675586,0.41000000000000003,0.25,0.8991385460362522,0.10086145396374811,1.714754693400501e-05,0.9999828524530653
134,67.22408026755853,0.41000000000000003,0.25,0.8949343874846853,0.10506561251531497,1.5883845961927476e-05,0.9999841161540374
135,67.72575250836121,0.41000000000000003,0.25,0.890613477297888,0.10938652270211235,1.47175822945803e-05,0.9999852824177047
136,68.22742474916387,0.41000000000000003,0.25,0.8861773772949646,0.11382262270503576,1.3641038739980859e-05,0.9999863589612593
137,68.72909698996655,0.41000000000000003,0.25,0.881628084209771,0.11837191579022932,1.2647132962785524e-05,0.9999873528670364
138,69.23076923076923,0.41000000000000003,0.25,0.8769680354795533,0.12303196452044712,1.1729353080074385e-05,0.9999882706469191
139,69.7324414715719,0.41000000000000003,0.25,0.8722001031518042,0.12779989684819615,1.0881686891255002e-05,0.9999891183131079
140,70.23411371237458,0.41000000000000003,0.25,0.8673276218628544,0.13267237813714594,1.0098614419180897e-05,0.99998990138558
141,70.73578595317726,0.41000000000000003,0.25,0.8623543869689198,0.13764561303108058,9.37506215939091e-06,0.9999906249378397
142,71.23745819397993,0.41000000000000003,0.25,0.8572846353989821,0.1427153646010182,8.70634561699156e-06,0.9999912936543821
143,71.73913043478261,0.41000000000000003,0.25,0.852123061764878,0.14787693823512235,8.088161855158948e-06,0.999991911838144
144,72.24080267558529,0.41000000000000003,0.25,0.8468748076044013,0.153125192395599,7.5165572755222495e-06,0.9999924834427235
145,72.74247491638796,0.41000000000000003,0.25,0.8415454316497953,0.15845456835020488,6.987881307737104e-06,0.9999930121186913
146,73.24414715719064,0.41000000000000003,0.25,0.8361409077186783,0.16385909228132192,6.498778484947954e-06,0.9999935012215141
147,73.74581939799332,0.41000000000000003,0.25,0.8306676038278237,0.16933239617217655,6.046166221784268e-06,0.9999939538337772
148,74.24749163879599,0.41000000000000003,0.25,0.8251322463037172,0.17486775369628307,5.62719930513664e-06,0.9999943728006938
149,74.74916387959867,0.41000000000000003,0.25,0.8195418964991842,0.180458103500816,5.239260585125042e-06,0.9999947607394138
150,75.25083612040133,0.41000000000000003,0.25,0.8139039183937558,0.18609608160624436,4.879946122846717e-06,0.999995120053876
151,75.75250836120401,0.41000000000000003,0.25,0.808225941382098,0.19177405861790217,4.547037672487547e-06,0.9999954529623264
152,76.25418060200668,0.41000000000000003,0.25,0.8025158186263399,0.1974841813736603,4.238493042813962e-06,0.999995761506956
153,76.75585284280936,0.41000000000000003,0.25,0.7967815818663516,0.2032184181336485,3.952436519002934e-06,0.9999960475634799
154,77.25752508361204,0.41000000000000003,0.25,0.7910314065305878,0.2089685934694123,3.687137990745329e-06,0.9999963128620082
155,77.75919732441471,0.41000000000000003,0.25,0.7852735606736334,0.21472643932636676,3.4410031315327517e-06,0.9999965589968673
156,78.26086956521739,0.41000000000000003,0.25,0.7795163466695078,0.2204836533304924,3.212567461164868e-06,0.9999967874325377
157,78.76254180602007,0.41000000000000003,0.25,0.7737680703203395,0.22623192967966066,3.0004808066556754e-06,0.9999969995191922
158,79.26421404682274,0.41000000000000003,0.25,0.7680369929783252,0.23196300702167494,2.803497743095181e-06,0.9999971965022557
159,79.76588628762542,0.41000000000000003,0.25,0.7623312620137284,0.23766873798627178,2.6204741200869906e-06,0.9999973795258787
160,80.2675585284281,0.41000000000000003,0.25,0.7566588804214827,0.24334111957851748,2.4503560484397453e-06,0.9999975496439504
161,80.76923076923077,0.41000000000000003,0.25,0.751027677635109,0.24897232236489114,2.2921701430062647e-06,0.9999977078298558
162,81.27090301003345,0.41000000000000003,0.25,0.7454452457213867,0.25455475427861346,2.145020110435364e-06,0.9999978549798882
163,81.77257525083613,0.41000000000000003,0.25,0.7399189067036744,0.26008109329632567,2.0080805298287115e-06,0.9999979919194688
164,82.27424749163879,0.41000000000000003,0.25,0.7344556710722201,0.26554432892778,1.880591470141899e-06,0.9999981194085285
165,82.77591973244147,0.41000000000000003,0.25,0.7290622081527708,0.2709377918472293,1.7618527066601645e-06,0.9999982381472919
166,83.27759197324414,0.41000000000000003,0.25,0.7237448289385681,0.276255171061432,1.6512172447821435e-06,0.9999983487827537
167,83.77926421404682,0.41000000000000003,0.25,0.7185094449017483,0.28149055509825177,1.5480891520581597e-06,0.9999984519108465
168,84.2809364548495,0.41000000000000003,0.25,0.7133615561734209,0.2866384438265792,1.4519186699743055e-06,0.9999985480813286
169,84.78260869565217,0.41000000000000003,0.25,0.7083062316740159,0.2916937683259842,1.3621988112313974e-06,0.9999986378011873
170,85.28428093645485,0.41000000000000003,0.25,0.7033480958700844,0.29665190412991577,1.278461978824494e-06,0.9999987215380197
171,85.78595317725753,0.41000000000000003,0.25,0.6984913246300758,0.3015086753699243,1.200276262429404e-06,0.9999987997237361
172,86.2876254180602,0.41000000000000003,0.25,0.6937396370336054,0.30626036296639464,1.1272434316067152e-06,0.9999988727565668
173,86.78929765886288,0.41000000000000003,0.25,0.6890962961675469,0.31090370383245325,1.0589955036326377e-06,0.9999989410044948
174,87.29096989966555,0.41000000000000003,0.25,0.6845641129776986,0.3154358870223014,9.951925465273168e-07,0.999999004807452
175,87.79264214046823,0.41000000000000003,0.25,0.6801454528409857,0.31985454715901435,9.355206780141813e-07,0.9999990644793203
176,88.29431438127091,0.41000000000000003,0.25,0.6758422427865545,0.3241577572134456,8.796896461381561e-07,0.9999991203103522
177,88.79598662207358,0.41000000000000003,0.25,0.6716559884162662,0.3283440115837339,8.274313595067186e-07,0.9999991725686387
178,89.29765886287625,0.41000000000000003,0.25,0.6675877829600273,0.3324122170399728,7.784976748278444e-07,0.9999992215023233
179,89.79933110367892,0.41000000000000003,0.25,0.6636383282058508,0.3363616717941493,7.326590548410876e-07,0.9999992673409434
180,90.3010033444816,0.41000000000000003,0.25,0.6598079596285391,0.340192040371461,6.897035010688975e-07,0.999999310296497
181,90.80267558528428,0.41000000000000003,0.25,0.6560966530936917,0.34390334690630836,6.49434429428121e-07,0.9999993505655687
182,91.30434782608695,0.41000000000000003,0.25,0.6525040493603925,0.34749595063960753,6.116695513263455e-07,0.9999993883304467
183,91.80602006688963,0.41000000000000003,0.25,0.6490294892003861,0.350970510799614,5.762403444290582e-07,0.9999994237596534
184,92.3076923076923,0.41000000000000003,0.25,0.6456720219290755,0.35432797807092453,5.429904747114218e-07,0.9999994570095232
185,92.80936454849498,0.41000000000000003,0.25,0.6424304277061006,0.3575695722938994,5.117748146799959e-07,0.9999994882251831
186,93.31103678929766,0.41000000000000003,0.25,0.6393032556413535,0.36069674435864657,4.824590269910526e-07,0.9999995175409707
187,93.81270903010034,0.41000000000000003,0.25,0.6362888343520663,0.36371116564793377,4.549183659850122e-07,0.9999995450816317
188,94.31438127090301,0.41000000000000003,0.25,0.633385289716992,0.366614710283008,4.2903677880996964e-07,0.9999995709632188
189,94.81605351170569,0.41000000000000003,0.25,0.6305905828195904,0.3694094171804096,4.047067169302316e-07,0.9999995952932806
190,95.31772575250837,0.41000000000000003,0.25,0.6279025216788688,0.37209747832113116,3.8182821298346825e-07,0.9999996181717845
191,95.81939799331104,0.41000000000000003,0.25,0.6253187751098026,0.37468122489019745,3.6030810606226787e-07,0.9999996396918914
192,96.3210702341137,0.41000000000000003,0.25,0.6228369060128217,0.3771630939871783,3.4005992134618996e-07,0.9999996599400761
193,96.82274247491638,0.41000000000000003,0.25,0.620454383524118,0.379545616475882,3.2100319202172964e-07,0.9999996789968053
194,97.32441471571906,0.41000000000000003,0.25,0.6181685944549533,0.3818314055450467,3.0306283081316726e-07,0.9999996969371664
195,97.82608695652173,0.41000000000000003,0.25,0.6159768693754638,0.38402313062453614,2.861690318874292e-07,0.9999997138309653
196,98.32775919732441,0.41000000000000003,0.25,0.6138764942517293,0.38612350574827053,2.702567669945694e-07,0.99999972974323
197,98.82943143812709,0.41000000000000003,0.25,0.611864720382023,0.3881352796179768,2.5526524182041846e-07,0.9999997447347552
198,99.33110367892976,0.41000000000000003,0.25,0.609938782807585,0.3900612171924149,2.4113784940886644e-07,0.9999997588621475
199,99.83277591973244,0.41000000000000003,0.25,0.6080959105759485,0.3919040894240514,2.2782179124524764e-07,0.9999997721782055
200,100.33444816053512,0.41000000000000003,0.25,0.6063333357842166,0.3936666642157833,2.1526764890990792e-07,0.9999997847323477
201,100.8361204013378,0.41000000000000003,0.25,0.6046483049972923,0.39535169500270756,2.0342932777718887e-07,0.9999997965706688
202,101.33779264214047,0.41000000000000003,0.25,0.6030380875453896,0.3969619124546102,1.922637824509011e-07,0.999999807736214
203,101.83946488294315,0.41000000000000003,0.25,0.6014999836883118,0.398500016311688,1.8173067085119092e-07,0.9999998182693255
204,102.34113712374582,0.41000000000000003,0.25,0.6000313306155911,0.3999686693844086,1.7179230349257774e-07,0.9999998282076927
205,102.8428093645485,0.41000000000000003,0.25,0.5986295084469071,0.40137049155309257,1.6241344202201426e-07,0.9999998375865542
206,103.34448160535118,0.41000000000000003,0.25,0.5972919473451097,0.40270805265488996,1.5356102181287569e-07,0.9999998464389742
207,103.84615384615384,0.41000000000000003,0.25,0.5960161297656426,0.4039838702343571,1.452041020937012e-07,0.9999998547958939
208,104.34782608695652,0.41000000000000003,0.25,0.5947995942710037,0.40520040572899585,1.373137157780396e-07,0.9999998626862802
209,104.84949832775919,0.41000000000000003,0.25,0.5936399420641597,0.4063600579358399,1.298626362252474e-07,0.9999998701373596
210,105.35117056856187,0.41000000000000003,0.25,0.5925348354061816,0.40746516459381804,1.2282536669769775e-07,0.999999877174629
211,105.85284280936455,0.41000000000000003,0.25,0.5914819989005784,0.4085180010994211,1.1617804164485979e-07,0.9999998838219539
212,106.35451505016722,0.41000000000000003,0.25,0.590479222592032,0.4095207774079676,1.0989828084376182e-07,0.9999998901017146
213,106.8561872909699,0.41000000000000003,0.25,0.5895243701220882,0.4104756298779113,1.0396492333172262e-07,0.999999896035072
214,107.35785953177258,0.41000000000000003,0.25,0.5886153692241077,0.4113846307758919,9.83581696126482e-08,0.9999999016418256
215,107.85953177257525,0.41000000000000003,0.25,0.5877502136238986,0.41224978637610105,9.305945349365075e-08,0.9999999069405415
216,108.36120401337793,0.41000000000000003,0.25,0.5869269660724892,0.4130730339275103,8.805131218528063e-08,0.9999999119486828
217,108.8628762541806,0.41000000000000003,0.25,0.5861437614663879,0.41385623853361164,8.33172586435831e-08,0.9999999166827361
218,109.36454849498328,0.41000000000000003,0.25,0.585398798241239,0.4146012017587606,7.884184238337413e-08,0.9999999211581522
219,109.86622073578596,0.41000000000000003,0.25,0.5846903394767545,0.4153096605232451,7.461055563225233e-08,0.9999999253894388
220,110.36789297658864,0.41000000000000003,0.25,0.5840167163940778,0.41598328360592185,7.060971002024671e-08,0.9999999293902843
221,110.8695652173913,0.41000000000000003,0.25,0.5833763264014928,0.41662367359850677,6.682639414831121e-08,0.9999999331735999
222,111.37123745819397,0.41000000000000003,0.25,0.582767627216681,0.41723237278331865,6.324848972159504e-08,0.9999999367515042
223,111.87290969899665,0.41000000000000003,0.25,0.5821891369359449,0.4178108630640548,5.986460278534528e-08,0.999999940135391
224,112.37458193979933,0.41000000000000003,0.25,0.5816394372380127,0.4183605627619871,5.66639553987528e-08,0.9999999433360381
225,112.876254180602,0.41000000000000003,0.25,0.5811171683664079,0.4188828316335918,5.363639168017408e-08,0.9999999463636017
226,113.37792642140468,0.41000000000000003,0.25,0.5806210259740522,0.41937897402594754,5.0772360065379696e-08,0.9999999492276331
227,113.87959866220736,0.41000000000000003,0.25,0.5801497604589033,0.41985023954109635,4.8062864281174514e-08,0.9999999519371288
228,114.38127090301003,0.41000000000000003,0.25,0.5797021786813766,0.4202978213186231,4.549939085170609e-08,0.999999954500602
229,114.88294314381271,0.41000000000000003,0.25,0.579277138509748,0.4207228614902516,4.3073922118018246e-08,0.9999999569260706
230,115.38461538461539,0.41000000000000003,0.25,0.5788735471549532,0.4211264528450464,4.077890733147976e-08,0.9999999592210851
231,115.88628762541806,0.41000000000000003,0.25,0.5784903602473132,0.4215096397526865,3.860722509375658e-08,0.9999999613927673
232,116.38795986622074,0.41000000000000003,0.25,0.5781265822601417,0.421873417739858,3.655212759440147e-08,0.9999999634478645
233,116.88963210702342,0.41000000000000003,0.25,0.577781261681482,0.42221873831851764,3.460726116280922e-08,0.9999999653927307
234,117.3913043478261,0.41000000000000003,0.25,0.5774534899408065,0.4225465100591932,3.276663544513926e-08,0.9999999672333562
235,117.89297658862876,0.41000000000000003,0.25,0.577142400656418,0.42285759934358175,3.10245891659104e-08,0.9999999689754022
236,118.39464882943143,0.41000000000000003,0.25,0.5768471686591214,0.42315283134087817,2.9375760971412265e-08,0.9999999706242301
237,118.89632107023411,0.41000000000000003,0.25,0.5765670063094762,0.42343299369052345,2.7815102286381043e-08,0.9999999721848886
238,119.39799331103679,0.41000000000000003,0.25,0.5763011625015616,0.423698837498438,2.6337852114367308e-08,0.9999999736621384
239,119.89966555183946,0.41000000000000003,0.25,0.5760489215260832,0.4239510784739165,2.4939514582404027e-08,0.9999999750604757
240,120.40133779264214,0.41000000000000003,0.25,0.5758096034001003,0.4241903965998993,2.3615813781206524e-08,0.9999999763841761
241,120.90301003344482,0.41000000000000003,0.25,0.5755825598091416,0.42441744019085803,2.2362723707452083e-08,0.999999977637266
242,121.40468227424749,0.41000000000000003,0.25,0.5753671733467487,0.42463282665325097,2.1176444934271097e-08,0.9999999788235444
243,121.90635451505017,0.41000000000000003,0.25,0.5751628562614427,0.42483714373855697,2.0053390372913176e-08,0.9999999799465987
244,122.40802675585284,0.41000000000000003,0.25,0.5749690498790433,0.42503095012095643,1.8990153349657122e-08,0.9999999810098354
245,122.90969899665552,0.41000000000000003,0.25,0.5747852225583908,0.42521477744160896,1.7983518090851145e-08,0.9999999820164703
246,123.4113712374582,0.41000000000000003,0.25,0.57461086847027,0.42538913152972974,1.7030449630921545e-08,0.9999999829695385
247,123.91304347826087,0.41000000000000003,0.25,0.5744455064864002,0.42555449351359936,1.6128082638929552e-08,0.999999983871905
248,124.41471571906355,0.41000000000000003,0.25,0.5742886794062618,0.4257113205937379,1.527369789530163e-08,0.9999999847262895
249,124.91638795986621,0.41000000000000003,0.25,0.5741399526583446,0.4258600473416551,1.4464722375193853e-08,0.9999999855352646
250,125.41806020066889,0.41000000000000003,0.25,0.5739989130874689,0.4260010869125308,1.3698728401919503e-08,0.9999999863012582
251,125.91973244147157,0.41000000000000003,0.25,0.5738651680512392,0.4261348319487605,1.297342292209239e-08,0.9999999870265632
252,126.42140468227424,0.41000000000000003,0.25,0.5737383444989453,0.4262616555010544,1.2286633369017608e-08,0.9999999877133524
253,126.92307692307692,0.41000000000000003,0.25,0.5736180880726367,0.426381911927363,1.1636298124167804e-08,0.9999999883636872
254,127.4247491638796,0.41000000000000003,0.25,0.5735040621713969,0.42649593782860273,1.1020472324093245e-08,0.9999999889795126
255,127.92642140468227,0.41000000000000003,0.25,0.5733959471514999,0.4266040528484997,1.043731754272039e-08,0.9999999895626669
256,128.42809364548495,0.41000000000000003,0.25,0.5732934394552349,0.42670656054476475,9.885094327798477e-09,0.9999999901148897
257,128.9297658862876,0.41000000000000003,0.25,0.5731962506463396,0.4268037493536601,9.362151064968112e-09,0.9999999906378325
258,129.4314381270903,0.41000000000000003,0.25,0.5731041069755998,0.42689589302439995,8.866928510229643e-09,0.9999999911330546
259,129.93311036789297,0.41000000000000003,0.25,0.5730167485983803,0.42698325140161947,8.397952738170774e-09,0.9999999916020299
260,130.43478260869566,0.41000000000000003,0.25,0.5729339288829086,0.427066071117091,7.953830086679239e-09,0.999999992046152
261,130.93645484949832,0.41000000000000003,0.25,0.5728554135568416,0.42714458644315806,7.533236068950275e-09,0.9999999924667454
262,131.438127090301,0.41000000000000003,0.25,0.5727809803410157,0.42721901965898396,7.134919111038745e-09,0.9999999928650619
263,131.93979933110367,0.41000000000000003,0.25,0.5727104183556824,0.4272895816443173,6.7576961521685515e-09,0.9999999932422843
264,132.44147157190636,0.41000000000000003,0.25,0.5726435275554091,0.4273564724445904,6.400448555495488e-09,0.9999999935995313
265,132.94314381270902,0.41000000000000003,0.25,0.5725801178887325,0.42741988211126714,6.062113801188587e-09,0.9999999939378654
266,133.44481605351172,0.41000000000000003,0.25,0.572520009049888,0.42747999095011163,5.7416863746220545e-09,0.9999999942582922
267,133.94648829431438,0.41000000000000003,0.25,0.5724630301038095,0.42753696989619017,5.4382164005946485e-09,0.9999999945617616
268,134.44816053511707,0.41000000000000003,0.25,0.5724090189824453,0.4275909810175543,5.150805992509235e-09,0.9999999948491713
269,134.94983277591973,0.41000000000000003,0.25,0.5723578219801384,0.42764217801986126,4.878605695940047e-09,0.9999999951213709
270,135.45150501672242,0.41000000000000003,0.25,0.5723092928561445,0.4276907071438551,4.620805727140406e-09,0.9999999953791703
271,135.95317725752508,0.41000000000000003,0.25,0.5722632930925188,0.4277367069074809,4.376641981381544e-09,0.9999999956233333
272,136.45484949832775,0.41000000000000003,0.25,0.5722196913920197,0.42778030860798,4.145392099723276e-09,0.9999999958545824
273,136.95652173913044,0.41000000000000003,0.25,0.5721783633064883,0.42782163669351136,3.926373082679725e-09,0.9999999960736007
274,137.4581939799331,0.41000000000000003,0.25,0.5721391907157948,0.42786080928420483,3.718937278260432e-09,0.9999999962810358
275,137.9598662207358,0.41000000000000003,0.25,0.5721020613754669,0.4278979386245327,3.522469036089578e-09,0.9999999964775032
276,138.46153846153845,0.41000000000000003,0.25,0.5720668690324537,0.427933130967546,3.336387475449902e-09,0.999999996663584
277,138.96321070234114,0.41000000000000003,0.25,0.5720335129891511,0.4279664870108486,3.160143152090345e-09,0.9999999968398274
278,139.4648829431438,0.41000000000000003,0.25,0.5720018978451683,0.4279981021548313,2.993216603730996e-09,0.999999997006753
279,139.9665551839465,0.41000000000000003,0.25,0.5719719328863907,0.42802806711360897,2.835113729200952e-09,0.999999997164855
280,140.46822742474916,0.41000000000000003,0.25,0.5719435320861384,0.42805646791386126,2.685366566244589e-09,0.9999999973146012
281,140.96989966555185,0.41000000000000003,0.25,0.5719166140035771,0.42808338599642254,2.5435331191198894e-09,0.9999999974564338
282,141.4715719063545,0.41000000000000003,0.25,0.5718911014810121,0.42810889851898754,2.4091953623514304e-09,0.9999999975907705
283,141.9732441471572,0.41000000000000003,0.25,0.5718669213962181,0.4281330786037815,2.2819577266403628e-09,0.9999999977180071
284,142.47491638795987,0.41000000000000003,0.25,0.5718440041519955,0.428155995848004,2.1614433536359226e-09,0.9999999978385204
285,142.97658862876253,0.41000000000000003,0.25,0.5718222838804833,0.42817771611951627,2.047296313032553e-09,0.9999999979526664
286,143.47826086956522,0.41000000000000003,0.25,0.5718016981948472,0.42819830180515245,1.9391799972453532e-09,0.9999999980607817
287,143.97993311036788,0.41000000000000003,0.25,0.5717821880023614,0.42821781199763825,1.8367760020426087e-09,0.9999999981631845
288,144.48160535117057,0.41000000000000003,0.25,0.571763697235699,0.42823630276430075,1.7397824698700965e-09,0.9999999982601768
289,144.98327759197323,0.41000000000000003,0.25,0.5717461725914881,0.42825382740851153,1.64791247530835e-09,0.9999999983520457
290,145.48494983277592,0.41000000000000003,0.25,0.5717295636613103,0.42827043633868933,1.5608951475412043e-09,0.9999999984390617
291,145.9866220735786,0.41000000000000003,0.25,0.5717138226967003,0.4282861773032993,1.4784742234099236e-09,0.9999999985214814
292,146.48829431438128,0.41000000000000003,0.25,0.5716989043834088,0.4283010956165909,1.4004067563754866e-09,0.9999999985995475
293,146.98996655518394,0.41000000000000003,0.25,0.5716847660132,0.4283152339867997,1.3264640096184696e-09,0.9999999986734889
294,147.49163879598663,0.41000000000000003,0.25,0.5716713665663181,0.4283286334336815,1.2564261054142009e-09,0.9999999987435253
295,147.9933110367893,0.41000000000000003,0.25,0.5716586675105956,0.42834133248940415,1.1900869869874657e-09,0.999999998809863
296,148.49498327759198,0.41000000000000003,0.25,0.5716466323248823,0.4283533676751174,1.1272515417453594e-09,0.999999998872697
297,148.99665551839465,0.41000000000000003,0.25,0.5716352263900802,0.42836477360991954,1.067734977284911e-09,0.999999998932212
298,149.49832775919734,0.41000000000000003,0.25,0.571624416695987,0.42837558330401276,1.011360967289861e-09,0.9999999989885844
299,150.0,0.41000000000000003,0.25,0.5716141720698423,0.4283858279301574,9.579632816337224e-10,0.9999999990419804
