,time,sigma,beta,S,I,C,D
0,0.0,0.92,0.17,0.9998,0.0002,0.5,0.5
1,0.5016722408026756,0.92,0.17,0.9998025402948175,0.00019745970518231197,0.4791168239989906,0.5208831760010093
2,1.0033444816053512,0.92,0.17,0.9998048298286657,0.00019517017133417408,0.45830624961018224,0.5416937503898176
3,1.5050167224080266,0.92,0.17,0.999806876979231,0.00019312302076900946,0.4376400473830175,0.5623599526169824
4,2.0066889632107023,0.92,0.17,0.9998086906975802,0.0001913093024198056,0.41718796222807,0.58281203777193
5,2.508361204013378,0.92,0.17,0.9998102797168231,0.00018972028317697175,0.397016829845722,0.602983170154278
6,3.0100334448160533,0.92,0.17,0.9998116525491693,0.0001883474508308105,0.3771897297781359,0.6228102702218641
7,3.511705685618729,0.92,0.17,0.9998128174833663,0.00018718251663378405,0.3577652856982723,0.6422347143017277
8,4.013377926421405,0.92,0.17,0.9998137825807822,0.0001862174192178492,0.33879695778859104,0.661203042211409
9,4.51505016722408,0.92,0.17,0.9998145556707276,0.00018544432927232612,0.3203326676442547,0.6796673323557454
10,5.016722408026756,0.92,0.17,0.9998151443465039,0.00018485565349626938,0.30241440169334977,0.6975855983066505
11,5.518394648829432,0.92,0.17,0.9998155559607441,0.00018444403925603513,0.2850780083895552,0.714921991610445
12,6.020066889632107,0.92,0.17,0.9998157976210892,0.00018420237891091478,0.2683531264837541,0.7316468735162461
13,6.521739130434782,0.92,0.17,0.9998158761864819,0.0001841238135182037,0.2522632398638969,0.7477367601361032
14,7.023411371237458,0.92,0.17,0.9998157982635879,0.00018420173641210897,0.23682577318455175,0.7631742268154484
15,7.525083612040134,0.92,0.17,0.9998155702042999,0.00018442979570019722,0.22205246557205852,0.7779475344279418
16,8.02675585284281,0.92,0.17,0.9998151981042784,0.0001848018957216286,0.20794964950164244,0.7920503504983579
17,8.528428093645484,0.92,0.17,0.9998146878029452,0.00018531219705470331,0.1945185587187649,0.8054814412812354
18,9.03010033444816,0.92,0.17,0.9998140448817696,0.0001859551182303277,0.18175590624155416,0.8182440937584461
19,9.531772575250836,0.92,0.17,0.9998132746666041,0.00018672533339588867,0.16965427582203288,0.8303457241779674
20,10.033444816053512,0.92,0.17,0.9998123822294475,0.00018761777055256102,0.1582026224887836,0.8417973775112166
21,10.535117056856187,0.92,0.17,0.9998113723911097,0.0001886276088902628,0.14738676824043878,0.8526132317595615
22,11.036789297658864,0.92,0.17,0.9998102497248529,0.0001897502751470582,0.1371898725949663,0.8628101274050339
23,11.538461538461538,0.92,0.17,0.9998090185610251,0.0001909814389748596,0.12759289260105589,0.8724071073989444
24,12.040133779264213,0.92,0.17,0.9998076829920511,0.00019231700794873573,0.11857501780281396,0.8814249821971863
25,12.54180602006689,0.92,0.17,0.9998062468781096,0.00019375312189029827,0.11011407193069826,0.889885928069302
26,13.043478260869565,0.92,0.17,0.9998047138534701,0.00019528614652978494,0.10218688736351826,0.8978131126364819
27,13.545150501672241,0.92,0.17,0.999803087333079,0.00019691266692103087,0.09476963161782437,0.9052303683821757
28,14.046822742474916,0.92,0.17,0.9998013705197186,0.00019862948028132269,0.08783810709382153,0.9121618929061786
29,14.548494983277592,0.92,0.17,0.9997995664110669,0.00020043358893304732,0.08136800955939803,0.9186319904406021
30,15.050167224080267,0.92,0.17,0.9997976778073673,0.00020232219263266717,0.07533515448634379,0.9246648455136562
31,15.551839464882944,0.92,0.17,0.9997957073189007,0.00020429268109917425,0.06971566636401853,0.9302843336359815
32,16.05351170568562,0.92,0.17,0.9997936573737307,0.0002063426262691503,0.06448613956114485,0.9355138604388552
33,16.555183946488295,0.92,0.17,0.9997915302253807,0.00020846977461913565,0.059623766922471344,0.9403762330775288
34,17.05685618729097,0.92,0.17,0.9997893279603712,0.00021067203962861955,0.055106447666853686,0.9448935523331464
35,17.558528428093645,0.92,0.17,0.9997870525058461,0.00021294749415377476,0.05091286375954434,0.9490871362404558
36,18.06020066889632,0.92,0.17,0.9997847056368758,0.0002152943631240617,0.047022545270422184,0.952977454729578
37,18.561872909698998,0.92,0.17,0.99978228898376,0.0002177110162399417,0.04341590917938327,0.9565840908206169
38,19.06354515050167,0.92,0.17,0.9997798040390596,0.00022019596094019015,0.04007428605539294,0.9599257139446072
39,19.565217391304348,0.92,0.17,0.9997772521645075,0.0002227478354923315,0.0369799261836178,0.9630200738163823
40,20.066889632107024,0.92,0.17,0.9997746345973281,0.00022536540267174582,0.03411601779633512,0.965883982203665
41,20.568561872909697,0.92,0.17,0.999771952456646,0.00022804754335387705,0.031466672171221996,0.9685333278287781
42,21.070234113712374,0.92,0.17,0.999769206750011,0.00023079324998879174,0.02901689632250248,0.9709831036774976
43,21.57190635451505,0.92,0.17,0.9997663983788926,0.0002336016211072669,0.026752587815339582,0.9732474121846604
44,22.073578595317727,0.92,0.17,0.9997635281444399,0.00023647185555989691,0.02466049610600478,0.9753395038939952
45,22.5752508361204,0.92,0.17,0.9997605967527485,0.00023940324725129635,0.022728198221696416,0.9772718017783036
46,23.076923076923077,0.92,0.17,0.9997576048198948,0.0002423951801050036,0.020944065359004144,0.9790559346409959
47,23.578595317725753,0.92,0.17,0.9997545528766825,0.0002454471233174153,0.01929722731325518,0.9807027726867449
48,24.080267558528426,0.92,0.17,0.9997514413732342,0.00024855862676557083,0.017777538614370026,0.98222246138563
49,24.581939799331103,0.92,0.17,0.9997482706835931,0.00025172931640676327,0.01637553722415039,0.9836244627758496
50,25.08361204013378,0.92,0.17,0.9997450411096351,0.00025495889036458697,0.015082412302408485,0.9849175876975915
51,25.585284280936456,0.92,0.17,0.9997417528847968,0.00025824711520290215,0.0138899657966383,0.9861100342033617
52,26.08695652173913,0.92,0.17,0.9997384061778161,0.0002615938221836829,0.012790578936488077,0.9872094210635118
53,26.588628762541806,0.92,0.17,0.9997350010962079,0.0002649989037918709,0.011777174898307067,0.9882228251016928
54,27.090301003344482,0.92,0.17,0.9997315376894208,0.0002684623105789666,0.010843187263360358,0.9891568127366396
55,27.59197324414716,0.92,0.17,0.9997280159518888,0.00027198404811097307,0.00998252644349359,0.9900174735565064
56,28.093645484949832,0.92,0.17,0.99972443582588,0.0002755641741197121,0.009189549299849055,0.990810450700151
57,28.59531772575251,0.92,0.17,0.99972079720414,0.00027920279585979255,0.008459030346836444,0.9915409696531635
58,29.096989966555185,0.92,0.17,0.9997170999323548,0.0002829000676449737,0.007786131442980511,0.9922138685570195
59,29.598662207357858,0.92,0.17,0.9997133438114976,0.00028665618850213186,0.007166377671504334,0.9928336223284957
60,30.100334448160535,0.92,0.17,0.9997095286000227,0.0002904713999769877,0.006595630421930807,0.9934043695780692
61,30.60200668896321,0.92,0.17,0.9997056540158943,0.0002943459841054312,0.0060700644122051485,0.9939299355877949
62,31.103678929765888,0.92,0.17,0.9997017197384733,0.0002982802615263798,0.005586145547674294,0.9944138544523257
63,31.60535117056856,0.92,0.17,0.999697725410273,0.0003022745897266192,0.005140609230585609,0.9948593907694143
64,32.10702341137124,0.92,0.17,0.9996936706386217,0.0003063293613780658,0.004730441683254749,0.9952695583167452
65,32.608695652173914,0.92,0.17,0.9996895549971906,0.0003104450028090829,0.004352860806519457,0.9956471391934805
66,33.11036789297659,0.92,0.17,0.9996853780274246,0.000314621972575163,0.004005299444621752,0.9959947005553782
67,33.61204013377927,0.92,0.17,0.9996811392398556,0.0003188607601442262,0.003685389365930858,0.9963146106340691
68,34.11371237458194,0.92,0.17,0.9996768381153204,0.00032316188467938143,0.0033909462420560438,0.996609053757944
69,34.61538461538461,0.92,0.17,0.9996724741061117,0.0003275258938881365,0.0031199559979896707,0.9968800440020104
70,35.11705685618729,0.92,0.17,0.9996680466370185,0.00033195336298127813,0.0028705617199951193,0.9971294382800049
71,35.618729096989966,0.92,0.17,0.9996635551063077,0.00033644489369216235,0.002641051810177855,0.9973589481898222
72,36.12040133779264,0.92,0.17,0.9996589988866126,0.000341001113387295,0.0024298488848930803,0.9975701511151069
73,36.62207357859532,0.92,0.17,0.9996543773257643,0.00034562267423555586,0.002235499417534457,0.9977645005824656
74,37.123745819397996,0.92,0.17,0.999649689747555,0.00035031025244494987,0.002056664249663747,0.9979433357503362
75,37.625418060200666,0.92,0.17,0.9996449354524211,0.000355064547578867,0.0018921097928648123,0.9981078902071352
76,38.12709030100334,0.92,0.17,0.9996401137181156,0.00035988628188425115,0.0017406997266947593,0.9982593002733052
77,38.62876254180602,0.92,0.17,0.9996352238002896,0.00036477619971033435,0.001601387446230202,0.9983986125537697
78,39.130434782608695,0.92,0.17,0.9996302649329859,0.0003697350670139867,0.0014732092016997481,0.9985267907983002
79,39.63210702341137,0.92,0.17,0.9996252363291659,0.000374763670834044,0.0013552776438478433,0.9986447223561521
80,40.13377926421405,0.92,0.17,0.9996201371811418,0.0003798628188579695,0.0012467758614361935,0.9987532241385638
81,40.635451505016725,0.92,0.17,0.9996149666610085,0.0003850333389914179,0.0011469512393503943,0.9988530487606496
82,41.137123745819395,0.92,0.17,0.9996097239209366,0.0003902760790632673,0.0010551114759319658,0.998944888524068
83,41.63879598662207,0.92,0.17,0.9996044080935144,0.00039559190648558726,0.0009706196343693302,0.9990293803656306
84,42.14046822742475,0.92,0.17,0.9995990182921554,0.0004009817078445432,0.0008928882738723519,0.9991071117261277
85,42.642140468227424,0.92,0.17,0.9995935536112026,0.00040644638879729783,0.0008213774339503517,0.9991786225660496
86,43.1438127090301,0.92,0.17,0.9995880131261871,0.00041198687381288114,0.0007555905138024154,0.9992444094861975
87,43.64548494983278,0.92,0.17,0.9995823958941307,0.0004176041058692779,0.0006950694376467398,0.9993049305623531
88,44.147157190635454,0.92,0.17,0.999576700953583,0.0004232990464168699,0.0006393932940934079,0.9993606067059064
89,44.64882943143812,0.92,0.17,0.9995709273247939,0.00042907267520599963,0.0005881750700849626,0.999411824929915
90,45.1505016722408,0.92,0.17,0.9995650740099326,0.0004349259900674065,0.0005410577496358432,0.999458942250364
91,45.65217391304348,0.92,0.17,0.9995591399930649,0.0004408600069350293,0.0004977133565216542,0.9995022866434783
92,46.15384615384615,0.92,0.17,0.9995531242402571,0.00044687575974283636,0.00045784037811880194,0.9995421596218811
93,46.65551839464883,0.92,0.17,0.9995470256997203,0.0004529743002796,0.0004211606531705091,0.9995788393468293
94,47.15719063545151,0.92,0.17,0.9995408433017482,0.00045915669825172115,0.0003874186608133855,0.9996125813391865
95,47.65886287625418,0.92,0.17,0.9995345759587576,0.0004654240412423389,0.0003563795115713391,0.9996436204884286
96,48.16053511705685,0.92,0.17,0.9995282225653505,0.0004717774346494554,0.00032782655604671917,0.9996721734439532
97,48.66220735785953,0.92,0.17,0.9995217819982324,0.0004782180017675606,0.0003015607890800812,0.9996984392109198
98,49.163879598662206,0.92,0.17,0.9995152531161993,0.0004847468838006502,0.00027739929096003537,0.9997226007090398
99,49.66555183946488,0.92,0.17,0.99950863476015,0.0004913652398500051,0.000255173333721312,0.9997448266662785
100,50.16722408026756,0.92,0.17,0.999501925752968,0.0004980742470318684,0.00023472795152600963,0.9997652720484739
101,50.668896321070235,0.92,0.17,0.9994951248994689,0.0005048751005310312,0.00021592071118004555,0.9997840792888197
102,51.17056856187291,0.92,0.17,0.9994882309863635,0.0005117690136364352,0.00019862022679764508,0.9998013797732022
103,51.67224080267559,0.92,0.17,0.9994812427821175,0.0005187572178824702,0.00018270583461218917,0.9998172941653877
104,52.17391304347826,0.92,0.17,0.9994741590368605,0.0005258409631394222,0.00016806662988792074,0.9998319333701119
105,52.675585284280935,0.92,0.17,0.9994669784823065,0.0005330215176934544,0.00015460032104324,0.9998453996789566
106,53.17725752508361,0.92,0.17,0.9994596998315933,0.0005403001684066483,0.0001422129714680928,0.9998577870285317
107,53.67892976588629,0.92,0.17,0.9994523217791609,0.0005476782208390092,0.00013081824621623587,0.9998691817537836
108,54.180602006688964,0.92,0.17,0.9994448430006402,0.000555156999359623,0.00012033650645293263,0.999879663493547
109,54.68227424749164,0.92,0.17,0.9994372621526709,0.0005627378473289459,0.00011069462308050505,0.9998893053769193
110,55.18394648829432,0.92,0.17,0.9994295778727526,0.0005704221272472523,0.00010182538424364699,0.9998981746157561
111,55.68561872909699,0.92,0.17,0.9994217887791024,0.0005782112208973968,9.366679496976209e-05,0.9999063332050301
112,56.187290969899664,0.92,0.17,0.9994138934704574,0.0005861065295424474,8.616192873981028e-05,0.99991383807126
113,56.68896321070234,0.92,0.17,0.9994058905259029,0.0005941094740968982,7.925845662303171e-05,0.9999207415433768
114,57.19063545150502,0.92,0.17,0.9993977785046957,0.0006022214953040439,7.290814593678952e-05,0.999927091854063
115,57.69230769230769,0.92,0.17,0.9993895559460666,0.0006104440539331957,6.706666150791318e-05,0.999932933338492
116,58.19397993311037,0.92,0.17,0.999381221369012,0.0006187786309877128,6.169325769806296e-05,0.9999383067423019
117,58.69565217391305,0.92,0.17,0.9993727732721109,0.0006272267278888317,5.675028558201405e-05,0.999943249714418
118,59.197324414715716,0.92,0.17,0.9993642101332819,0.0006357898667177906,5.220328966512345e-05,0.9999477967103347
119,59.69899665551839,0.92,0.17,0.9993555304095756,0.0006444695904241538,4.8020708994400466e-05,0.9999519792910055
120,60.20066889632107,0.92,0.17,0.9993467325369563,0.0006532674630434907,4.4173528436218454e-05,0.9999558264715637
121,60.702341137123746,0.92,0.17,0.9993378149300801,0.000662185069919551,4.063475638245658e-05,0.9999593652436174
122,61.20401337792642,0.92,0.17,0.9993287759820877,0.0006712240179119722,3.737964861969445e-05,0.9999626203513802
123,61.7056856187291,0.92,0.17,0.9993196140643841,0.0006803859356156298,3.438533173226659e-05,0.9999656146682676
124,62.207357859531776,0.92,0.17,0.9993103275263312,0.0006896724736684929,3.163078484607364e-05,0.9999683692151539
125,62.709030100334445,0.92,0.17,0.9993009146948394,0.0006990853051602737,2.9097088792735066e-05,0.9999709029112072
126,63.21070234113712,0.92,0.17,0.9992913738744275,0.0007086261255723134,2.6766497704019532e-05,0.9999732335022958
127,63.7123745819398,0.92,0.17,0.9992817033468931,0.0007182966531065734,2.4622488070858427e-05,0.999975377511929
128,64.21404682274247,0.92,0.17,0.9992719013709455,0.0007280986290542692,2.264991949127124e-05,0.9999773500805086
129,64.71571906354515,0.92,0.17,0.999261966181736,0.0007380338182637715,2.0835454808301703e-05,0.9999791645451915
130,65.21739130434783,0.92,0.17,0.9992518959909825,0.0007481040090172192,1.9166439208646607e-05,0.9999808335607913
131,65.7190635451505,0.92,0.17,0.9992416889865859,0.0007583110134138596,1.7631099975446712e-05,0.9999823689000245
132,66.22073578595318,0.92,0.17,0.9992313433322579,0.000768656667741804,1.6218647880571992e-05,0.9999837813521193
133,66.72240802675586,0.92,0.17,0.9992208571670947,0.0007791428329049805,1.491948358307024e-05,0.9999850805164168
134,67.22408026755853,0.92,0.17,0.9992102286055996,0.000789771394400107,1.3724510106152791e-05,0.9999862754898937
135,67.72575250836121,0.92,0.17,0.9991994557373074,0.0008005442626923971,1.2625237429777521e-05,0.99998737476257
136,68.22742474916387,0.92,0.17,0.9991885366256378,0.0008114633743619641,1.1613724828686132e-05,0.9999883862751712
137,68.72909698996655,0.92,0.17,0.9991774693110196,0.0008225306889802031,1.068365286996228e-05,0.9999893163471298
138,69.23076923076923,0.92,0.17,0.9991662518040977,0.000833748195902031,9.828032611695106e-06,0.9999901719673882
139,69.7324414715719,0.92,0.17,0.9991548820916291,0.0008451179083706844,9.040888789907825e-06,0.9999909591112099
140,70.23411371237458,0.92,0.17,0.9991433581331589,0.0008566418668408099,8.316735105647045e-06,0.9999916832648942
141,70.73578595317726,0.92,0.17,0.9991316778607781,0.0008683221392216873,7.650698171369599e-06,0.9999923493018285
142,71.23745819397993,0.92,0.17,0.9991198391800258,0.0008801608199740141,7.038057234716879e-06,0.9999929619427651
143,71.73913043478261,0.92,0.17,0.9991078399694999,0.0008921600304998297,6.474442882545971e-06,0.9999935255571172
144,72.24080267558529,0.92,0.17,0.9990956780806742,0.0009043219193256159,5.9558411011696875e-06,0.9999940441588986
145,72.74247491638796,0.92,0.17,0.9990833513329213,0.0009166486670786063,5.478593064991091e-06,0.9999945214069348
146,73.24414715719064,0.92,0.17,0.9990708575180506,0.0009291424819492084,5.0393953292341604e-06,0.9999949606046705
147,73.74581939799332,0.92,0.17,0.9990581944015491,0.0009418055984507101,4.635299882624447e-06,0.9999953647001171
148,74.24749163879599,0.92,0.17,0.9990453597211189,0.0009546402788809964,4.2637140853035915e-06,0.9999957362859144
149,74.74916387959867,0.92,0.17,0.9990323511843596,0.0009676488156402365,3.922233048220351e-06,0.9999960777669515
150,75.25083612040133,0.92,0.17,0.9990191664608091,0.0009808335391907601,3.6080639557715136e-06,0.9999963919360441
151,75.75250836120401,0.92,0.17,0.9990058031952666,0.0009941968047332836,3.318989673115781e-06,0.9999966810103267
152,76.25418060200668,0.92,0.17,0.9989922590039734,0.0010077409960264506,3.0530925076473852e-06,0.9999969469074922
153,76.75585284280936,0.92,0.17,0.9989785314738541,0.0010214685261458226,2.8086993171629508e-06,0.9999971913006827
154,77.25752508361204,0.92,0.17,0.9989646181553717,0.0010353818446280862,2.5840430345461713e-06,0.9999974159569652
155,77.75919732441471,0.92,0.17,0.9989505165633064,0.0010494834366935489,2.3772995039331416e-06,0.9999976227004957
156,78.26086956521739,0.92,0.17,0.998936224186333,0.001063775813666904,2.187041321938227e-06,0.9999978129586777
157,78.76254180602007,0.92,0.17,0.9989217384821264,0.00107826151787352,2.0120058630957322e-06,0.9999979879941366
158,79.26421404682274,0.92,0.17,0.9989070573286623,0.0010929426713377306,1.8494294660124365e-06,0.9999981505705338
159,79.76588628762542,0.92,0.17,0.9988921769075878,0.001107823092412174,1.7024161241178897e-06,0.9999982975838756
160,80.2675585284281,0.92,0.17,0.9988770954981316,0.001122904501868307,1.56652280040284e-06,0.9999984334771993
161,80.76923076923077,0.92,0.17,0.998861810331759,0.0011381896682409606,1.4411793645470638e-06,0.9999985588206352
162,81.27090301003345,0.92,0.17,0.998846318639935,0.0011536813600649663,1.3258156862303373e-06,0.9999986741843135
163,81.77257525083613,0.92,0.17,0.9988306176203914,0.0011693823796085888,1.2197939039875851e-06,0.9999987802060958
164,82.27424749163879,0.92,0.17,0.9988147043973794,0.0011852956026205063,1.1223286198551026e-06,0.9999988776713798
165,82.77591973244147,0.92,0.17,0.998798576157977,0.0012014238420229475,1.032760580974459e-06,0.9999989672394187
166,83.27759197324414,0.92,0.17,0.9987822300931964,0.0012177699068035214,9.50438434549981e-07,0.9999990495615652
167,83.77926421404682,0.92,0.17,0.9987656633940502,0.0012343366059498365,8.747108277859921e-07,0.999999125289172
168,84.2809364548495,0.92,0.17,0.9987488732511353,0.0012511267488647258,8.049267863300192e-07,0.9999991950732134
169,84.78260869565217,0.92,0.17,0.998731856548153,0.001268143451846935,7.407150469370196e-07,0.9999992592849528
170,85.28428093645485,0.92,0.17,0.9987146100898224,0.001285389910177546,6.817763324514034e-07,0.9999993182236673
171,85.78595317725753,0.92,0.17,0.9986971308886246,0.0013028691113754136,6.276220070453322e-07,0.9999993723779927
172,86.2876254180602,0.92,0.17,0.9986794159570406,0.0013205840429593922,5.777634348909674e-07,0.9999994222365649
173,86.78929765886288,0.92,0.17,0.9986614623075516,0.0013385376924483366,5.317119801604709e-07,0.9999994682880197
174,87.29096989966555,0.92,0.17,0.9986432669128057,0.0013567330871942208,4.890157676320128e-07,0.9999995109842321
175,87.79264214046823,0.92,0.17,0.998624826234731,0.0013751737652689727,4.496942478418452e-07,0.9999995503057519
176,88.29431438127091,0.92,0.17,0.9986061369353696,0.0013938630646303572,4.1358219289545966e-07,0.9999995864178068
177,88.79598662207358,0.92,0.17,0.998587195802837,0.0014128041971630026,3.803980263669e-07,0.9999996196019734
178,89.29765886287625,0.92,0.17,0.9985679996252484,0.001432000374751537,3.498601718302108e-07,0.999999650139828
179,89.79933110367892,0.92,0.17,0.9985485451907193,0.0014514548092805894,3.21687052859434e-07,0.9999996783129469
180,90.3010033444816,0.92,0.17,0.9985288291312309,0.0014711708687690716,2.956640672195095e-07,0.9999997043359324
181,90.80267558528428,0.92,0.17,0.9985088475920825,0.0014911524079174753,2.7178537595396507e-07,0.9999997282146238
182,91.30434782608695,0.92,0.17,0.9984885970821293,0.0015114029178706096,2.498891919885094e-07,0.9999997501108077
183,91.80602006688963,0.92,0.17,0.998468074149839,0.0015319258501609954,2.2979673645889283e-07,0.9999997702032632
184,92.3076923076923,0.92,0.17,0.9984472753436788,0.0015527246563211531,2.113292305008657e-07,0.9999997886707692
185,92.80936454849498,0.92,0.17,0.9984261972121163,0.0015738027878836034,1.9430789525017837e-07,0.9999998056921044
186,93.31103678929766,0.92,0.17,0.9984048358856619,0.0015951641143380178,1.7864622016225755e-07,0.9999998213537795
187,93.81270903010034,0.92,0.17,0.9983831872597019,0.001616812740297969,1.6430960070083376e-07,0.999999835690399
188,94.31438127090301,0.92,0.17,0.9983612476300621,0.0016387523699378116,1.511750312727128e-07,0.9999998488249684
189,94.81605351170569,0.92,0.17,0.9983390132932987,0.0016609867067012471,1.3911934498579287e-07,0.9999998608806547
190,95.31772575250837,0.92,0.17,0.9983164805459679,0.0016835194540319783,1.2801937494797218e-07,0.9999998719806248
191,95.81939799331104,0.92,0.17,0.9982936456846262,0.001706354315373707,1.1775195426714888e-07,0.9999998822480455
192,96.3210702341137,0.92,0.17,0.9982705049325733,0.0017294950674264576,1.0820694906192042e-07,0.9999998917930507
193,96.82274247491638,0.92,0.17,0.9982470536807271,0.0017529463192727012,9.942231436570918e-08,0.9999999005776854
194,97.32441471571906,0.92,0.17,0.9982232877030641,0.0017767122969356553,9.136785525367851e-08,0.9999999086321445
195,97.82608695652173,0.92,0.17,0.9981992029740309,0.0018007970259688992,8.397771130670548e-08,0.9999999160222884
196,98.32775919732441,0.92,0.17,0.9981747954680738,0.0018252045319260117,7.718602210566706e-08,0.9999999228139776
197,98.82943143812709,0.92,0.17,0.9981500611596392,0.001849938840360572,7.092692723144025e-08,0.9999999290730726
198,99.33110367892976,0.92,0.17,0.9981249960231736,0.001875003976826159,6.513456626490206e-08,0.9999999348654335
199,99.83277591973244,0.92,0.17,0.9980995956716678,0.0019004043283319299,5.977381631437269e-08,0.9999999402261834
200,100.33444816053512,0.92,0.17,0.998073855079768,0.001926144920231855,5.486383817450757e-08,0.9999999451361616
201,100.8361204013378,0.92,0.17,0.9980477698515596,0.0019522301484401604,5.03702662245524e-08,0.9999999496297336
202,101.33779264214047,0.92,0.17,0.9980213356198262,0.001978664380173636,4.625629446574968e-08,0.9999999537437053
203,101.83946488294315,0.92,0.17,0.9979945480173508,0.0020054519826490707,4.24851168993419e-08,0.9999999575148829
204,102.34113712374582,0.92,0.17,0.9979674026769165,0.0020325973230832547,3.9019927526571585e-08,0.9999999609800723
205,102.8428093645485,0.92,0.17,0.9979398912871135,0.002060108712886369,3.596432484370244e-08,0.9999999640356749
206,103.34448160535118,0.92,0.17,0.9979120183812962,0.002087981618703645,3.2964662339658196e-08,0.9999999670353374
207,103.84615384615384,0.92,0.17,0.9978837721744848,0.002116227825515122,3.0248189856725755e-08,0.9999999697518099
208,104.34782608695652,0.92,0.17,0.9978551482060953,0.0021448517939045373,2.7781425051370615e-08,0.9999999722185747
209,104.84949832775919,0.92,0.17,0.9978261419599167,0.0021738580400830873,2.5532865793696342e-08,0.999999974467134
210,105.35117056856187,0.92,0.17,0.9977967488641104,0.002203251135889429,2.347299016744425e-08,0.9999999765270097
211,105.85284280936455,0.92,0.17,0.9977669642912101,0.002233035708789681,2.1574256469993483e-08,0.9999999784257433
212,106.35451505016722,0.92,0.17,0.9977367833657329,0.0022632166342669525,1.9814638998438412e-08,0.9999999801853608
213,106.8561872909699,0.92,0.17,0.9977062003899412,0.0022937996100586182,1.8188181535290758e-08,0.9999999818118183
214,107.35785953177258,0.92,0.17,0.9976752101697428,0.0023247898302569945,1.668062961725407e-08,0.9999999833193701
215,107.85953177257525,0.92,0.17,0.9976438075186769,0.0023561924813229602,1.527854640578609e-08,0.9999999847214533
216,108.36120401337793,0.92,0.17,0.9976119871694695,0.0023880128305303117,1.397093814099632e-08,0.9999999860290617
217,108.8628762541806,0.92,0.17,0.997579743774034,0.002420256225965761,1.274925414164603e-08,0.9999999872507457
218,109.36454849498328,0.92,0.17,0.9975470719034709,0.002452928096528936,1.1607386805148253e-08,0.999999988392613
219,109.86622073578596,0.92,0.17,0.9975139660480674,0.0024860339519323814,1.0541671607567793e-08,0.9999999894583281
220,110.36789297658864,0.92,0.17,0.9974804206172982,0.002519579382701558,9.550887103621209e-09,0.9999999904491127
221,110.8695652173913,0.92,0.17,0.997446429939825,0.0025535700601748415,8.63625492667686e-09,0.9999999913637448
222,111.37123745819397,0.92,0.17,0.9974119882634963,0.0025880117365035277,7.801439788754787e-09,0.99999999219856
223,111.87290969899665,0.92,0.17,0.9973770897665629,0.002622910233436875,7.050490426061479e-09,0.9999999929495095
224,112.37458193979933,0.92,0.17,0.9973417287195362,0.0026582712804636265,6.358122528776225e-09,0.9999999936418773
225,112.876254180602,0.92,0.17,0.9973058992432026,0.002694100756797297,5.714147019601525e-09,0.9999999942858528
226,113.37792642140468,0.92,0.17,0.9972695953321873,0.002730404667812505,5.119143785894561e-09,0.9999999948808561
227,113.87959866220736,0.92,0.17,0.9972328109056547,0.002767189094345088,4.57515322678409e-09,0.9999999954248466
228,114.38127090301003,0.92,0.17,0.9971955398073077,0.002804460192692101,4.08567625317044e-09,0.9999999959143236
229,114.88294314381271,0.92,0.17,0.997157775805388,0.002842224194611817,3.6556742877255142e-09,0.9999999963443256
230,115.38461538461539,0.92,0.17,0.9971195125926761,0.0028804874073237287,3.291569264892792e-09,0.9999999967084305
231,115.88628762541806,0.92,0.17,0.9970807437864913,0.0029192562135085453,3.001243630887322e-09,0.9999999969987562
232,116.38795986622074,0.92,0.17,0.9970414629286917,0.002958537071308195,2.7940403436957303e-09,0.9999999972059596
233,116.88963210702342,0.92,0.17,0.997001663485674,0.0029983365143258236,2.6807628730762147e-09,0.9999999973192369
234,117.3913043478261,0.92,0.17,0.9969613388484498,0.0030386611515498914,2.6736285124227684e-09,0.9999999973263713
235,117.89297658862876,0.92,0.17,0.9969204824038813,0.003079517596118424,2.742451768222258e-09,0.9999999972575482
236,118.39464882943143,0.92,0.17,0.9968790874781387,0.0031209125218610734,2.8494229859759596e-09,0.9999999971505769
237,118.89632107023411,0.92,0.17,0.9968371472727099,0.0031628527272899295,2.9884686507056104e-09,0.9999999970115312
238,119.39799331103679,0.92,0.17,0.9967946549165048,0.0032053450834949823,3.1532022515713306e-09,0.9999999968467976
239,119.89966555183946,0.92,0.17,0.9967516034658557,0.0032483965341441254,3.3369242818716208e-09,0.9999999966630756
240,120.40133779264214,0.92,0.17,0.9967079859045166,0.003292014095483154,3.5326222390433654e-09,0.9999999964673777
241,120.90301003344482,0.92,0.17,0.996663795143664,0.0033362048563357664,3.732970624661828e-09,0.9999999962670293
242,121.40468227424749,0.92,0.17,0.9966190240218962,0.0033809759781035604,3.930330944440657e-09,0.9999999960696689
243,121.90635451505017,0.92,0.17,0.9965736653052337,0.003426334694766038,4.1167517082318814e-09,0.9999999958832482
244,122.40802675585284,0.92,0.17,0.9965277116871192,0.0034722883128806025,4.283968430025911e-09,0.9999999957160315
245,122.90969899665552,0.92,0.17,0.9964811557884172,0.0035188442115825585,4.42340362795154e-09,0.9999999955765962
246,123.4113712374582,0.92,0.17,0.9964339900571825,0.00356600994281728,4.531536223390332e-09,0.9999999954684637
247,123.91304347826087,0.92,0.17,0.9963862066853203,0.0036137933146794957,4.6143659947350335e-09,0.999999995385634
248,124.41471571906355,0.92,0.17,0.9963377979707836,0.003662202029216165,4.668010815283198e-09,0.9999999953319891
249,124.91638795986621,0.92,0.17,0.996288756140426,0.0037112438595737077,4.688196363009524e-09,0.9999999953118036
250,125.41806020066889,0.92,0.17,0.9962390733408618,0.0037609266591379234,4.670745742170684e-09,0.9999999953292542
251,125.91973244147157,0.92,0.17,0.9961887416384658,0.0038112583615339804,4.61157948330532e-09,0.9999999953884204
252,126.42140468227424,0.92,0.17,0.9961377530193734,0.0038622469806264222,4.506715543234044e-09,0.9999999954932844
253,126.92307692307692,0.92,0.17,0.9960860993894806,0.003913900610519167,4.35226930505944e-09,0.9999999956477307
254,127.4247491638796,0.92,0.17,0.9960337725744443,0.003966227425555508,4.144453578166064e-09,0.9999999958555463
255,127.92642140468227,0.92,0.17,0.9959807643196816,0.004019235680318108,3.8795785982204445e-09,0.9999999961204213
256,128.42809364548495,0.92,0.17,0.9959270662903708,0.004072933709629009,3.554052027171079e-09,0.999999996445948
257,128.9297658862876,0.92,0.17,0.9958726700329201,0.004127329967079559,3.1686746748145414e-09,0.9999999968313253
258,129.4314381270903,0.92,0.17,0.9958175667745033,0.004182433225496508,2.7509905606703565e-09,0.9999999972490095
259,129.93311036789297,0.92,0.17,0.9957617478090851,0.004238252190914603,2.3122485316918007e-09,0.9999999976877515
260,130.43478260869566,0.92,0.17,0.995705204382699,0.0042947956173007,1.8601929066109495e-09,0.9999999981398071
261,130.93645484949832,0.92,0.17,0.995647927653734,0.004352072346265698,1.4034909822718796e-09,0.999999998596509
262,131.438127090301,0.92,0.17,0.9955899086929352,0.004410091307064567,9.51733033630466e-10,0.999999999048267
263,131.93979933110367,0.92,0.17,0.9955311384834035,0.004468861516596322,5.154323137545892e-10,0.9999999994845677
264,132.44147157190636,0.92,0.17,0.9954716079205956,0.00452839207940405,1.0602505382392959e-10,0.999999999893975
265,132.94314381270902,0.92,0.17,0.9954113078123249,0.004588692187674882,-2.6412953686983536e-10,1.0000000002641296
266,133.44481605351172,0.92,0.17,0.9953502288787597,0.004649771121240018,-5.817492709232136e-10,1.0000000005817493
267,133.94648829431438,0.92,0.17,0.9952883617524251,0.004711638247574705,-8.326289828207355e-10,1.000000000832629
268,134.44816053511707,0.92,0.17,0.9952256969718553,0.004774303028144384,-1.0028658709187893e-09,1.0000000010028658
269,134.94983277591973,0.92,0.17,0.9951622247838983,0.004837775216101362,-1.1170317806954787e-09,1.0000000011170318
270,135.45150501672242,0.92,0.17,0.9950979353963263,0.0049020646036734275,-1.1893977091280257e-09,1.0000000011893977
271,135.95317725752508,0.92,0.17,0.9950328190045986,0.004967180995401073,-1.2187663177263246e-09,1.0000000012187662
272,136.45484949832775,0.92,0.17,0.9949668657098701,0.005033134290129484,-1.2043033561278777e-09,1.0000000012043033
273,136.95652173913044,0.92,0.17,0.9949000655189911,0.005099934481008518,-1.145537662097769e-09,1.0000000011455377
274,137.4581939799331,0.92,0.17,0.9948324083445069,0.005167591655492704,-1.0423611615286878e-09,1.000000001042361
275,137.9598662207358,0.92,0.17,0.9947638840046584,0.005236115995341259,-8.950288684408974e-10,1.0000000008950287
276,138.46153846153845,0.92,0.17,0.9946944822233816,0.005305517776618062,-7.041588849822827e-10,1.0000000007041587
277,138.96321070234114,0.92,0.17,0.994624192630308,0.005375807369691686,-4.707324014282831e-10,1.0000000004707323
278,139.4648829431438,0.92,0.17,0.9945530047607644,0.0054469952392353655,-1.9609369618197917e-10,1.0000000001960936
279,139.9665551839465,0.92,0.17,0.9944809080557726,0.005519091944227028,1.1804986422601306e-10,0.9999999998819501
280,140.46822742474916,0.92,0.17,0.9944078917503274,0.005592108249672304,4.6068747023275755e-10,0.9999999995393124
281,140.96989966555185,0.92,0.17,0.994333944911934,0.00566605508806559,8.145888537454207e-10,0.999999999185411
282,141.4715719063545,0.92,0.17,0.994259056627538,0.005740943372461682,1.1712627558503532e-09,0.9999999988287371
283,141.9732441471572,0.92,0.17,0.9941832158847134,0.0058167841152863345,1.5214494146437585e-09,0.9999999984785505
284,142.47491638795987,0.92,0.17,0.9941064115711696,0.005893588428830029,1.8550810495242842e-09,0.9999999981449189
285,142.97658862876253,0.92,0.17,0.9940286324747517,0.005971367525248008,2.161281861193167e-09,0.9999999978387181
286,143.47826086956522,0.92,0.17,0.9939498672834394,0.006050132716560264,2.4283680316541607e-09,0.9999999975716319
287,143.97993311036788,0.92,0.17,0.9938701045853482,0.006129895414651518,2.643847724213504e-09,0.9999999973561522
288,144.48160535117057,0.92,0.17,0.9937893328687284,0.006210667131271261,2.7944210834800136e-09,0.9999999972055789
289,144.98327759197323,0.92,0.17,0.993707540521966,0.006292459478033708,2.8659802353649926e-09,0.9999999971340197
290,145.48494983277592,0.92,0.17,0.9936247158335818,0.006375284166417843,2.843609287082295e-09,0.9999999971563907
291,145.9866220735786,0.92,0.17,0.9935408469575183,0.006459153042481391,2.7270945330149477e-09,0.9999999972729052
292,146.48829431438128,0.92,0.17,0.9934559218477949,0.006544078152204934,2.5601201591781865e-09,0.9999999974398797
293,146.98996655518394,0.92,0.17,0.9933699284407612,0.006630071559238525,2.348837529625268e-09,0.9999999976511622
294,147.49163879598663,0.92,0.17,0.9932828545777856,0.0067171454222141195,2.096408326759354e-09,0.9999999979035914
295,147.9933110367893,0.92,0.17,0.9931946879968214,0.006805312003178359,1.8067723355954552e-09,0.9999999981932274
296,148.49498327759198,0.92,0.17,0.9931054163324071,0.006894583667592613,1.4846474437603168e-09,0.9999999985153524
297,148.99665551839465,0.92,0.17,0.9930150271156668,0.006984972884332944,1.1355296414925498e-09,0.9999999988644701
298,149.49832775919734,0.92,0.17,0.9929235077743096,0.007076492225690139,7.656930216424882e-10,0.9999999992343067
299,150.0,0.92,0.17,0.99283084563263,0.007169154367369675,3.821897796723411e-10,0.9999999996178099
