,time,sigma,beta,S,I,C,D
0,0.0,0.73,0.9400000000000001,0.9998,0.0002,0.5,0.5
1,0.5016722408026756,0.73,0.9400000000000001,0.9997421908280254,0.00025780917197443985,0.47911607209401813,0.5208839279059818
2,1.0033444816053512,0.73,0.9400000000000001,0.9996656051302214,0.0003343948697784648,0.4583069231280274,0.5416930768719727
3,1.5050167224080266,0.73,0.9400000000000001,0.9995635960546391,0.00043640394536081917,0.43764486939630076,0.5623551306036992
4,2.0066889632107023,0.73,0.9400000000000001,0.9994269885195862,0.0005730114804134445,0.4172004189744471,0.5827995810255528
5,2.508361204013378,0.73,0.9400000000000001,0.9992430916884266,0.0007569083115730623,0.3970413776200239,0.602958622379976
6,3.0100334448160533,0.73,0.9400000000000001,0.9989942919873008,0.0010057080126989054,0.37723208776286243,0.6227679122371373
7,3.511705685618729,0.73,0.9400000000000001,0.998656035037299,0.001343964962700585,0.3578327754902314,0.6421672245097684
8,4.013377926421405,0.73,0.9400000000000001,0.9981939787515206,0.0018060212484790734,0.338899062997921,0.6611009370020788
9,4.51505016722408,0.73,0.9400000000000001,0.9975600339100793,0.002439966089920354,0.320481666604777,0.6795183333952228
10,5.016722408026756,0.73,0.9400000000000001,0.9966866690185996,0.0033133309814001224,0.30262626560260175,0.697373734397398
11,5.518394648829432,0.73,0.9400000000000001,0.9954789410596497,0.004521058940349939,0.28537359361852893,0.7146264063814708
12,6.020066889632107,0.73,0.9400000000000001,0.9938033425846721,0.006196657415327695,0.2687597553369493,0.7312402446630505
13,6.521739130434782,0.73,0.9400000000000001,0.9914723019603364,0.008527698039663351,0.2528167916485052,0.7471832083514947
14,7.023411371237458,0.73,0.9400000000000001,0.9882230829283077,0.011776917071692004,0.23757350744552416,0.7624264925544757
15,7.525083612040134,0.73,0.9400000000000001,0.9836896327115427,0.016310367288457077,0.22305658537934017,0.7769434146206597
16,8.02675585284281,0.73,0.9400000000000001,0.9773666107096884,0.02263338929031126,0.20929199124627934,0.7907080087537206
17,8.528428093645484,0.73,0.9400000000000001,0.9685663452721923,0.03143365472780731,0.19630666087422674,0.8036933391257731
18,9.03010033444816,0.73,0.9400000000000001,0.9563736028421804,0.043626397157819095,0.18413039753142166,0.8158696024685782
19,9.531772575250836,0.73,0.9400000000000001,0.9396109411219361,0.06038905887806344,0.17279780917544996,0.8272021908245498
20,10.033444816053512,0.73,0.9400000000000001,0.9168411486963813,0.08315885130361825,0.1623499202285233,0.8376500797714763
21,10.535117056856187,0.73,0.9400000000000001,0.8864511976769692,0.11354880232303019,0.1528348215773606,0.8471651784226392
22,11.036789297658864,0.73,0.9400000000000001,0.8468769026722153,0.15312309732778406,0.144306395439664,0.8556936045603357
23,11.538461538461538,0.73,0.9400000000000001,0.7970149305355934,0.20298506946440578,0.1368199532875582,0.8631800467124416
24,12.040133779264213,0.73,0.9400000000000001,0.7367938193664615,0.2632061806335376,0.13042392555809873,0.8695760744419011
25,12.54180602006689,0.73,0.9400000000000001,0.6677234423527474,0.3322765576472517,0.1251479806405424,0.8748520193594576
26,13.043478260869565,0.73,0.9400000000000001,0.5930912104328618,0.4069087895671373,0.1209901262432122,0.8790098737567876
27,13.545150501672241,0.73,0.9400000000000001,0.5175076700731563,0.4824923299268429,0.11790742377028199,0.8820925762297178
28,14.046822742474916,0.73,0.9400000000000001,0.4458438124476803,0.5541561875523189,0.11581492183142393,0.8841850781685758
29,14.548494983277592,0.73,0.9400000000000001,0.38203443727759245,0.6179655627224069,0.11459432147173976,0.8854056785282599
30,15.050167224080267,0.73,0.9400000000000001,0.32832886012026513,0.671671139879734,0.11410937073243788,0.8858906292675617
31,15.551839464882944,0.73,0.9400000000000001,0.2852337738166261,0.714766226183373,0.11422237871924705,0.8857776212807525
32,16.05351170568562,0.73,0.9400000000000001,0.2519632765787541,0.7480367234212449,0.11480705067612539,0.8851929493238742
33,16.555183946488295,0.73,0.9400000000000001,0.22704136288265658,0.7729586371173425,0.1157556769060632,0.8842443230939364
34,17.05685618729097,0.73,0.9400000000000001,0.20879886469539546,0.7912011353046038,0.11698124821129052,0.883018751788709
35,17.558528428093645,0.73,0.9400000000000001,0.19567779627242188,0.8043222037275773,0.11841622458726679,0.8815837754127328
36,18.06020066889632,0.73,0.9400000000000001,0.18636784211114887,0.8136321578888503,0.12000967119182615,0.8799903288081734
37,18.561872909698998,0.73,0.9400000000000001,0.17983532311192102,0.8201646768880781,0.12172396170634943,0.8782760382936501
38,19.06354515050167,0.73,0.9400000000000001,0.17529791943767153,0.8247020805623277,0.12353170430207795,0.8764682956979215
39,19.565217391304348,0.73,0.9400000000000001,0.17217964768753297,0.8278203523124663,0.12541316185562146,0.8745868381443778
40,20.066889632107024,0.73,0.9400000000000001,0.17006423268757673,0.8299357673124226,0.1273542144441588,0.8726457855558404
41,20.568561872909697,0.73,0.9400000000000001,0.16865456514406382,0.8313454348559356,0.12934481056725652,0.8706551894327426
42,21.070234113712374,0.73,0.9400000000000001,0.16774038277463202,0.8322596172253673,0.13137781902843573,0.8686221809715633
43,21.57190635451505,0.73,0.9400000000000001,0.1671737137572308,0.8328262862427684,0.13344819155608387,0.8665518084439151
44,22.073578595317727,0.73,0.9400000000000001,0.16685082157748732,0.8331491784225119,0.13555235908826654,0.8644476409117323
45,22.5752508361204,0.73,0.9400000000000001,0.16669915759071438,0.8333008424092849,0.13768779924504101,0.8623122007549578
46,23.076923076923077,0.73,0.9400000000000001,0.16666806242666454,0.8333319375733348,0.13985272832396703,0.8601472716760318
47,23.578595317725753,0.73,0.9400000000000001,0.1667221957333648,0.8332778042666346,0.1420458825857744,0.8579541174142242
48,24.080267558528426,0.73,0.9400000000000001,0.16683691490773242,0.833163085092267,0.1442663631365145,0.8557336368634841
49,24.581939799331103,0.73,0.9400000000000001,0.16699504264347212,0.8330049573565274,0.14651352624083286,0.8534864737591658
50,25.08361204013378,0.73,0.9400000000000001,0.1671846052065007,0.8328153947934989,0.14878690561177155,0.8512130943882269
51,25.585284280936456,0.73,0.9400000000000001,0.16739725839999506,0.8326027416000045,0.1510861575655769,0.8489138424344214
52,26.08695652173913,0.73,0.9400000000000001,0.16762718478449973,0.8323728152154998,0.1534110220115118,0.8465889779884863
53,26.588628762541806,0.73,0.9400000000000001,0.16787032851001088,0.8321296714899885,0.15576129498227492,0.844238705017723
54,27.090301003344482,0.73,0.9400000000000001,0.16812386692252645,0.831876133077473,0.15813680932605662,0.8418631906739413
55,27.59197324414716,0.73,0.9400000000000001,0.16838583340920543,0.8316141665907941,0.16053742066190008,0.8394625793380976
56,28.093645484949832,0.73,0.9400000000000001,0.16865485840329122,0.8313451415967084,0.1629629975797733,0.8370370024202243
57,28.59531772575251,0.73,0.9400000000000001,0.16892999161565664,0.8310700083843429,0.1654134147772906,0.8345865852227068
58,29.096989966555185,0.73,0.9400000000000001,0.16921057542911175,0.8307894245708877,0.16788854805457956,0.8321114519454178
59,29.598662207357858,0.73,0.9400000000000001,0.16949615428468098,0.8305038457153183,0.1703882706426276,0.8296117293573696
60,30.100334448160535,0.73,0.9400000000000001,0.16978641573066508,0.8302135842693342,0.17291245076944514,0.8270875492305519
61,30.60200668896321,0.73,0.9400000000000001,0.17008114698352247,0.8299188530164768,0.17546094980309895,0.8245390501968979
62,31.103678929765888,0.73,0.9400000000000001,0.17038020318939665,0.8296197968106026,0.17803362086048724,0.8219663791395094
63,31.60535117056856,0.73,0.9400000000000001,0.17068348899866936,0.8293165110013299,0.1806303079710651,0.8193696920289314
64,32.10702341137124,0.73,0.9400000000000001,0.17099094473284757,0.8290090552671517,0.18325084541509287,0.8167491545849034
65,32.608695652173914,0.73,0.9400000000000001,0.1713025317519658,0.8286974682480335,0.18589505702600623,0.8141049429739898
66,33.11036789297659,0.73,0.9400000000000001,0.1716182259714322,0.828381774028567,0.18856275596830593,0.8114372440316899
67,33.61204013377927,0.73,0.9400000000000001,0.17193801676816892,0.8280619832318304,0.1912537439740191,0.8087462560259765
68,34.11371237458194,0.73,0.9400000000000001,0.17226190076212433,0.827738099237875,0.19396781097735355,0.8060321890226418
69,34.61538461538461,0.73,0.9400000000000001,0.1725898789764919,0.8274101210235074,0.19670473845679662,0.8032952615431985
70,35.11705685618729,0.73,0.9400000000000001,0.17292195490925288,0.8270780450907464,0.19946429372644175,0.8005357062735532
71,35.618729096989966,0.73,0.9400000000000001,0.17325813456884492,0.8267418654311544,0.20224623409398876,0.797753765906006
72,36.12040133779264,0.73,0.9400000000000001,0.17359842593500013,0.8264015740649991,0.20505030614373077,0.7949496938562638
73,36.62207357859532,0.73,0.9400000000000001,0.17394283678943173,0.8260571632105675,0.20787624210327452,0.7921237578967197
74,37.123745819397996,0.73,0.9400000000000001,0.17429137441612746,0.8257086255838718,0.21072376562844886,0.7892762343715451
75,37.625418060200666,0.73,0.9400000000000001,0.1746440453653367,0.8253559546346626,0.21359258768075146,0.7864074123192423
76,38.12709030100334,0.73,0.9400000000000001,0.1750008556517822,0.8249991443482171,0.2164824075720749,0.7835175924279185
77,38.62876254180602,0.73,0.9400000000000001,0.17536181081067062,0.8246381891893286,0.21939291582652057,0.7806070841734725
78,39.130434782608695,0.73,0.9400000000000001,0.17572691498878942,0.8242730850112098,0.22232378712912013,0.7776762128708726
79,39.63210702341137,0.73,0.9400000000000001,0.1760961717218678,0.8239038282781315,0.22527469057059474,0.7747253094293978
80,40.13377926421405,0.73,0.9400000000000001,0.17646958287782463,0.8235304171221747,0.22824528034992891,0.7717547196500634
81,40.635451505016725,0.73,0.9400000000000001,0.17684714933553675,0.8231528506644625,0.23123520280810242,0.7687647971918895
82,41.137123745819395,0.73,0.9400000000000001,0.17722887038451823,0.822771129615481,0.23424409116924674,0.7657559088307448
83,41.63879598662207,0.73,0.9400000000000001,0.17761474446441855,0.8223852555355807,0.23727157039284102,0.7627284296071503
84,42.14046822742475,0.73,0.9400000000000001,0.17800476844198707,0.8219952315580121,0.2403172515087178,0.759682748491273
85,42.642140468227424,0.73,0.9400000000000001,0.1783989380688936,0.8216010619311056,0.24338074050817887,0.7566192594918117
86,43.1438127090301,0.73,0.9400000000000001,0.17879724764317084,0.8212027523568283,0.24646163178248748,0.7535383682175028
87,43.64548494983278,0.73,0.9400000000000001,0.17919968986167625,0.8208003101383229,0.24955950526345985,0.7504404947365301
88,44.147157190635454,0.73,0.9400000000000001,0.17960625589346835,0.8203937441065309,0.25267393049680653,0.747326069503183
89,44.64882943143812,0.73,0.9400000000000001,0.18001693505165345,0.8199830649483457,0.25580447738065026,0.744195522619339
90,45.1505016722408,0.73,0.9400000000000001,0.18043171519611406,0.8195682848038851,0.25895070298661277,0.7410492970133761
91,45.65217391304348,0.73,0.9400000000000001,0.18085058267159068,0.8191494173284085,0.2621121535860246,0.7378878464139639
92,46.15384615384615,0.73,0.9400000000000001,0.18127352221326928,0.81872647778673,0.26528836754375507,0.734711632456233
93,46.65551839464883,0.73,0.9400000000000001,0.1817005168554493,0.8182994831445499,0.268478877982221,0.7315211220177669
94,47.15719063545151,0.73,0.9400000000000001,0.18213154811044235,0.8178684518895569,0.27168320756319425,0.7283167924367933
95,47.65886287625418,0.73,0.9400000000000001,0.1825665959078384,0.8174334040921609,0.2749008702913693,0.7250991297086179
96,48.16053511705685,0.73,0.9400000000000001,0.18300563946616147,0.8169943605338378,0.278131375312349,0.7218686246876378
97,48.66220735785953,0.73,0.9400000000000001,0.18344865713645572,0.8165513428635436,0.2813742262541539,0.7186257737458326
98,49.163879598662206,0.73,0.9400000000000001,0.18389562551273625,0.816104374487263,0.2846289174822796,0.7153710825177065
99,49.66555183946488,0.73,0.9400000000000001,0.18434651982632308,0.8156534801736761,0.2878949362538888,0.7121050637460971
100,50.16722408026756,0.73,0.9400000000000001,0.18480131312107517,0.815198686878924,0.29117176806669176,0.7088282319332938
101,50.668896321070235,0.73,0.9400000000000001,0.18525997699347502,0.8147400230065243,0.2944588918592525,0.7055411081407327
102,51.17056856187291,0.73,0.9400000000000001,0.18572248170644573,0.8142775182935535,0.29775577927284846,0.7022442207271364
103,51.67224080267559,0.73,0.9400000000000001,0.18618879563101,0.8138112043689893,0.3010618969951465,0.698938103004838
104,52.17391304347826,0.73,0.9400000000000001,0.1866588835617727,0.8133411164382266,0.3043767120683655,0.6956232879316188
105,52.675585284280935,0.73,0.9400000000000001,0.18713270904122917,0.8128672909587702,0.3076996845650385,0.6923003154349455
106,53.17725752508361,0.73,0.9400000000000001,0.18761023383401704,0.8123897661659822,0.31103026924472205,0.6889697307552617
107,53.67892976588629,0.73,0.9400000000000001,0.1880914229746099,0.8119085770253894,0.3143679287021357,0.6856320712978479
108,54.180602006688964,0.73,0.9400000000000001,0.1885762248463995,0.8114237751535999,0.3177120901599759,0.6822879098400073
109,54.68227424749164,0.73,0.9400000000000001,0.18906460824073873,0.8109353917592607,0.3210622251185038,0.6789377748814792
110,55.18394648829432,0.73,0.9400000000000001,0.18955652775593707,0.8104434722440623,0.32441777350214257,0.6755822264978402
111,55.68561872909699,0.73,0.9400000000000001,0.19005194091484917,0.8099480590851502,0.3277781795687489,0.6722218204312337
112,56.187290969899664,0.73,0.9400000000000001,0.19055080672209873,0.8094491932779007,0.33114288989767954,0.6688571101023028
113,56.68896321070234,0.73,0.9400000000000001,0.19105307745814853,0.8089469225418509,0.33451134846473723,0.665488651535245
114,57.19063545150502,0.73,0.9400000000000001,0.19155870301106112,0.8084412969889383,0.33788299876969347,0.6621170012302886
115,57.69230769230769,0.73,0.9400000000000001,0.19206763205063956,0.8079323679493599,0.3412572848344853,0.6587427151654967
116,58.19397993311037,0.73,0.9400000000000001,0.19257981240113153,0.8074201875988679,0.3446336508105187,0.655366349189463
117,58.69565217391305,0.73,0.9400000000000001,0.19309519135864603,0.8069048086413534,0.3480115426563513,0.6519884573436303
118,59.197324414715716,0.73,0.9400000000000001,0.1936137158609767,0.8063862841390228,0.3513904068309551,0.6486095931690264
119,59.69899665551839,0.73,0.9400000000000001,0.19413533045068967,0.8058646695493098,0.35476969239555445,0.645230307604427
120,60.20066889632107,0.73,0.9400000000000001,0.1946599785478769,0.8053400214521226,0.3581488500883206,0.6418511499116607
121,60.702341137123746,0.73,0.9400000000000001,0.19518760211531483,0.8048123978846847,0.36152733367080947,0.6384726663291719
122,61.20401337792642,0.73,0.9400000000000001,0.19571814213571934,0.8042818578642802,0.3649045997088448,0.6350954002911364
123,61.7056856187291,0.73,0.9400000000000001,0.19625153855869287,0.8037484614413066,0.36828010759488505,0.6317198924050962
124,62.207357859531776,0.73,0.9400000000000001,0.19678772981699907,0.8032122701830005,0.3716533214022939,0.6283466785976873
125,62.709030100334445,0.73,0.9400000000000001,0.19732665353034826,0.8026733464696513,0.3750237084245817,0.6249762915753996
126,63.21070234113712,0.73,0.9400000000000001,0.19786824617005877,0.8021317538299407,0.3783907404698011,0.6216092595301802
127,63.7123745819398,0.73,0.9400000000000001,0.1984124430076215,0.801587556992378,0.38175389494935913,0.6182461050506223
128,64.21404682274247,0.73,0.9400000000000001,0.19895917864716195,0.8010408213528376,0.3851126526434533,0.6148873473565282
129,64.71571906354515,0.73,0.9400000000000001,0.19950838614043243,0.8004916138595672,0.3884665031126425,0.611533496887339
130,65.21739130434783,0.73,0.9400000000000001,0.20005999877586256,0.7999400012241371,0.39181493473651696,0.6081850652634647
131,65.7190635451505,0.73,0.9400000000000001,0.20061394765328047,0.7993860523467191,0.39515745008823133,0.6048425499117503
132,66.22073578595318,0.73,0.9400000000000001,0.201170164003945,0.7988298359960546,0.39849355310247864,0.6015064468975032
133,66.72240802675586,0.73,0.9400000000000001,0.20172857787151116,0.7982714221284885,0.40182275596256556,0.5981772440374165
134,67.22408026755853,0.73,0.9400000000000001,0.20228911830863527,0.7977108816913643,0.40514457773511403,0.5948554222648682
135,67.72575250836121,0.73,0.9400000000000001,0.20285171346480552,0.797148286535194,0.40845854399884474,0.5915414560011377
136,68.22742474916387,0.73,0.9400000000000001,0.20341629039404638,0.7965837096059533,0.4117641888298854,0.5882358111700973
137,68.72909698996655,0.73,0.9400000000000001,0.20398277699264858,0.796017223007351,0.41506105326190107,0.5849389467380818
138,69.23076923076923,0.73,0.9400000000000001,0.2045511008409155,0.7954488991590841,0.4183486858249673,0.5816513141750158
139,69.7324414715719,0.73,0.9400000000000001,0.20512118869349277,0.7948788113065068,0.4216266431976985,0.5783733568022849
140,70.23411371237458,0.73,0.9400000000000001,0.20569296634674403,0.7943070336532556,0.42489449100395865,0.5751055089960249
141,70.73578595317726,0.73,0.9400000000000001,0.20626635992249348,0.793733640077506,0.42815179322414826,0.5718482067758356
142,71.23745819397993,0.73,0.9400000000000001,0.20684129187972333,0.7931587081202761,0.43139815938650816,0.568601840613476
143,71.73913043478261,0.73,0.9400000000000001,0.20741768810216016,0.7925823118978393,0.4346331553120155,0.5653668446879688
144,72.24080267558529,0.73,0.9400000000000001,0.20799547178911598,0.7920045282108834,0.4378563881647735,0.5621436118352112
145,72.74247491638796,0.73,0.9400000000000001,0.20857456753865292,0.7914254324613464,0.44106746901381894,0.558932530986166
146,73.24414715719064,0.73,0.9400000000000001,0.20915489948583482,0.7908451005141647,0.44426601429935647,0.5557339857006288
147,73.74581939799332,0.73,0.9400000000000001,0.2097363916236069,0.7902636083763926,0.4474516535772378,0.5525483464227479
148,74.24749163879599,0.73,0.9400000000000001,0.21031896756724403,0.7896810324327554,0.45062402198474893,0.5493759780152371
149,74.74916387959867,0.73,0.9400000000000001,0.21090255043871223,0.7890974495612872,0.45378277187489036,0.546217228125096
150,75.25083612040133,0.73,0.9400000000000001,0.21148706356693553,0.788512936433064,0.4569275464786626,0.543072453521324
151,75.75250836120401,0.73,0.9400000000000001,0.21207243046991486,0.7879275695300847,0.46005802385495725,0.5399419761450298
152,76.25418060200668,0.73,0.9400000000000001,0.21265857501177576,0.7873414249882238,0.46317387510492747,0.5368261248950599
153,76.75585284280936,0.73,0.9400000000000001,0.21324542128622423,0.7867545787137753,0.4662747862558239,0.5337252137441637
154,77.25752508361204,0.73,0.9400000000000001,0.21383289342743794,0.7861671065725615,0.4693604526923856,0.5306395473076024
155,77.75919732441471,0.73,0.9400000000000001,0.21442091548277373,0.7855790845172258,0.47243058121659537,0.5275694187833929
156,78.26086956521739,0.73,0.9400000000000001,0.2150094105481645,0.7849905894518351,0.47548488412581863,0.52451511587417
157,78.76254180602007,0.73,0.9400000000000001,0.2155983020303843,0.7844016979696152,0.4785230878583411,0.5214769121416479
158,79.26421404682274,0.73,0.9400000000000001,0.21618751332942737,0.7838124866705722,0.4815449307062903,0.5184550692936991
159,79.76588628762542,0.73,0.9400000000000001,0.21677697011781333,0.7832230298821863,0.4845501573241421,0.5154498426758476
160,80.2675585284281,0.73,0.9400000000000001,0.21736659958215587,0.7826334004178437,0.4875385203717822,0.5124614796282078
161,80.76923076923077,0.73,0.9400000000000001,0.21795632859255798,0.7820436714074416,0.4905097844803186,0.5094902155196717
162,81.27090301003345,0.73,0.9400000000000001,0.21854608464964348,0.7814539153503561,0.4934637240877772,0.5065362759122134
163,81.77257525083613,0.73,0.9400000000000001,0.21913579581141265,0.7808642041885869,0.49640012298221703,0.503599877017774
164,82.27424749163879,0.73,0.9400000000000001,0.21972539078480005,0.7802746092151995,0.4993187748736305,0.5006812251263608
165,82.77591973244147,0.73,0.9400000000000001,0.22031479890908684,0.7796852010909128,0.5022194832903316,0.49778051670966006
166,83.27759197324414,0.73,0.9400000000000001,0.2209039485654474,0.7790960514345522,0.5051020436446167,0.49489795635537503
167,83.77926421404682,0.73,0.9400000000000001,0.22149276776758367,0.7785072322324159,0.5079663262152274,0.4920336737847647
168,84.2809364548495,0.73,0.9400000000000001,0.22208118461358403,0.7779188153864156,0.5108121181269131,0.48918788187307927
169,84.78260869565217,0.73,0.9400000000000001,0.2226691280708956,0.777330871929104,0.5136392704433134,0.4863607295566792
170,85.28428093645485,0.73,0.9400000000000001,0.22325653007154944,0.7767434699284501,0.5164476360801932,0.4835523639197997
171,85.78595317725753,0.73,0.9400000000000001,0.22384332338191065,0.7761566766180888,0.5192370714964779,0.4807629285035152
172,86.2876254180602,0.73,0.9400000000000001,0.2244294434508509,0.7755705565491486,0.5220074460892907,0.4779925539107026
173,86.78929765886288,0.73,0.9400000000000001,0.2250148249019439,0.7749851750980556,0.5247586344215613,0.47524136557843233
174,87.29096989966555,0.73,0.9400000000000001,0.22559940209818827,0.7744005979018113,0.5274905219216879,0.47250947807830607
175,87.79264214046823,0.73,0.9400000000000001,0.22618311067366484,0.7738168893263347,0.5302030025078606,0.4697969974921336
176,88.29431438127091,0.73,0.9400000000000001,0.22676588697482797,0.7732341130251716,0.5328959767303048,0.4671040232696897
177,88.79598662207358,0.73,0.9400000000000001,0.22734766933793804,0.7726523306620616,0.5355693592810515,0.4644306407189432
178,89.29765886287625,0.73,0.9400000000000001,0.22792839569835396,0.7720716043016457,0.5382230618816399,0.461776938118355
179,89.79933110367892,0.73,0.9400000000000001,0.22850800580136968,0.77149199419863,0.5408570127563439,0.4591429872436513
180,90.3010033444816,0.73,0.9400000000000001,0.22908644013267515,0.7709135598673245,0.5434711467362145,0.4565288532637809
181,90.80267558528428,0.73,0.9400000000000001,0.22966363954040467,0.770336360459595,0.5460654007966613,0.4539345992033343
182,91.30434782608695,0.73,0.9400000000000001,0.2302395471774491,0.7697604528225506,0.5486397300949365,0.45136026990505934
183,91.80602006688963,0.73,0.9400000000000001,0.23081410605398806,0.7691858939460117,0.5511940876428253,0.4488059123571708
184,92.3076923076923,0.73,0.9400000000000001,0.23138725999325152,0.7686127400067482,0.5537284319030549,0.4462715680969414
185,92.80936454849498,0.73,0.9400000000000001,0.23195895549555923,0.7680410445044404,0.5562427394467503,0.44375726055324616
186,93.31103678929766,0.73,0.9400000000000001,0.23252913861208277,0.767470861387917,0.5587369825719671,0.4412630174280295
187,93.81270903010034,0.73,0.9400000000000001,0.23309775733209764,0.7669022426679021,0.5612111461251328,0.438788853874864
188,94.31438127090301,0.73,0.9400000000000001,0.23366476045546392,0.7663352395445358,0.5636652206125156,0.43633477938748133
189,94.81605351170569,0.73,0.9400000000000001,0.23423009827763022,0.7657699017223695,0.5660992063751471,0.43390079362485007
190,95.31772575250837,0.73,0.9400000000000001,0.23479372108146798,0.7652062789185317,0.5685131036609672,0.43148689633903015
191,95.81939799331104,0.73,0.9400000000000001,0.235355580036266,0.7646444199637337,0.5709069185426665,0.42909308145733094
192,96.3210702341137,0.73,0.9400000000000001,0.23591562801535818,0.7640843719846415,0.5732806682999124,0.4267193317000852
193,96.82274247491638,0.73,0.9400000000000001,0.23647381906247153,0.7635261809375281,0.575634377707092,0.4243656222929057
194,97.32441471571906,0.73,0.9400000000000001,0.23703010882903336,0.7629698911709663,0.5779680706896998,0.4220319293102981
195,97.82608695652173,0.73,0.9400000000000001,0.23758445429155284,0.7624155457084467,0.5802817757165621,0.4197182242834358
196,98.32775919732441,0.73,0.9400000000000001,0.2381368135421146,0.761863186457885,0.5825755297971175,0.4174244702028807
197,98.82943143812709,0.73,0.9400000000000001,0.23868714592398765,0.761312854076012,0.584849375600649,0.41515062439934924
198,99.33110367892976,0.73,0.9400000000000001,0.2392354114788752,0.7607645885211244,0.5871033585420862,0.4128966414579122
199,99.83277591973244,0.73,0.9400000000000001,0.23978157133031866,0.7602184286696809,0.5893375288033786,0.4106624711966198
200,100.33444816053512,0.73,0.9400000000000001,0.2403255879159949,0.7596744120840047,0.5915519425582121,0.40844805744178647
201,100.8361204013378,0.73,0.9400000000000001,0.24086742478092227,0.7591325752190774,0.5937466609666814,0.4062533390333173
202,101.33779264214047,0.73,0.9400000000000001,0.24140704539230068,0.7585929546076989,0.5959217471650058,0.40407825283499293
203,101.83946488294315,0.73,0.9400000000000001,0.24194441401478609,0.7580555859852135,0.5980772684887103,0.4019227315112884
204,102.34113712374582,0.73,0.9400000000000001,0.24247949614328446,0.7575205038567151,0.600213297571915,0.39978670242808384
205,102.8428093645485,0.73,0.9400000000000001,0.24301225818888847,0.7569877418111112,0.6023299113673236,0.3976700886326753
206,103.34448160535118,0.73,0.9400000000000001,0.24354266880226305,0.7564573311977365,0.6044271886104332,0.39557281138956574
207,103.84615384615384,0.73,0.9400000000000001,0.24407069785968494,0.7559293021403146,0.6065052117624236,0.39349478823757544
208,104.34782608695652,0.73,0.9400000000000001,0.24459631604220347,0.7554036839577961,0.6085640678165437,0.39143593218345546
209,104.84949832775919,0.73,0.9400000000000001,0.24511949522108153,0.754880504778918,0.6106038474336399,0.38939615256635934
210,105.35117056856187,0.73,0.9400000000000001,0.2456402087091111,0.7543597912908885,0.6126246424243482,0.3873753575756511
211,105.85284280936455,0.73,0.9400000000000001,0.2461584310198334,0.7538415689801662,0.6146265481613495,0.3853734518386499
212,106.35451505016722,0.73,0.9400000000000001,0.24667413784304998,0.7533258621569496,0.6166096638247113,0.3833903361752881
213,106.8561872909699,0.73,0.9400000000000001,0.247187305906667,0.7528126940933326,0.6185740915892902,0.3814259084107093
214,107.35785953177258,0.73,0.9400000000000001,0.24769791119015605,0.7523020888098435,0.620519933946132,0.3794800660538675
215,107.85953177257525,0.73,0.9400000000000001,0.24820593094221977,0.7517940690577798,0.6224472967276048,0.3775527032723948
216,108.36120401337793,0.73,0.9400000000000001,0.24871134353740082,0.7512886564625987,0.6243562888924094,0.37564371110759026
217,108.8628762541806,0.73,0.9400000000000001,0.2492141282487745,0.7507858717512251,0.6262470217412978,0.3737529782587017
218,109.36454849498328,0.73,0.9400000000000001,0.24971426555329543,0.7502857344467042,0.6281196068090411,0.37188039319095845
219,109.86622073578596,0.73,0.9400000000000001,0.2502117367340368,0.7497882632659628,0.6299741586104625,0.37002584138953715
220,110.36789297658864,0.73,0.9400000000000001,0.250706523952593,0.7492934760474066,0.6318107941405902,0.36818920585940945
221,110.8695652173913,0.73,0.9400000000000001,0.25119860510480024,0.7488013948951994,0.6336296232937011,0.3663703767062985
222,111.37123745819397,0.73,0.9400000000000001,0.25168798033338985,0.7483120196666098,0.6354307894911697,0.36456921050883
223,111.87290969899665,0.73,0.9400000000000001,0.25217462306244104,0.7478253769375586,0.6372143936332665,0.36278560636673324
224,112.37458193979933,0.73,0.9400000000000001,0.252658522264323,0.7473414777356766,0.6389805624376274,0.3610194375623723
225,112.876254180602,0.73,0.9400000000000001,0.253139666670586,0.7468603333294136,0.6407294222263183,0.3592705777736814
226,113.37792642140468,0.73,0.9400000000000001,0.25361804420463757,0.746381955795362,0.6424610979939449,0.3575389020060548
227,113.87959866220736,0.73,0.9400000000000001,0.2540936431641593,0.7459063568358404,0.6441757157218297,0.35582428427816987
228,114.38127090301003,0.73,0.9400000000000001,0.25456645226425856,0.7454335477357411,0.6458734031782221,0.3541265968217776
229,114.88294314381271,0.73,0.9400000000000001,0.25503646099188604,0.7449635390081136,0.6475542883068389,0.35244571169316086
230,115.38461538461539,0.73,0.9400000000000001,0.25550366116526646,0.7444963388347331,0.6492185009290657,0.35078149907093403
231,115.88628762541806,0.73,0.9400000000000001,0.25596804445632826,0.7440319555436713,0.6508661708355278,0.34913382916447194
232,116.38795986622074,0.73,0.9400000000000001,0.2564296040078072,0.7435703959921924,0.6524974292327036,0.3475025707672961
233,116.88963210702342,0.73,0.9400000000000001,0.25688833324886323,0.7431116667511365,0.654112407566765,0.34588759243323475
234,117.3913043478261,0.73,0.9400000000000001,0.2573442269158692,0.7426557730841304,0.655711238481372,0.34428876151862775
235,117.89297658862876,0.73,0.9400000000000001,0.257797278806068,0.7422027211939317,0.6572940537591248,0.3427059462408751
236,118.39464882943143,0.73,0.9400000000000001,0.2582474833320359,0.7417525166679637,0.658860985542583,0.3411390144574168
237,118.89632107023411,0.73,0.9400000000000001,0.2586948386358494,0.7413051613641501,0.660412168200643,0.33958783179935687
238,119.39799331103679,0.73,0.9400000000000001,0.2591393413768739,0.7408606586231258,0.6619477352170918,0.33805226478290806
239,119.89966555183946,0.73,0.9400000000000001,0.25958098789385414,0.7404190121061455,0.66346781985938,0.3365321801406199
240,120.40133779264214,0.73,0.9400000000000001,0.2600197776066353,0.7399802223933643,0.6649725563755537,0.3350274436244461
241,120.90301003344482,0.73,0.9400000000000001,0.2604557100037653,0.7395442899962343,0.6664620790355251,0.3335379209644748
242,121.40468227424749,0.73,0.9400000000000001,0.2608887835974867,0.7391112164025129,0.6679365217984852,0.33206347820151466
243,121.90635451505017,0.73,0.9400000000000001,0.2613189983588809,0.7386810016411186,0.6693960186582157,0.3306039813417841
244,122.40802675585284,0.73,0.9400000000000001,0.261746356055004,0.7382536439449956,0.6708407036510822,0.32915929634891766
245,122.90969899665552,0.73,0.9400000000000001,0.2621708570644507,0.7378291429355488,0.6722707107805286,0.32772928921947125
246,123.4113712374582,0.73,0.9400000000000001,0.26259250228833236,0.7374074977116671,0.6736861739197668,0.326313826080233
247,123.91304347826087,0.73,0.9400000000000001,0.26301129529613704,0.7369887047038625,0.6750872262983041,0.32491277370169575
248,124.41471571906355,0.73,0.9400000000000001,0.26342723867988327,0.7365727613201163,0.676474001381447,0.32352599861855286
249,124.91638795986621,0.73,0.9400000000000001,0.2638403354184341,0.7361596645815653,0.6778466322574412,0.3221533677425586
250,125.41806020066889,0.73,0.9400000000000001,0.2642505897865426,0.7357494102134569,0.6792052510969199,0.3207947489030799
251,125.91973244147157,0.73,0.9400000000000001,0.2646580053511103,0.735341994648889,0.6805499905717377,0.3194500094282621
252,126.42140468227424,0.73,0.9400000000000001,0.26506258685388645,0.7349374131461129,0.6818809824067519,0.31811901759324795
253,126.92307692307692,0.73,0.9400000000000001,0.26546433993018226,0.7345356600698172,0.6831983576089278,0.31680164239107206
254,127.4247491638796,0.73,0.9400000000000001,0.2658632695388491,0.7341367304611504,0.6845022477172379,0.3154977522827619
255,127.92642140468227,0.73,0.9400000000000001,0.26625938220513434,0.7337406177948651,0.6857927826234536,0.3142072173765463
256,128.42809364548495,0.73,0.9400000000000001,0.2666526846020494,0.7333473153979501,0.6870700920639591,0.3129299079360408
257,128.9297658862876,0.73,0.9400000000000001,0.2670431830984696,0.7329568169015298,0.6883343060470127,0.3116656939529872
258,129.4314381270903,0.73,0.9400000000000001,0.26743088551185445,0.7325691144881449,0.6895855525873287,0.3104144474126713
259,129.93311036789297,0.73,0.9400000000000001,0.2678157994790022,0.7321842005209971,0.6908239599423172,0.30917604005768273
260,130.43478260869566,0.73,0.9400000000000001,0.26819793302540845,0.7318020669745909,0.6920496552624117,0.30795034473758826
261,130.93645484949832,0.73,0.9400000000000001,0.26857729441620126,0.7314227055837981,0.6932627651311709,0.306737234868829
262,131.438127090301,0.73,0.9400000000000001,0.26895389212119375,0.7310461078788055,0.6944634158310582,0.30553658416894164
263,131.93979933110367,0.73,0.9400000000000001,0.2693277354509203,0.7306722645490791,0.6956517320328184,0.30434826796718156
264,132.44147157190636,0.73,0.9400000000000001,0.2696988334659386,0.7303011665340609,0.6968278388430708,0.3031721611569292
265,132.94314381270902,0.73,0.9400000000000001,0.2700671961445082,0.7299328038554912,0.6979918593157043,0.30200814068429566
266,133.44481605351172,0.73,0.9400000000000001,0.2704328332791538,0.7295671667208457,0.6991439169097592,0.3008560830902408
267,133.94648829431438,0.73,0.9400000000000001,0.27079575523504634,0.729204244764953,0.7002841334495361,0.2997158665504639
268,134.44816053511707,0.73,0.9400000000000001,0.27115597253965096,0.7288440274603485,0.701412630309298,0.29858736969070204
269,134.94983277591973,0.73,0.9400000000000001,0.2715134959684315,0.7284865040315679,0.7025295279369277,0.29747047206307237
270,135.45150501672242,0.73,0.9400000000000001,0.2718683365940589,0.7281316634059405,0.7036349457868992,0.2963650542131008
271,135.95317725752508,0.73,0.9400000000000001,0.2722205055987006,0.727779494401299,0.7047290029116774,0.2952709970883227
272,136.45484949832775,0.73,0.9400000000000001,0.27257001463301883,0.7274299853669807,0.7058118167401636,0.2941881832598364
273,136.95652173913044,0.73,0.9400000000000001,0.2729168752986085,0.7270831247013911,0.706883504795179,0.293116495204821
274,137.4581939799331,0.73,0.9400000000000001,0.2732610997173839,0.7267389002826157,0.707944182564943,0.2920558174350572
275,137.9598662207358,0.73,0.9400000000000001,0.2736026999240668,0.7263973000759328,0.708993965680533,0.2910060343194671
276,138.46153846153845,0.73,0.9400000000000001,0.2739416884370732,0.7260583115629264,0.7100329669044491,0.28996703309555105
277,138.96321070234114,0.73,0.9400000000000001,0.2742780775486758,0.7257219224513238,0.7110613003241235,0.28893869967587654
278,139.4648829431438,0.73,0.9400000000000001,0.2746118795123559,0.7253881204876438,0.7120790802698096,0.2879209197301904
279,139.9665551839465,0.73,0.9400000000000001,0.2749431075447325,0.7250568924552672,0.71308641698861,0.28691358301139014
280,140.46822742474916,0.73,0.9400000000000001,0.27527177507421824,0.7247282249257814,0.7140834198297429,0.2859165801702572
281,140.96989966555185,0.73,0.9400000000000001,0.27559789510665317,0.7244021048933464,0.7150701999338926,0.28492980006610735
282,141.4715719063545,0.73,0.9400000000000001,0.27592148089676477,0.7240785191032347,0.7160468670153222,0.28395313298467795
283,141.9732441471572,0.73,0.9400000000000001,0.2762425465114316,0.723757453488568,0.7170135261337051,0.282986473866295
284,142.47491638795987,0.73,0.9400000000000001,0.2765611055736884,0.7234388944263112,0.7179702848924653,0.2820297151075347
285,142.97658862876253,0.73,0.9400000000000001,0.27687717167032927,0.7231228283296703,0.718917251031826,0.28108274896817403
286,143.47826086956522,0.73,0.9400000000000001,0.2771907588131087,0.7228092411868909,0.7198545276015101,0.2801454723984899
287,143.97993311036788,0.73,0.9400000000000001,0.277501881008856,0.7224981189911436,0.7207822177056017,0.2792177822943984
288,144.48160535117057,0.73,0.9400000000000001,0.2778105521313665,0.722189447868633,0.7217004259165478,0.2782995740834522
289,144.98327759197323,0.73,0.9400000000000001,0.27811678623742986,0.7218832137625697,0.7226092546873227,0.2773907453126774
290,145.48494983277592,0.73,0.9400000000000001,0.2784205977615008,0.7215794022384987,0.7235088020967169,0.2764911979032832
291,145.9866220735786,0.73,0.9400000000000001,0.2787220008730927,0.7212779991269068,0.7243991692921165,0.27560083070788366
292,146.48829431438128,0.73,0.9400000000000001,0.27902100972850213,0.7209789902714974,0.7252804575739894,0.2747195424260107
293,146.98996655518394,0.73,0.9400000000000001,0.27931763892820427,0.7206823610717951,0.7261527644349283,0.27384723556507173
294,147.49163879598663,0.73,0.9400000000000001,0.2796119034173338,0.7203880965826656,0.727016184412815,0.27298381558718504
295,147.9933110367893,0.73,0.9400000000000001,0.2799038177827653,0.7200961822172341,0.7278708151168379,0.27212918488316207
296,148.49498327759198,0.73,0.9400000000000001,0.28019339661550735,0.719806603384492,0.7287167540781742,0.27128324592182573
297,148.99665551839465,0.73,0.9400000000000001,0.2804806548003606,0.7195193451996388,0.7295540936388004,0.2704459063611995
298,149.49832775919734,0.73,0.9400000000000001,0.2807656072488475,0.7192343927511519,0.7303829256687075,0.26961707433129234
299,150.0,0.73,0.9400000000000001,0.2810482687527756,0.7189517312472238,0.7312033441523929,0.2687966558476071
