,time,sigma,beta,S,I,C,D
0,0.0,0.84,0.27,0.9998,0.0002,0.5,0.5
1,0.5016722408026756,0.84,0.27,0.9997955804177988,0.00020441958220124466,0.47911628907718884,0.5208837109228108
2,1.0033444816053512,0.84,0.27,0.9997906917687316,0.00020930823126843684,0.45830543276719393,0.541694567232806
3,1.5050167224080266,0.84,0.27,0.9997853054001031,0.00021469459989695966,0.43763921490821595,0.562360785091784
4,2.0066889632107023,0.84,0.27,0.9997793925202384,0.00022060747976172053,0.4171873824698953,0.5828126175301046
5,2.508361204013378,0.84,0.27,0.9997729223527587,0.00022707764724138295,0.39701676863909496,0.6029832313609049
6,3.0100334448160533,0.84,0.27,0.9997658619991749,0.00023413800082519422,0.37719044653196837,0.6228095534680316
7,3.511705685618729,0.84,0.27,0.9997581763103289,0.00024182368967117968,0.3577670290515472,0.6422329709484527
8,4.013377926421405,0.84,0.27,0.9997498277246374,0.0002501722753626437,0.3387999626969783,0.6612000373030216
9,4.51505016722408,0.84,0.27,0.9997407761279979,0.00025922387200218324,0.3203371516997825,0.6796628483002175
10,5.016722408026756,0.84,0.27,0.9997309786821847,0.0002690213178152849,0.30242056281050633,0.6975794371894937
11,5.518394648829432,0.84,0.27,0.9997203896485526,0.00027961035144752436,0.2850860227444609,0.7149139772555391
12,6.020066889632107,0.84,0.27,0.9997089602004816,0.00029103979951839543,0.2683631470168923,0.7316368529831078
13,6.521739130434782,0.84,0.27,0.9996966382229071,0.0003033617770929594,0.2522753953441621,0.7477246046558379
14,7.023411371237458,0.84,0.27,0.999683368105918,0.0003166318940821132,0.2368401682411996,0.7631598317588004
15,7.525083612040134,0.84,0.27,0.9996690905056466,0.0003309094943534767,0.22206918046597535,0.7779308195340247
16,8.02675585284281,0.84,0.27,0.9996537421109708,0.000346257889029301,0.20796874027516965,0.7920312597248303
17,8.528428093645484,0.84,0.27,0.9996372553915741,0.0003627446084260404,0.1945400590368952,0.8054599409631049
18,9.03010033444816,0.84,0.27,0.9996195583134755,0.0003804416865246832,0.1817798281605947,0.8182201718394054
19,9.531772575250836,0.84,0.27,0.9996005740554119,0.00039942594458824054,0.1696806112443794,0.8303193887556207
20,10.033444816053512,0.84,0.27,0.9995802206972269,0.000419779302773351,0.15823134505507203,0.841768654944928
21,10.535117056856187,0.84,0.27,0.9995584108887308,0.0004415891112694121,0.14741783501171263,0.8525821649882874
22,11.036789297658864,0.84,0.27,0.9995350514998285,0.00046494850017164626,0.13722322596324832,0.8627767740367517
23,11.538461538461538,0.84,0.27,0.9995100432462644,0.000489956753735805,0.12762846215553575,0.8723715378444643
24,12.040133779264213,0.84,0.27,0.9994832802919249,0.0005167197080751614,0.11861272219047435,0.8813872778095257
25,12.54180602006689,0.84,0.27,0.9994546498250655,0.0005453501749346303,0.11015382063945961,0.8898461793605404
26,13.043478260869565,0.84,0.27,0.9994240316095462,0.0005759683904538695,0.10222858248705102,0.8977714175129491
27,13.545150501672241,0.84,0.27,0.9993912975035047,0.0006087024964953486,0.09481316936357415,0.9051868306364259
28,14.046822742474916,0.84,0.27,0.9993563109522325,0.0006436890477676074,0.08788337933936977,0.9121166206606303
29,14.548494983277592,0.84,0.27,0.9993189264428902,0.0006810735571098601,0.08141490516688397,0.9185850948331161
30,15.050167224080267,0.84,0.27,0.9992789889314866,0.0007210110685135492,0.07538356053884279,0.9246164394611572
31,15.551839464882944,0.84,0.27,0.9992363332274181,0.000763666772582003,0.06976546922679976,0.9302345307732002
32,16.05351170568562,0.84,0.27,0.9991907833432319,0.0008092166567682482,0.06453722586403131,0.9354627741359687
33,16.555183946488295,0.84,0.27,0.9991421518029564,0.0008578481970437782,0.05967602435010261,0.9403239756498973
34,17.05685618729097,0.84,0.27,0.9990902389037855,0.0009097610962147925,0.055159765696928306,0.9448402343030716
35,17.558528428093645,0.84,0.27,0.9990348319386152,0.0009651680613849727,0.05096713424939889,0.9490328657506011
36,18.06020066889632,0.84,0.27,0.9989757043612978,0.0010242956387024132,0.04707766293176786,0.952922337068232
37,18.561872909698998,0.84,0.27,0.9989126149078423,0.0010873850921578887,0.043471772044503476,0.9565282279554964
38,19.06354515050167,0.84,0.27,0.9988453066611105,0.0011546933388897518,0.04013079565656787,0.959869204343432
39,19.565217391304348,0.84,0.27,0.9987735060643883,0.001226493935611815,0.037036987937809636,0.9629630120621904
40,20.066889632107024,0.84,0.27,0.9986969218505188,0.0013030781494813533,0.03417354117117183,0.9658264588288282
41,20.568561872909697,0.84,0.27,0.9986152439356629,0.0013847560643372166,0.03152457073961984,0.9684754292603802
42,21.070234113712374,0.84,0.27,0.9985281422395169,0.0014718577604832938,0.029075087814048967,0.970924912185951
43,21.57190635451505,0.84,0.27,0.9984352654210951,0.0015647345789050696,0.0268109942437677,0.9731890057562324
44,22.073578595317727,0.84,0.27,0.9983362395550609,0.001663760444939192,0.02471904361899939,0.9752809563810007
45,22.5752508361204,0.84,0.27,0.9982306667222057,0.0017693332777943996,0.022786817203234506,0.9772131827967655
46,23.076923076923077,0.84,0.27,0.9981181235172054,0.0018818764827947267,0.021002690258694168,0.9789973097413058
47,23.578595317725753,0.84,0.27,0.997998159472416,0.0020018405275841105,0.019355796641621403,0.9806442033583785
48,24.080267558528426,0.84,0.27,0.9978702953915154,0.002129704608484745,0.01783599474711108,0.9821640052528889
49,24.581939799331103,0.84,0.27,0.9977340215880112,0.0022659784119890202,0.016433826346580308,0.9835661736534197
50,25.08361204013378,0.84,0.27,0.9975887960260356,0.002411203973964634,0.01514048426517366,0.9848595157348264
51,25.585284280936456,0.84,0.27,0.9974340423536316,0.0025659576463685635,0.013947773981531495,0.9860522260184686
52,26.08695652173913,0.84,0.27,0.9972691478348148,0.0027308521651853157,0.012848080122187494,0.9871519198778126
53,26.588628762541806,0.84,0.27,0.9970934611664005,0.002906538833599585,0.011834329091952025,0.988165670908048
54,27.090301003344482,0.84,0.27,0.9969062901803921,0.0030937098196080304,0.010899957585565478,0.9891000424144345
55,27.59197324414716,0.84,0.27,0.996706899427451,0.003293100572549078,0.010038878936353683,0.9899611210636463
56,28.093645484949832,0.84,0.27,0.9964945076357618,0.0035054923642383715,0.00924545284021894,0.9907545471597811
57,28.59531772575251,0.84,0.27,0.9962682850438023,0.0037317149561979105,0.008514456514474548,0.9914855434855255
58,29.096989966555185,0.84,0.27,0.9960273506058832,0.003972649394116944,0.007841054315587036,0.992158945684413
59,29.598662207357858,0.84,0.27,0.9957707690568673,0.004229230943132826,0.007220773721857342,0.9927792262781426
60,30.100334448160535,0.84,0.27,0.995497547856611,0.004502452143389162,0.006649478386812178,0.9933505216131878
61,30.60200668896321,0.84,0.27,0.9952066339827232,0.004793366017276997,0.0061233451495246866,0.9938766548504754
62,31.103678929765888,0.84,0.27,0.9948969105937282,0.00510308940627205,0.005638841950642385,0.9943611580493577
63,31.60535117056856,0.84,0.27,0.9945671935668816,0.005432806433118551,0.005192706068098827,0.9948072939319013
64,32.10702341137124,0.84,0.27,0.9942162278672539,0.005783772132746259,0.004781925506502266,0.9952180744934979
65,32.608695652173914,0.84,0.27,0.993842683835769,0.0061573161642312305,0.004403719847433192,0.995596280152567
66,33.11036789297659,0.84,0.27,0.9934451532951735,0.006554846704826814,0.004055523486217237,0.9959444765137828
67,33.61204013377927,0.84,0.27,0.9930221455670608,0.006977854432939487,0.003734969664810735,0.9962650303351893
68,34.11371237458194,0.84,0.27,0.9925720833866166,0.007427916613383615,0.003439875421742641,0.9965601245782574
69,34.61538461538461,0.84,0.27,0.992093298645991,0.007906701354009275,0.0031682279693440907,0.996831772030656
70,35.11705685618729,0.84,0.27,0.99158402816337,0.008415971836630363,0.002918171594916706,0.9970818284050833
71,35.618729096989966,0.84,0.27,0.991042409245871,0.008957590754129455,0.002687995810138454,0.9973120041898617
72,36.12040133779264,0.84,0.27,0.9904664752914856,0.009533524708514754,0.002476124273794857,0.9975238757262053
73,36.62207357859532,0.84,0.27,0.9898541513598025,0.010145848640197828,0.00228110442483082,0.9977188955751694
74,37.123745819397996,0.84,0.27,0.9892032496381659,0.010796750361834563,0.0021015980012012232,0.9978984019987989
75,37.625418060200666,0.84,0.27,0.9885114651973758,0.01148853480262465,0.001936372250073544,0.9980636277499266
76,38.12709030100334,0.84,0.27,0.9877763713025862,0.012223628697414172,0.0017842916314870058,0.9982157083685131
77,38.62876254180602,0.84,0.27,0.9869954151538071,0.013004584846193327,0.0016443102503566937,0.9983556897496435
78,39.130434782608695,0.84,0.27,0.9861659146151053,0.013834085384895136,0.0015154650066582095,0.998484534993342
79,39.63210702341137,0.84,0.27,0.9852850532186739,0.014714946781326512,0.0013968691369190918,0.9986031308630812
80,40.13377926421405,0.84,0.27,0.9843498765136751,0.015650123486325242,0.0012877063398594422,0.9987122936601407
81,40.635451505016725,0.84,0.27,0.9833572907701339,0.01664270922986646,0.001187224523671409,0.9988127754763287
82,41.137123745819395,0.84,0.27,0.9823040579409414,0.017695942059058827,0.0010947317244325851,0.9989052682755676
83,41.63879598662207,0.84,0.27,0.9811867931416897,0.01881320685831067,0.0010095915535165221,0.9989904084464836
84,42.14046822742475,0.84,0.27,0.9800019664062246,0.019998033593775704,0.000931217071366463,0.9990687829286337
85,42.642140468227424,0.84,0.27,0.9787458983913209,0.021254101608679427,0.0008590684522706655,0.9991409315477294
86,43.1438127090301,0.84,0.27,0.9774147596834661,0.022585240316534194,0.000792649521675105,0.999207350478325
87,43.64548494983278,0.84,0.27,0.9760045766700547,0.023995423329945677,0.0007315026438616493,0.9992684973561384
88,44.147157190635454,0.84,0.27,0.9745112292932588,0.025488770706741503,0.0006752069311091015,0.999324793068891
89,44.64882943143812,0.84,0.27,0.9729304530973033,0.027069546902697052,0.0006233756854306424,0.9993766243145694
90,45.1505016722408,0.84,0.27,0.9712578506007208,0.028742149399279604,0.0005756522741347905,0.9994243477258652
91,45.65217391304348,0.84,0.27,0.9694888927071987,0.03051110729280169,0.0005317086713454421,0.9994682913286546
92,46.15384615384615,0.84,0.27,0.967618924666382,0.03238107533361842,0.0004912435857446027,0.9995087564142554
93,46.65551839464883,0.84,0.27,0.9656431844765528,0.034356815523447534,0.00045397918827505914,0.999546020811725
94,47.15719063545151,0.84,0.27,0.9635568099879452,0.036443190012055114,0.0004196598713015124,0.9995803401286986
95,47.65886287625418,0.84,0.27,0.9613548502070393,0.03864514979296108,0.00038805088568854673,0.9996119491143115
96,48.16053511705685,0.84,0.27,0.9590322920489872,0.04096770795101312,0.0003589358385927764,0.9996410641614073
97,48.66220735785953,0.84,0.27,0.9565840755357035,0.043415924464296846,0.00033211561337771306,0.9996678843866224
98,49.163879598662206,0.84,0.27,0.9540051121216478,0.045994887878352556,0.00030740737837710216,0.999692592621623
99,49.66555183946488,0.84,0.27,0.9512903205367514,0.048709679463248966,0.00028464261980118237,0.9997153573801989
100,50.16722408026756,0.84,0.27,0.9484346524632996,0.05156534753670072,0.00026366622993210815,0.999736333770068
101,50.668896321070235,0.84,0.27,0.9454331197514328,0.054566880248567505,0.00024433580935192775,0.9997556641906482
102,51.17056856187291,0.84,0.27,0.9422808389908942,0.05771916100910623,0.00022652014316527452,0.9997734798568348
103,51.67224080267559,0.84,0.27,0.9389730693069696,0.06102693069303078,0.00021009841872210306,0.999789901581278
104,52.17391304347826,0.84,0.27,0.9355052503965594,0.06449474960344101,0.0001949597296857648,0.9998050402703144
105,52.675585284280935,0.84,0.27,0.9318730538162348,0.06812694618376562,0.00018100190956895685,0.9998189980904312
106,53.17725752508361,0.84,0.27,0.9280724326381768,0.0719275673618235,0.00016813086598555603,0.9998318691340146
107,53.67892976588629,0.84,0.27,0.9240996720294414,0.07590032797055893,0.0001562602315790108,0.9998437397684211
108,54.180602006688964,0.84,0.27,0.9199514431745542,0.08004855682544616,0.00014531046265055676,0.9998546895373496
109,54.68227424749164,0.84,0.27,0.9156248611944761,0.0843751388055243,0.00013520827177000515,0.9998647917282301
110,55.18394648829432,0.84,0.27,0.9111175492720824,0.08888245072791787,0.00012588639174390383,0.9998741136082562
111,55.68561872909699,0.84,0.27,0.9064276889819272,0.09357231101807312,0.00011728288772198862,0.9998827171122782
112,56.187290969899664,0.84,0.27,0.9015540782845918,0.09844592171540856,0.00010934067906906199,0.999890659320931
113,56.68896321070234,0.84,0.27,0.8964962086114724,0.1035037913885279,0.00010200737477772397,0.9998979926252224
114,57.19063545150502,0.84,0.27,0.8912543081679578,0.10874569183204248,9.523477346614338e-05,0.9999047652265339
115,57.69230769230769,0.84,0.27,0.885829382410783,0.11417061758921729,8.897842563791214e-05,0.9999110215743622
116,58.19397993311037,0.84,0.27,0.8802232863356334,0.1197767136643669,8.319745248545764e-05,0.9999168025475146
117,58.69565217391305,0.84,0.27,0.8744387573510207,0.12556124264897964,7.78542695984512e-05,0.9999221457304016
118,59.197324414715716,0.84,0.27,0.8684794675250249,0.13152053247497533,7.291433194844155e-05,0.9999270856680517
119,59.69899665551839,0.84,0.27,0.8623500423696951,0.13764995763030508,6.834584255556083e-05,0.9999316541574446
120,60.20066889632107,0.84,0.27,0.8560560776104906,0.14394392238950962,6.4119501194908e-05,0.9999358804988052
121,60.702341137123746,0.84,0.27,0.8496041720285525,0.1503958279714477,6.020836732928522e-05,0.9999397916326708
122,61.20401337792642,0.84,0.27,0.8430019041893259,0.15699809581067442,5.658764504630503e-05,0.9999434123549538
123,61.7056856187291,0.84,0.27,0.8362578448840108,0.1637421551159894,5.323452849637185e-05,0.9999467654715037
124,62.207357859531776,0.84,0.27,0.8293815213328405,0.17061847866715973,5.0128025082235075e-05,0.9999498719749179
125,62.709030100334445,0.84,0.27,0.822383382412166,0.1776166175878342,4.724881314651143e-05,0.9999527511868537
126,63.21070234113712,0.84,0.27,0.8152747611136703,0.18472523888633,4.4579124593632836e-05,0.9999554208754065
127,63.7123745819398,0.84,0.27,0.8080677988104449,0.19193220118955534,4.2102588214046974e-05,0.9999578974117861
128,64.21404682274247,0.84,0.27,0.8007753835309088,0.19922461646909134,3.980414623751457e-05,0.9999601958537626
129,64.71571906354515,0.84,0.27,0.7934110622050309,0.2065889377949694,3.766993565312969e-05,0.999962330064347
130,65.21739130434783,0.84,0.27,0.7859889428984934,0.21401105710150675,3.568719773549403e-05,0.9999643128022646
131,65.7190635451505,0.84,0.27,0.7785235928958657,0.22147640710413458,3.384419180135655e-05,0.9999661558081988
132,66.22073578595318,0.84,0.27,0.7710299355424227,0.22897006445757756,3.213009731705586e-05,0.9999678699026832
133,66.72240802675586,0.84,0.27,0.7635231048555761,0.2364768951444242,3.0534969746444566e-05,0.9999694650302537
134,67.22408026755853,0.84,0.27,0.7560183325185715,0.24398166748142874,2.904966110110173e-05,0.9999709503388992
135,67.72575250836121,0.84,0.27,0.7485308649217343,0.251469135078266,2.766572491532543e-05,0.9999723342750849
136,68.22742474916387,0.84,0.27,0.7410758008604175,0.25892419913958287,2.637538134524054e-05,0.9999736246186549
137,68.72909698996655,0.84,0.27,0.733667975507031,0.26633202449296933,2.517147827044532e-05,0.9999748285217297
138,69.23076923076923,0.84,0.27,0.7263218297750058,0.27367817022499447,2.404743747568619e-05,0.9999759525625246
139,69.7324414715719,0.84,0.27,0.7190513307121722,0.280948669287828,2.299719292423373e-05,0.999977002807076
140,70.23411371237458,0.84,0.27,0.71186985661339,0.28813014338661025,2.2015153138555495e-05,0.9999779848468617
141,70.73578595317726,0.84,0.27,0.7047900990639737,0.29520990093602656,2.1096169684904812e-05,0.9999789038303154
142,71.23745819397993,0.84,0.27,0.6978239903184664,0.30217600968153385,2.0235500958310315e-05,0.999979764499042
143,71.73913043478261,0.84,0.27,0.6909826199686384,0.3090173800313619,1.942877923529287e-05,0.999980571220765
144,72.24080267558529,0.84,0.27,0.6842761972117489,0.31572380278825135,1.8671977714518685e-05,0.9999813280222858
145,72.74247491638796,0.84,0.27,0.6777139871418467,0.32228601285815356,1.7961387800456244e-05,0.9999820386121999
146,73.24414715719064,0.84,0.27,0.6713042928462513,0.32869570715374913,1.7293589686614922e-05,0.9999827064103137
147,73.74581939799332,0.84,0.27,0.6650544291322874,0.3349455708677129,1.666543203645259e-05,0.999983334567964
148,74.24749163879599,0.84,0.27,0.6589707173169663,0.3410292826830339,1.6074009310500114e-05,0.99998392599069
149,74.74916387959867,0.84,0.27,0.6530584915893538,0.3469415084106465,1.5516642900384146e-05,0.9999844833571002
150,75.25083612040133,0.84,0.27,0.6473221096475179,0.35267789035248237,1.4990862301370977e-05,0.9999850091376993
151,75.75250836120401,0.84,0.27,0.6417649790075485,0.35823502099245186,1.4494388310918946e-05,0.9999855056116898
152,76.25418060200668,0.84,0.27,0.6363896039636797,0.3636103960363206,1.4025121956169205e-05,0.9999859748780445
153,76.75585284280936,0.84,0.27,0.6311976133767377,0.3688023866232626,1.3581126993052758e-05,0.9999864188730077
154,77.25752508361204,0.84,0.27,0.6261897899927438,0.37381021000725656,1.3160612499764667e-05,0.999986839387501
155,77.75919732441471,0.84,0.27,0.6213661496286259,0.37863385037137437,1.2761926365363488e-05,0.9999872380736354
156,78.26086956521739,0.84,0.27,0.6167259809185929,0.3832740190814074,1.2383544828689346e-05,0.9999876164551722
157,78.76254180602007,0.84,0.27,0.6122679182170527,0.38773208178294755,1.2024062547629511e-05,0.9999879759374533
158,79.26421404682274,0.84,0.27,0.6079899892808664,0.3920100107191339,1.1682181641849363e-05,0.9999883178183591
159,79.76588628762542,0.84,0.27,0.6038896636902998,0.3961103363097005,1.135670162169144e-05,0.9999886432983793
160,80.2675585284281,0.84,0.27,0.599963936955535,0.4000360630444652,1.1046514532638276e-05,0.9999889534854685
161,80.76923076923077,0.84,0.27,0.5962093653092715,0.4037906346907287,1.075059632898227e-05,0.9999892494036722
162,81.27090301003345,0.84,0.27,0.5926221397740583,0.4073778602259419,1.0468001048992843e-05,0.9999895319989521
163,81.77257525083613,0.84,0.27,0.589198132361888,0.4108018676381122,1.019785412542069e-05,0.9999898021458759
164,82.27424749163879,0.84,0.27,0.5859329443485358,0.4140670556514644,9.939346582957269e-06,0.9999900606534183
165,82.77591973244147,0.84,0.27,0.5828219664010497,0.41717803359895045,9.691730772536048e-06,0.9999903082692289
166,83.27759197324414,0.84,0.27,0.5798604102753888,0.4201395897246113,9.454314421863277e-06,0.9999905456855795
167,83.77926421404682,0.84,0.27,0.577043361528738,0.4229566384712621,9.226457256914373e-06,0.9999907735427446
168,84.2809364548495,0.84,0.27,0.5743658140145158,0.4256341859854843,9.007566483511304e-06,0.9999909924335181
169,84.78260869565217,0.84,0.27,0.5718227045137663,0.42817729548623396,8.797093070654735e-06,0.999991202906931
170,85.28428093645485,0.84,0.27,0.5694089477483206,0.4305910522516795,8.594528730112387e-06,0.9999914054712717
171,85.78595317725753,0.84,0.27,0.567119461698037,0.4328805383019632,8.399402017365417e-06,0.9999916005979845
172,86.2876254180602,0.84,0.27,0.5649491954871185,0.4350508045128816,8.211276389093964e-06,0.9999917887236129
173,86.78929765886288,0.84,0.27,0.5628931511320847,0.4371068488679154,8.02974717209398e-06,0.9999919702528302
174,87.29096989966555,0.84,0.27,0.5609464024042097,0.43905359759579055,7.854438281814446e-06,0.9999921455617206
175,87.79264214046823,0.84,0.27,0.5591041104660557,0.44089588953394443,7.685001212576113e-06,0.9999923149987899
176,88.29431438127091,0.84,0.27,0.557361540272706,0.44263845972729415,7.521112324126701e-06,0.9999924788876785
177,88.79598662207358,0.84,0.27,0.5557140737389543,0.44428592626104585,7.362470708841074e-06,0.999992637529294
178,89.29765886287625,0.84,0.27,0.5541572139167015,0.44584278608329864,7.208797130769044e-06,0.9999927912028722
179,89.79933110367892,0.84,0.27,0.5526865986460436,0.4473134013539565,7.059831758065122e-06,0.9999929401682451
180,90.3010033444816,0.84,0.27,0.5512980051662952,0.448701994833705,6.915332768455378e-06,0.9999930846672349
181,90.80267558528428,0.84,0.27,0.5499873498660334,0.4500126501339668,6.775075376283112e-06,0.9999932249246273
182,91.30434782608695,0.84,0.27,0.5487506988223873,0.45124930117761286,6.6388500045330425e-06,0.9999933611499993
183,91.80602006688963,0.84,0.27,0.5475842652103771,0.4524157347896231,6.5064613907373475e-06,0.9999934935386133
184,92.3076923076923,0.84,0.27,0.5464844074900896,0.45351559250991036,6.377727660779494e-06,0.9999936222723436
185,92.80936454849498,0.84,0.27,0.5454476365645359,0.4545523634354642,6.252478899112321e-06,0.9999937475211055
186,93.31103678929766,0.84,0.27,0.5444706084751876,0.4555293915248124,6.1305565729832975e-06,0.9999938694434319
187,93.81270903010034,0.84,0.27,0.5435501225364576,0.4564498774635424,6.011812684708213e-06,0.9999939881873207
188,94.31438127090301,0.84,0.27,0.542683124690437,0.45731687530956305,5.896108674329312e-06,0.9999941038913314
189,94.81605351170569,0.84,0.27,0.54186669820093,0.45813330179906997,5.783315038915053e-06,0.9999942166849671
190,95.31772575250837,0.84,0.27,0.5410980621518436,0.45890193784815647,5.673310568474834e-06,0.999994326689438
191,95.81939799331104,0.84,0.27,0.5403745712618223,0.4596254287381778,5.565981549965654e-06,0.999994434018457
192,96.3210702341137,0.84,0.27,0.5396937069885376,0.4603062930114624,5.461221459220509e-06,0.9999945387785482
193,96.82274247491638,0.84,0.27,0.539053074748053,0.4609469252519472,5.358930368717996e-06,0.9999946410696392
194,97.32441471571906,0.84,0.27,0.538450401495841,0.46154959850415905,5.259014365872531e-06,0.9999947409856426
195,97.82608695652173,0.84,0.27,0.5378835309464025,0.4621164690535976,5.161385135642895e-06,0.9999948386148733
196,98.32775919732441,0.84,0.27,0.5373504205599385,0.46264957944006163,5.065959478579666e-06,0.999994934040531
197,98.82943143812709,0.84,0.27,0.5368491311698912,0.4631508688301089,4.972659212551688e-06,0.9999950273407976
198,99.33110367892976,0.84,0.27,0.5363778262287829,0.46362217377121717,4.881410640370498e-06,0.9999951185893705
199,99.83277591973244,0.84,0.27,0.5359347699981867,0.4640652300018134,4.79214409486374e-06,0.9999952078559168
200,100.33444816053512,0.84,0.27,0.5355183196470353,0.4644816803529648,4.704793828557809e-06,0.9999952952061839
201,100.8361204013378,0.84,0.27,0.5351269202517185,0.46487307974828157,4.619297780907876e-06,0.9999953807022324
202,101.33779264214047,0.84,0.27,0.5347591040981415,0.4652408959018585,4.535597137818981e-06,0.9999954644028763
203,101.83946488294315,0.84,0.27,0.5344134851088621,0.4655865148911379,4.453636179032828e-06,0.9999955463638361
204,102.34113712374582,0.84,0.27,0.5340887533817107,0.46591124661828937,4.373362133410739e-06,0.9999956266378828
205,102.8428093645485,0.84,0.27,0.5337836735419821,0.466216326458018,4.294724882730115e-06,0.9999957052751345
206,103.34448160535118,0.84,0.27,0.5334970805082125,0.46650291949178746,4.217676801298477e-06,0.9999957823232172
207,103.84615384615384,0.84,0.27,0.5332278746594429,0.4667721253405571,4.14217261234567e-06,0.9999958578274074
208,104.34782608695652,0.84,0.27,0.53297501941522,0.4670249805847801,4.068169201540896e-06,0.9999959318308195
209,104.84949832775919,0.84,0.27,0.5327375378179011,0.4672624621820989,3.9956254675203294e-06,0.9999960043745549
210,105.35117056856187,0.84,0.27,0.5325145093668896,0.46748549063311035,3.924502216138402e-06,0.9999960754978078
211,105.85284280936455,0.84,0.27,0.5323050670353959,0.46769493296460407,3.854762021285556e-06,0.9999961452380043
212,106.35451505016722,0.84,0.27,0.5321083944830663,0.4678916055169336,3.786369096480295e-06,0.9999962136309308
213,106.8561872909699,0.84,0.27,0.5319237230089537,0.46807627699104626,3.719289205119329e-06,0.999996280710824
214,107.35785953177258,0.84,0.27,0.5317503287760077,0.46824967122399225,3.6534895575370536e-06,0.9999963465104736
215,107.85953177257525,0.84,0.27,0.5315875307697362,0.4684124692302637,3.588938711741395e-06,0.9999964110613215
216,108.36120401337793,0.84,0.27,0.5314346881764588,0.4685653118235413,3.525606495043306e-06,0.9999964743935407
217,108.8628762541806,0.84,0.27,0.5312911979228324,0.46870880207716753,3.463463940248112e-06,0.9999965365360979
218,109.36454849498328,0.84,0.27,0.5311564929240771,0.468843507075923,3.4024831802081304e-06,0.9999965975168605
219,109.86622073578596,0.84,0.27,0.5310300400095725,0.4689699599904275,3.34263738154669e-06,0.999996657362662
220,110.36789297658864,0.84,0.27,0.5309113377888651,0.4690886622111348,3.283900700998659e-06,0.9999967160993455
221,110.8695652173913,0.84,0.27,0.5307999144156287,0.46920008558437126,3.2262482669504642e-06,0.9999967737517826
222,111.37123745819397,0.84,0.27,0.5306953266742557,0.46930467332574427,3.1696560553348726e-06,0.9999968303439977
223,111.87290969899665,0.84,0.27,0.5305971581786382,0.46940284182136177,3.114100862736798e-06,0.9999968858991939
224,112.37458193979933,0.84,0.27,0.5305050175057033,0.4694949824942966,3.05956026505414e-06,0.9999969404397954
225,112.876254180602,0.84,0.27,0.5304185362597194,0.4695814637402806,3.0060125813275903e-06,0.9999969939874832
226,113.37792642140468,0.84,0.27,0.5303373686910211,0.4696626313089788,2.9534368294121896e-06,0.9999970465632395
227,113.87959866220736,0.84,0.27,0.5302611901356132,0.46973880986438676,2.9018126975199424e-06,0.9999970981873761
228,114.38127090301003,0.84,0.27,0.5301896954729757,0.46981030452702427,2.8511204912284706e-06,0.9999971488795875
229,114.88294314381271,0.84,0.27,0.5301225976322308,0.46987740236776915,2.801341080865071e-06,0.9999971986590033
230,115.38461538461539,0.84,0.27,0.5300596273368785,0.46994037266312144,2.7524559243685844e-06,0.9999972475441655
231,115.88628762541806,0.84,0.27,0.5300005318616343,0.4699994681383656,2.704447026384808e-06,0.9999972955530696
232,116.38795986622074,0.84,0.27,0.5299450737076253,0.47005492629237466,2.657296891149479e-06,0.9999973427032114
233,116.88963210702342,0.84,0.27,0.5298930294267576,0.4701069705732423,2.610988482612416e-06,0.9999973890116269
234,117.3913043478261,0.84,0.27,0.5298441895446935,0.47015581045530647,2.565505249375026e-06,0.9999974344948676
235,117.89297658862876,0.84,0.27,0.529798357530322,0.4702016424696779,2.5208310899863115e-06,0.9999974791690349
236,118.39464882943143,0.84,0.27,0.5297553486875816,0.4702446513124184,2.476950315628031e-06,0.9999975230498178
237,118.89632107023411,0.84,0.27,0.5297149892855298,0.47028501071447015,2.4338476239881003e-06,0.9999975661525186
238,119.39799331103679,0.84,0.27,0.52967711651201,0.47032288348799006,2.3915081146148797e-06,0.9999976084920377
239,119.89966555183946,0.84,0.27,0.5296415776549157,0.4703584223450844,2.349917263112872e-06,0.9999976500828995
240,120.40133779264214,0.84,0.27,0.5296082291871959,0.47039177081280426,2.3090608918963325e-06,0.9999976909392819
241,120.90301003344482,0.84,0.27,0.5295769361494357,0.4704230638505643,2.2689251535774106e-06,0.9999977310750321
242,121.40468227424749,0.84,0.27,0.5295475720964758,0.47045242790352415,2.2294965389802114e-06,0.9999977705036593
243,121.90635451505017,0.84,0.27,0.5295200184625589,0.470479981537441,2.190761858226075e-06,0.9999978092383537
244,122.40802675585284,0.84,0.27,0.5294941637861288,0.47050583621387126,2.1527082176404422e-06,0.9999978472920087
245,122.90969899665552,0.84,0.27,0.5294699032802911,0.4705300967197089,2.115323009182528e-06,0.9999978846772327
246,123.4113712374582,0.84,0.27,0.5294471387905041,0.47055286120949585,2.0785939139509437e-06,0.9999979214063445
247,123.91304347826087,0.84,0.27,0.5294257782916092,0.4705742217083908,2.042508888087922e-06,0.999997957491388
248,124.41471571906355,0.84,0.27,0.5294057352594699,0.47059426474053023,2.0070561445545164e-06,0.9999979929441504
249,124.91638795986621,0.84,0.27,0.5293869283826044,0.47061307161739574,1.9722241463216384e-06,0.9999980277761688
250,125.41806020066889,0.84,0.27,0.529369281500982,0.47063071849901805,1.93800160709566e-06,0.9999980619987295
251,125.91973244147157,0.84,0.27,0.5293527231157314,0.4706472768842686,1.9043774781474748e-06,0.9999980956228814
252,126.42140468227424,0.84,0.27,0.5293371863865949,0.4706628136134051,1.871340945983205e-06,0.9999981286594382
253,126.92307692307692,0.84,0.27,0.5293226079727107,0.47067739202728937,1.8388814048240993e-06,0.9999981611190055
254,127.4247491638796,0.84,0.27,0.5293089288591502,0.47069107114084996,1.8069884768008234e-06,0.9999981930119617
255,127.92642140468227,0.84,0.27,0.5292960936894889,0.470703906310511,1.7756519949358265e-06,0.9999982243484735
256,128.42809364548495,0.84,0.27,0.52928405029913,0.47071594970087005,1.744861990090894e-06,0.9999982551385104
257,128.9297658862876,0.84,0.27,0.5292727497376024,0.4707272502623976,1.7146086917136832e-06,0.999998285391843
258,129.4314381270903,0.84,0.27,0.5292621462500022,0.4707378537499977,1.6848825274311938e-06,0.9999983151180438
259,129.93311036789297,0.84,0.27,0.5292521970074537,0.4707478029925462,1.6556741155606078e-06,0.9999983443264947
260,130.43478260869566,0.84,0.27,0.5292428618732831,0.47075713812671693,1.6269742584460792e-06,0.9999983730263935
261,130.93645484949832,0.84,0.27,0.5292341028303543,0.4707658971696457,1.5987739253358808e-06,0.9999984012267712
262,131.438127090301,0.84,0.27,0.5292258842996961,0.470774115700304,1.5710642627729744e-06,0.9999984289364814
263,131.93979933110367,0.84,0.27,0.5292181728619162,0.47078182713808375,1.5438365865501632e-06,0.9999984561642085
264,132.44147157190636,0.84,0.27,0.5292109370284621,0.47078906297153783,1.5170823752038725e-06,0.9999984829184742
265,132.94314381270902,0.84,0.27,0.5292041474037177,0.47079585259628237,1.4907932712349867e-06,0.9999985092076362
266,133.44481605351172,0.84,0.27,0.5291977767951159,0.470802223204884,1.4649610813783488e-06,0.9999985350398881
267,133.94648829431438,0.84,0.27,0.5291917993022652,0.47080820069773477,1.4395777581881433e-06,0.9999985604232776
268,134.44816053511707,0.84,0.27,0.5291861904755165,0.4708138095244835,1.4146354011941295e-06,0.9999985853657054
269,134.94983277591973,0.84,0.27,0.5291809271937646,0.47081907280623536,1.3901262529631268e-06,0.9999986098749293
270,135.45150501672242,0.84,0.27,0.529175988386616,0.470824011613384,1.3660427120515043e-06,0.999998633958551
271,135.95317725752508,0.84,0.27,0.5291713542936032,0.47082864570639676,1.3423773167099952e-06,0.9999986576240327
272,136.45484949832775,0.84,0.27,0.5291670060757115,0.4708329939242884,1.3191227356319846e-06,0.999998680878706
273,136.95652173913044,0.84,0.27,0.5291629259452456,0.47083707405475433,1.2962717690645987e-06,0.9999987037297712
274,137.4581939799331,0.84,0.27,0.5291590971774625,0.47084090282253743,1.2738173478352174e-06,0.9999987261842977
275,137.9598662207358,0.84,0.27,0.5291555045769459,0.47084449542305395,1.2517525424775957e-06,0.9999987482492155
276,138.46153846153845,0.84,0.27,0.5291521336197242,0.4708478663802756,1.2300705429468056e-06,0.9999987699313353
277,138.96321070234114,0.84,0.27,0.5291489705479602,0.4708510294520397,1.208764659490394e-06,0.9999987912373473
278,139.4648829431438,0.84,0.27,0.5291460023365266,0.47085399766347324,1.1878283206742068e-06,0.9999988121738232
279,139.9665551839465,0.84,0.27,0.5291432169251117,0.4708567830748882,1.1672550765685568e-06,0.9999988327472139
280,140.46822742474916,0.84,0.27,0.5291406032854533,0.4708593967145465,1.147038598652519e-06,0.9999988529638485
281,140.96989966555185,0.84,0.27,0.5291381507963179,0.4708618492036819,1.1271726659381473e-06,0.9999988728299485
282,141.4715719063545,0.84,0.27,0.5291358494268831,0.47086415057311676,1.1076511671868072e-06,0.999998892351626
283,141.9732441471572,0.84,0.27,0.5291336896950979,0.47086631030490184,1.088468098679841e-06,0.9999989115348855
284,142.47491638795987,0.84,0.27,0.5291316630526971,0.4708683369473026,1.0696175711766354e-06,0.999998930385617
285,142.97658862876253,0.84,0.27,0.5291297614086075,0.4708702385913923,1.0510937983248186e-06,0.9999989489096079
286,143.47826086956522,0.84,0.27,0.529127977011069,0.4708720229889308,1.032891092792523e-06,0.9999989671125463
287,143.97993311036788,0.84,0.27,0.5291263025118524,0.4708736974881473,1.015003866320651e-06,0.9999989850000217
288,144.48160535117057,0.84,0.27,0.5291247309147027,0.47087526908529703,9.974266272828462e-07,0.9999990025775266
289,144.98327759197323,0.84,0.27,0.5291232557745218,0.470876744225478,9.801539839589285e-07,0.999999019850454
290,145.48494983277592,0.84,0.27,0.5291218714782563,0.4708781285217434,9.631806496700492e-07,0.9999990368240917
291,145.9866220735786,0.84,0.27,0.5291205724393498,0.4708794275606499,9.465014231579924e-07,0.9999990535036425
292,146.48829431438128,0.84,0.27,0.5291193533679728,0.47088064663202694,9.301111934775072e-07,0.9999990698942186
293,146.98996655518394,0.84,0.27,0.5291182092509202,0.4708817907490795,9.140049382730104e-07,0.9999990860008439
294,147.49163879598663,0.84,0.27,0.529117135335418,0.47088286466458157,8.981777222156222e-07,0.9999991018284553
295,147.9933110367893,0.84,0.27,0.529116127440044,0.4708838725599557,8.826247041332693e-07,0.9999991173818958
296,148.49498327759198,0.84,0.27,0.5291151815864835,0.47088481841351615,8.673411260919745e-07,0.9999991326659252
297,148.99665551839465,0.84,0.27,0.5291142939413117,0.47088570605868796,8.523223107160683e-07,0.9999991476852228
298,149.49832775919734,0.84,0.27,0.5291134608736782,0.47088653912632145,8.375636615885522e-07,0.999999162444387
299,150.0,0.84,0.27,0.5291126789298944,0.4708873210701052,8.230606614431252e-07,0.9999991769479376
