,time,sigma,beta,S,I,C,D
0,0.0,0.5,0.12,0.9998,0.0002,0.5,0.5
1,0.5016722408026756,0.5,0.12,0.9998059300033079,0.00019406999669226434,0.4791133088864015,0.5208866911135985
2,1.0033444816053512,0.5,0.12,0.9998115357812691,0.00018846421873098442,0.4582992253036946,0.5417007746963054
3,1.5050167224080266,0.5,0.12,0.99981683506179,0.00018316493821019945,0.43762955680445303,0.562370443195547
4,2.0066889632107023,0.5,0.12,0.9998218459328556,0.00017815406714459265,0.41717408111531856,0.5828259188846815
5,2.508361204013378,0.5,0.12,0.999826585662399,0.00017341433760118018,0.3969996648624451,0.6030003351375551
6,3.0100334448160533,0.5,0.12,0.9998310707126405,0.00016892928735965995,0.37716941638156065,0.6228305836184396
7,3.511705685618729,0.5,0.12,0.9998353167576617,0.00016468324233859743,0.35774198502021676,0.6422580149797834
8,4.013377926421405,0.5,0.12,0.9998393387029968,0.0001606612970034199,0.3387708537418907,0.6612291462581095
9,4.51505016722408,0.5,0.12,0.9998431507002944,0.00015684929970594553,0.32030396295507413,0.6796960370449261
10,5.016722408026756,0.5,0.12,0.9998467661667678,0.00015323383323246953,0.30238331430936455,0.6976166856906356
11,5.518394648829432,0.5,0.12,0.9998501978035291,0.00014980219647110096,0.2850447676070487,0.7149552323929516
12,6.020066889632107,0.5,0.12,0.9998534576147846,0.0001465423852156077,0.2683179691198275,0.7316820308801727
13,6.521739130434782,0.5,0.12,0.9998565569281077,0.00014344307189249355,0.2522264066008961,0.7477735933991041
14,7.023411371237458,0.5,0.12,0.9998595064149883,0.00014049358501189995,0.2367875052701073,0.7632124947298929
15,7.525083612040134,0.5,0.12,0.9998623161133822,0.00013768388661811087,0.22201300147727512,0.777986998522725
16,8.02675585284281,0.5,0.12,0.9998649954503254,0.00013500454967487822,0.20790922205300144,0.7920907779469988
17,8.528428093645484,0.5,0.12,0.9998675532654981,0.00013244673450208007,0.19447739293580513,0.8055226070641951
18,9.03010033444816,0.5,0.12,0.9998699978349617,0.00013000216503848306,0.18171421711270336,0.8182857828872968
19,9.531772575250836,0.5,0.12,0.999872336895967,0.0001276631040331201,0.16961226663709253,0.8303877333629077
20,10.033444816053512,0.5,0.12,0.9998745776718476,0.00012542232815242576,0.15816048363413782,0.8418395163658623
21,10.535117056856187,0.5,0.12,0.9998767268970289,0.0001232731029711195,0.14734467623283024,0.8526553237671699
22,11.036789297658864,0.5,0.12,0.99987879084183,0.00012120915817006247,0.13714798951221696,0.8628520104877831
23,11.538461538461538,0.5,0.12,0.9998807753375069,0.00011922466249323331,0.12755136578275242,0.8724486342172477
24,12.040133779264213,0.5,0.12,0.9998826858006421,0.00011731419935786512,0.11853397982330803,0.8814660201766921
25,12.54180602006689,0.5,0.12,0.9998845272571352,0.00011547274286479043,0.11007364078760012,0.8899263592123999
26,13.043478260869565,0.5,0.12,0.9998863043658235,0.0001136956341765194,0.10214716689081474,0.8978528331091854
27,13.545150501672241,0.5,0.12,0.9998880214411044,0.00011197855889555568,0.09473071196921203,0.9052692880307881
28,14.046822742474916,0.5,0.12,0.9998896824751334,0.00011031752486658019,0.08780006543509111,0.912199934564909
29,14.548494983277592,0.5,0.12,0.9998912911588156,0.00010870884118445707,0.08133091078843133,0.9186690892115688
30,15.050167224080267,0.5,0.12,0.999892850902306,0.0001071490976940808,0.07529905204517984,0.9247009479548204
31,15.551839464882944,0.5,0.12,0.9998943648542489,0.00010563514575117393,0.06968060306337423,0.930319396936626
32,16.05351170568562,0.5,0.12,0.9998958359203077,0.00010416407969239326,0.06445214845334654,0.9355478515466537
33,16.555183946488295,0.5,0.12,0.9998972667806113,0.00010273321938881103,0.05959087213324749,0.9404091278667527
34,17.05685618729097,0.5,0.12,0.9998986599062475,0.00010134009375261367,0.05507466525583464,0.9449253347441655
35,17.558528428093645,0.5,0.12,0.9999000175748305,9.998242516962088e-05,0.050882202529523406,0.9491177974704768
36,18.06020066889632,0.5,0.12,0.9999013418851098,9.86581148902143e-05,0.046993007537722016,0.9530069924622782
37,18.561872909698998,0.5,0.12,0.9999026347706769,9.736522932308098e-05,0.043387491559978834,0.9566125084400213
38,19.06354515050167,0.5,0.12,0.9999038980127517,9.6101987248243e-05,0.04004698007137999,0.9599530199286201
39,19.565217391304348,0.5,0.12,0.9999051332520831,9.486674791704665e-05,0.036953719007623134,0.963046280992377
40,20.066889632107024,0.5,0.12,0.9999063420001761,9.365799982395175e-05,0.03409089285586414,0.9659091071441359
41,20.568561872909697,0.5,0.12,0.9999075256494827,9.247435051732542e-05,0.03144260966359333,0.9685573903364069
42,21.070234113712374,0.5,0.12,0.9999086854831626,9.131451683749945e-05,0.028993873707067217,0.9710061262929329
43,21.57190635451505,0.5,0.12,0.9999098226838785,9.017731612156609e-05,0.026730580350642696,0.9732694196493574
44,22.073578595317727,0.5,0.12,0.9999109383420421,8.906165795799352e-05,0.024639477167790688,0.9753605228322095
45,22.5752508361204,0.5,0.12,0.9999120334634056,8.796653659444823e-05,0.022708139778903152,0.977291860221097
46,23.076923076923077,0.5,0.12,0.9999131089760452,8.689102395490438e-05,0.02092493823909835,0.9790750617609019
47,23.578595317725753,0.5,0.12,0.9999141657367867,8.583426321340908e-05,0.019279001566293624,0.9807209984337065
48,24.080267558528426,0.5,0.12,0.9999152045371742,8.479546282599735e-05,0.017760183715749035,0.9822398162842513
49,24.581939799331103,0.5,0.12,0.9999162261090252,8.377389097498368e-05,0.01635902234553991,0.9836409776544603
50,25.08361204013378,0.5,0.12,0.9999172311294184,8.276887058168449e-05,0.015066706504266194,0.9849332934957341
51,25.585284280936456,0.5,0.12,0.9999182202252203,8.177977477977327e-05,0.013875038209848516,0.9861249617901517
52,26.08695652173913,0.5,0.12,0.9999191939774038,8.080602259626156e-05,0.012776398920252358,0.9872236010797479
53,26.588628762541806,0.5,0.12,0.9999201529249141,7.984707508600021e-05,0.011763712152289468,0.9882362878477109
54,27.090301003344482,0.5,0.12,0.9999210975682375,7.890243176250692e-05,0.01083041196374082,0.9891695880362594
55,27.59197324414716,0.5,0.12,0.9999220283726427,7.797162735734948e-05,0.009970409310327432,0.9900295906896728
56,28.093645484949832,0.5,0.12,0.9999229457711902,7.705422880978064e-05,0.009178061703305034,0.9908219382966952
57,28.59531772575251,0.5,0.12,0.9999238501674742,7.614983252575532e-05,0.00844814434362859,0.9915518556563716
58,29.096989966555185,0.5,0.12,0.9999247419380447,7.525806195522469e-05,0.007775819840915639,0.9922241801590845
59,29.598662207357858,0.5,0.12,0.99992562143478,7.437856521990861e-05,0.007156614073829051,0.9928433859261712
60,30.100334448160535,0.5,0.12,0.999926488986917,7.35110130829571e-05,0.00658638923927229,0.993413610760728
61,30.60200668896321,0.5,0.12,0.9999273449029916,7.265509700830716e-05,0.006061320904596322,0.9939386790954039
62,31.103678929765888,0.5,0.12,0.9999281894725794,7.181052742056626e-05,0.005577875819812691,0.9944221241801875
63,31.60535117056856,0.5,0.12,0.9999290229678426,7.097703215733236e-05,0.005132790251056885,0.9948672097489433
64,32.10702341137124,0.5,0.12,0.9999298456450465,7.01543549534115e-05,0.0047230512831199275,0.9952769487168803
65,32.608695652173914,0.5,0.12,0.9999306577458296,6.93422541703439e-05,0.004345877669700756,0.9956541223302995
66,33.11036789297659,0.5,0.12,0.999931459498452,6.854050154788283e-05,0.003998703108913792,0.9960012968910864
67,33.61204013377927,0.5,0.12,0.9999322511188864,6.774888111345955e-05,0.0036791602051130614,0.9963208397948872
68,34.11371237458194,0.5,0.12,0.9999330328118078,6.69671881921496e-05,0.003385065456296077,0.9966149345437041
69,34.61538461538461,0.5,0.12,0.9999338047715491,6.619522845072974e-05,0.003114405595338582,0.9968855944046616
70,35.11705685618729,0.5,0.12,0.9999345671828993,6.543281710058682e-05,0.0028653244968211895,0.997134675503179
71,35.618729096989966,0.5,0.12,0.9999353202219016,6.467977809837307e-05,0.002636111333215076,0.9973638886667852
72,36.12040133779264,0.5,0.12,0.999936064056531,6.393594346887493e-05,0.0024251894678857773,0.9975748105321145
73,36.62207357859532,0.5,0.12,0.9999367988473347,6.320115266521404e-05,0.0022311060999311663,0.9977688939000691
74,37.123745819397996,0.5,0.12,0.9999375247480201,6.247525197979662e-05,0.0020525227736878826,0.9979474772263123
75,37.625418060200666,0.5,0.12,0.9999382419059547,6.17580940452478e-05,0.0018882065791596572,0.9981117934208406
76,38.12709030100334,0.5,0.12,0.9999389504627089,6.104953729105201e-05,0.001737021849025497,0.9982629781509746
77,38.62876254180602,0.5,0.12,0.9999396505544828,6.034944551719599e-05,0.0015979226095067718,0.9984020773904934
78,39.130434782608695,0.5,0.12,0.9999403423124181,5.9657687581884625e-05,0.0014699457187376064,0.9985300542812625
79,39.63210702341137,0.5,0.12,0.9999410258630672,5.8974136932749856e-05,0.001352204414194512,0.9986477955858056
80,40.13377926421405,0.5,0.12,0.9999417013287017,5.82986712982941e-05,0.0012438823370359005,0.9987561176629641
81,40.635451505016725,0.5,0.12,0.999942368827614,5.7631172386032984e-05,0.0011442274081125796,0.9988557725918875
82,41.137123745819395,0.5,0.12,0.9999430284743623,5.697152563778032e-05,0.0010525478552729976,0.998947452144727
83,41.63879598662207,0.5,0.12,0.9999436803800349,5.631961996510729e-05,0.0009682072172874307,0.9990317927827127
84,42.14046822742475,0.5,0.12,0.9999443246525941,5.567534740601987e-05,0.0008906185168186236,0.9991093814831815
85,42.642140468227424,0.5,0.12,0.999944961396935,5.5038603065069105e-05,0.000819242262900841,0.9991807577370992
86,43.1438127090301,0.5,0.12,0.999945590715119,5.440928488105229e-05,0.000753582267975709,0.9992464177320244
87,43.64548494983278,0.5,0.12,0.9999462127066606,5.378729333947411e-05,0.0006931808579601963,0.9993068191420399
88,44.147157190635454,0.5,0.12,0.9999468274685507,5.3172531449418874e-05,0.0006376175304785896,0.9993623824695215
89,44.64882943143812,0.5,0.12,0.9999474350954393,5.2564904560886576e-05,0.0005865056298323965,0.9994134943701677
90,45.1505016722408,0.5,0.12,0.9999480356798582,5.196432014189159e-05,0.0005394884861690791,0.999460511513831
91,45.65217391304348,0.5,0.12,0.9999486293122386,5.137068776162015e-05,0.0004962384764445742,0.9995037615235555
92,46.15384615384615,0.5,0.12,0.99994921608105,5.0783918950161285e-05,0.000456454395376021,0.999543545604624
93,46.65551839464883,0.5,0.12,0.9999497960729729,5.0203927027315365e-05,0.00041985837805808934,0.999580141621942
94,47.15719063545151,0.5,0.12,0.9999503693729123,4.9630627087906874e-05,0.0003861952058628246,0.9996138047941372
95,47.65886287625418,0.5,0.12,0.9999509360641057,4.906393589448158e-05,0.0003552302535763563,0.9996447697464237
96,48.16053511705685,0.5,0.12,0.9999514962282524,4.850377174772664e-05,0.00032674712575322034,0.9996732528742468
97,48.66220735785953,0.5,0.12,0.9999520499455288,4.795005447139461e-05,0.00030054707490757913,0.9996994529250924
98,49.163879598662206,0.5,0.12,0.9999525972946703,4.74027053297486e-05,0.0002764474056821096,0.9997235525943179
99,49.66555183946488,0.5,0.12,0.9999531383530721,4.686164692806173e-05,0.00025427960661786135,0.9997457203933822
100,50.16722408026756,0.5,0.12,0.9999536731968005,4.632680319962142e-05,0.00023388893142781703,0.9997661110685723
101,50.668896321070235,0.5,0.12,0.9999542019006591,4.579809934097694e-05,0.00021513313753253972,0.9997848668624676
102,51.17056856187291,0.5,0.12,0.9999547245382652,4.5275461734904335e-05,0.0001978810226218248,0.9998021189773783
103,51.67224080267559,0.5,0.12,0.999955241182061,4.475881793904601e-05,0.00018201210872063423,0.9998179878912794
104,52.17391304347826,0.5,0.12,0.9999557519033653,4.424809663482889e-05,0.00016741565246615136,0.999832584347534
105,52.675585284280935,0.5,0.12,0.999956256772432,4.374322756813308e-05,0.00015398951799189397,0.9998460104820083
106,53.17725752508361,0.5,0.12,0.9999567558584616,4.3244141538550955e-05,0.00014163992568439105,0.9998583600743157
107,53.67892976588629,0.5,0.12,0.9999572492296414,4.27507703588148e-05,0.0001302806765475999,0.9998697193234525
108,54.180602006688964,0.5,0.12,0.9999577369531921,4.2263046808070866e-05,0.00011983226306385203,0.9998801677369362
109,54.68227424749164,0.5,0.12,0.9999582190953779,4.178090462230816e-05,0.00011022168842756833,0.9998897783115726
110,55.18394648829432,0.5,0.12,0.9999586957215385,4.1304278461696684e-05,0.00010138185537883995,0.9998986181446213
111,55.68561872909699,0.5,0.12,0.9999591668961264,4.083310387382361e-05,9.325087956878375e-05,0.9999067491204313
112,56.187290969899664,0.5,0.12,0.9999596326827156,4.0367317284581436e-05,8.577194550049901e-05,0.9999142280544997
113,56.68896321070234,0.5,0.12,0.9999600931440288,3.990685597134571e-05,7.889282139679179e-05,0.9999211071786034
114,57.19063545150502,0.5,0.12,0.9999605483419648,3.945165803532735e-05,7.256536479694369e-05,0.9999274346352032
115,57.69230769230769,0.5,0.12,0.9999609983376104,3.9001662389649615e-05,6.67453363819694e-05,0.9999332546636182
116,58.19397993311037,0.5,0.12,0.9999614431912609,3.8556808739210984e-05,6.139206624365089e-05,0.9999386079337566
117,58.69565217391305,0.5,0.12,0.9999618829624457,3.811703755443536e-05,5.6467986424281545e-05,0.9999435320135759
118,59.197324414715716,0.5,0.12,0.9999623177099284,3.768229007177494e-05,5.193872377554726e-05,0.9999480612762246
119,59.69899665551839,0.5,0.12,0.9999627474917252,3.7252508274974506e-05,4.7772793620993876e-05,0.9999522272063792
120,60.20066889632107,0.5,0.12,0.9999631723651268,3.682763487331559e-05,4.394123355337647e-05,0.9999560587664468
121,60.702341137123746,0.5,0.12,0.9999635923867264,3.640761327370938e-05,4.0417112086285216e-05,0.9999595828879139
122,61.20401337792642,0.5,0.12,0.9999640076124127,3.5992387587445297e-05,3.717574318314167e-05,0.999962824256817
123,61.7056856187291,0.5,0.12,0.9999644180973927,3.558190260745712e-05,3.419430027649054e-05,0.9999658056997237
124,62.207357859531776,0.5,0.12,0.999964823896197,3.5176103803074063e-05,3.145183708153853e-05,0.9999685481629187
125,62.709030100334445,0.5,0.12,0.9999652250626785,3.477493732159767e-05,2.892947819854674e-05,0.9999710705218017
126,63.21070234113712,0.5,0.12,0.9999656216500539,3.4378349946232415e-05,2.660950983985422e-05,0.9999733904901603
127,63.7123745819398,0.5,0.12,0.9999660137109077,3.3986289092488226e-05,2.4475440039542702e-05,0.9999755245599606
128,64.21404682274247,0.5,0.12,0.9999664012971893,3.359870281086935e-05,2.251220479831924e-05,0.9999774877952018
129,64.71571906354515,0.5,0.12,0.9999667844602055,3.3215539794665495e-05,2.070649842799423e-05,0.9999792935015721
130,65.21739130434783,0.5,0.12,0.9999671632506703,3.2836749329801695e-05,1.9045689362499184e-05,0.9999809543106376
131,65.7190635451505,0.5,0.12,0.9999675377187024,3.246228129773207e-05,1.75180309404111e-05,0.9999824819690597
132,66.22073578595318,0.5,0.12,0.9999679079138237,3.209208617632036e-05,1.611278874234355e-05,0.9999838872112579
133,66.72240802675586,0.5,0.12,0.9999682738849585,3.17261150416088e-05,1.4820385639805781e-05,0.9999851796143604
134,67.22408026755853,0.5,0.12,0.9999686356804678,3.136431953220773e-05,1.3631743296452812e-05,0.9999863682567037
135,67.72575250836121,0.5,0.12,0.9999689933481507,3.100665184934984e-05,1.253839035845018e-05,0.9999874616096417
136,68.22742474916387,0.5,0.12,0.999969346935262,3.065306473816329e-05,1.153245039419379e-05,0.999988467549606
137,68.72909698996655,0.5,0.12,0.9999696964884174,3.03035115826546e-05,1.0607575156059756e-05,0.9999893924248441
138,69.23076923076923,0.5,0.12,0.9999700420538059,2.9957946194156888e-05,9.75682776233445e-06,0.9999902431722378
139,69.7324414715719,0.5,0.12,0.99997038367702,2.961632298011568e-05,8.974241756985525e-06,0.9999910257582432
140,70.23411371237458,0.5,0.12,0.9999707214031296,2.927859687049342e-05,8.254370207784334e-06,0.9999917456297924
141,70.73578595317726,0.5,0.12,0.9999710552766807,2.8944723319387773e-05,7.592343384976718e-06,0.9999924076566152
142,71.23745819397993,0.5,0.12,0.9999713853417068,2.8614658293361795e-05,6.983452820743884e-06,0.9999930165471794
143,71.73913043478261,0.5,0.12,0.9999717116417233,2.828835827687272e-05,6.423344804441985e-06,0.9999935766551957
144,72.24080267558529,0.5,0.12,0.9999720342197318,2.7965780268324247e-05,5.908021770142608e-06,0.99999409197823
145,72.74247491638796,0.5,0.12,0.9999723531182929,2.7646881707161135e-05,5.4338421623660925e-06,0.9999945661578378
146,73.24414715719064,0.5,0.12,0.999972668379451,2.7331620549130622e-05,4.997520574687201e-06,0.9999950024794254
147,73.74581939799332,0.5,0.12,0.9999729800447261,2.7019955273908672e-05,4.596127763780018e-06,0.9999954038722363
148,74.24749163879599,0.5,0.12,0.9999732881551329,2.671184486718589e-05,4.227090616426386e-06,0.9999957729093837
149,74.74916387959867,0.5,0.12,0.9999735927512302,2.6407248769867146e-05,3.887985173241343e-06,0.9999961120148269
150,75.25083612040133,0.5,0.12,0.9999738938732476,2.6106126752421575e-05,3.576024692071609e-06,0.9999964239753081
151,75.75250836120401,0.5,0.12,0.9999741915608491,2.5808439150935215e-05,3.2890213988529818e-06,0.9999967109786013
152,76.25418060200668,0.5,0.12,0.9999744858532102,2.5514146789842458e-05,3.025071671644942e-06,0.9999969749283285
153,76.75585284280936,0.5,0.12,0.999974776789028,2.5223210972078053e-05,2.7825161754285436e-06,0.9999972174838248
154,77.25752508361204,0.5,0.12,0.9999750644066483,2.4935593351788507e-05,2.559552936355512e-06,0.9999974404470637
155,77.75919732441471,0.5,0.12,0.9999753487440145,2.4651255985503423e-05,2.3543928899828375e-06,0.9999976456071101
156,78.26086956521739,0.5,0.12,0.9999756298385499,2.4370161450130987e-05,2.1656185581382487e-06,0.999997834381442
157,78.76254180602007,0.5,0.12,0.999975907727225,2.4092272775005677e-05,1.9919774908525662e-06,0.9999980080225093
158,79.26421404682274,0.5,0.12,0.9999761824520961,2.381754790392309e-05,1.8308106188689246e-06,0.9999981691893812
159,79.76588628762542,0.5,0.12,0.9999764540347076,2.3545965292398855e-05,1.6849502189108687e-06,0.9999983150497812
160,80.2675585284281,0.5,0.12,0.9999767225222366,2.3277477763443368e-05,1.5501595831824575e-06,0.999998449840417
161,80.76923076923077,0.5,0.12,0.9999769879488496,2.3012051150373107e-05,1.4258686437220738e-06,0.9999985741313564
162,81.27090301003345,0.5,0.12,0.9999772503487135,2.2749651286504554e-05,1.3115073325681007e-06,0.9999986884926676
163,81.77257525083613,0.5,0.12,0.9999775097556985,2.249024430155045e-05,1.206423285378407e-06,0.9999987935767147
164,82.27424749163879,0.5,0.12,0.9999777662032124,2.2233796787643903e-05,1.1098357437433679e-06,0.9999988901642564
165,82.77591973244147,0.5,0.12,0.9999780197251134,2.1980274886690182e-05,1.0210889579809827e-06,0.9999989789110421
166,83.27759197324414,0.5,0.12,0.9999782703552749,2.1729644725208806e-05,9.395314503706628e-07,0.9999990604685497
167,83.77926421404682,0.5,0.12,0.9999785181275703,2.1481872429719288e-05,8.645117431918176e-07,0.9999991354882569
168,84.2809364548495,0.5,0.12,0.9999787630758399,2.1236924160078008e-05,7.953814310833931e-07,0.999999204618569
169,84.78260869565217,0.5,0.12,0.9999790052305293,2.0994769470712597e-05,7.318049558227175e-07,0.9999992681950443
170,85.28428093645485,0.5,0.12,0.9999792446219797,2.0755378020248635e-05,6.73456362175763e-07,0.9999993265436379
171,85.78595317725753,0.5,0.12,0.9999794812822989,2.0518717701168995e-05,6.198469254003207e-07,0.9999993801530747
172,86.2876254180602,0.5,0.12,0.9999797152435941,2.0284756405956544e-05,5.704879207541817e-07,0.9999994295120793
173,86.78929765886288,0.5,0.12,0.9999799465379728,2.0053462027094144e-05,5.248906234951368e-07,0.9999994751093766
174,87.29096989966555,0.5,0.12,0.9999801751969983,1.9824803001555937e-05,4.826217349037518e-07,0.9999995173782651
175,87.79264214046823,0.5,0.12,0.9999804012475643,1.9598752435593664e-05,4.4372326137602585e-07,0.9999995562767386
176,88.29431438127091,0.5,0.12,0.9999806247188422,1.9375281157656713e-05,4.080053423685483e-07,0.9999995919946577
177,88.79598662207358,0.5,0.12,0.999980845640903,1.915435909693612e-05,3.751865781026277e-07,0.999999624813422
178,89.29765886287625,0.5,0.12,0.9999810640438173,1.893595618262291e-05,3.4498556879957336e-07,0.9999996550144312
179,89.79933110367892,0.5,0.12,0.999981279957656,1.8720042343908114e-05,3.171209146806921e-07,0.9999996828790854
180,90.3010033444816,0.5,0.12,0.9999814939836288,1.8506016371069338e-05,2.87765483542381e-07,0.9999997122345164
181,90.80267558528428,0.5,0.12,0.9999817047200646,1.8295279935188853e-05,2.6595522150613994e-07,0.9999997340447785
182,91.30434782608695,0.5,0.12,0.9999819131604664,1.8086839533440833e-05,2.4540067254101536e-07,0.9999997545993274
183,91.80602006688963,0.5,0.12,0.9999821193048339,1.7880695165825266e-05,2.2610183664700726e-07,0.9999997738981633
184,92.3076923076923,0.5,0.12,0.9999823231531675,1.7676846832342163e-05,2.0805871382411567e-07,0.9999997919412862
185,92.80936454849498,0.5,0.12,0.9999825247055354,1.7475294464439477e-05,1.9127116534413687e-07,0.9999998087288346
186,93.31103678929766,0.5,0.12,0.9999827240070192,1.7275992980641238e-05,1.7564796019289362e-07,0.9999998243520397
187,93.81270903010034,0.5,0.12,0.9999829210961323,1.7078903867472474e-05,1.611111589660964e-07,0.999999838888841
188,94.31438127090301,0.5,0.12,0.9999831159728748,1.688402712493318e-05,1.476607616637452e-07,0.9999998523392383
189,94.81605351170569,0.5,0.12,0.9999833086372467,1.6691362753023353e-05,1.3529676828584e-07,0.9999998647032317
190,95.31772575250837,0.5,0.12,0.999983499089248,1.6500910751742998e-05,1.240191788323808e-07,0.9999998759808211
191,95.81939799331104,0.5,0.12,0.9999836873288787,1.6312671121092116e-05,1.1382799330336758e-07,0.9999998861720066
192,96.3210702341137,0.5,0.12,0.9999838733583792,1.6126641620624918e-05,1.0471667370981355e-07,0.9999998952833262
193,96.82274247491638,0.5,0.12,0.999984057284654,1.594271534581741e-05,9.637325508290695e-08,0.9999999036267448
194,97.32441471571906,0.5,0.12,0.9999842391664695,1.5760833530348487e-05,8.862624764047707e-08,0.9999999113737522
195,97.82608695652173,0.5,0.12,0.9999844190038256,1.558099617421815e-05,8.147565138252393e-08,0.9999999185243486
196,98.32775919732441,0.5,0.12,0.9999845967967224,1.54032032774264e-05,7.492146630904752e-08,0.9999999250785336
197,98.82943143812709,0.5,0.12,0.9999847725451598,1.5227454839973235e-05,6.896369242004785e-08,0.9999999310363075
198,99.33110367892976,0.5,0.12,0.9999849462491379,1.5053750861858654e-05,6.36023297155249e-08,0.9999999363976702
199,99.83277591973244,0.5,0.12,0.9999851179150189,1.488208498083125e-05,5.882462360884082e-08,0.9999999411753763
200,100.33444816053512,0.5,0.12,0.9999852876521867,1.4712347812971057e-05,5.441128903961663e-08,0.9999999455887109
201,100.8361204013378,0.5,0.12,0.9999854555002029,1.4544499796823333e-05,5.0283016032542866e-08,0.9999999497169838
202,101.33779264214047,0.5,0.12,0.9999856214590673,1.4378540932388077e-05,4.6439804587619526e-08,0.9999999535601953
203,101.83946488294315,0.5,0.12,0.99998578552878,1.4214471219665288e-05,4.288165470484661e-08,0.9999999571183452
204,102.34113712374582,0.5,0.12,0.9999859477093411,1.4052290658654966e-05,3.960856638422412e-08,0.9999999603914335
205,102.8428093645485,0.5,0.12,0.9999861080007504,1.3891999249357115e-05,3.662053962575205e-08,0.9999999633794603
206,103.34448160535118,0.5,0.12,0.9999862664150057,1.3733584994083249e-05,3.39068830076775e-08,0.9999999660931168
207,103.84615384615384,0.5,0.12,0.9999864230584459,1.357694155385794e-05,3.137283537355979e-08,0.9999999686271644
208,104.34782608695652,0.5,0.12,0.9999865779560987,1.3422043901039957e-05,2.8996094004989653e-08,0.9999999710039058
209,104.84949832775919,0.5,0.12,0.9999867311079641,1.3268892035629305e-05,2.6776658901967172e-08,0.999999973223341
210,105.35117056856187,0.5,0.12,0.9999868825140421,1.3117485957625985e-05,2.4714530064492343e-08,0.9999999752854698
211,105.85284280936455,0.5,0.12,0.9999870321743327,1.2967825667029997e-05,2.280970749256517e-08,0.9999999771902923
212,106.35451505016722,0.5,0.12,0.9999871800888359,1.2819911163841342e-05,2.106219118618565e-08,0.9999999789378087
213,106.8561872909699,0.5,0.12,0.9999873262763005,1.2673723699262212e-05,1.9463513857652737e-08,0.999999980536486
214,107.35785953177258,0.5,0.12,0.999987470835951,1.2529164048804729e-05,1.7968863978539808e-08,0.9999999820311359
215,107.85953177257525,0.5,0.12,0.9999876137822944,1.2386217705359817e-05,1.6571689882571625e-08,0.99999998342831
216,108.36120401337793,0.5,0.12,0.9999877551153308,1.2244884668927475e-05,1.5271991569748202e-08,0.9999999847280083
217,108.8628762541806,0.5,0.12,0.9999878948350602,1.21051649395077e-05,1.4069769040069526e-08,0.9999999859302309
218,109.36454849498328,0.5,0.12,0.9999880329414826,1.1967058517100497e-05,1.2965022293535601e-08,0.9999999870349776
219,109.86622073578596,0.5,0.12,0.999988169434598,1.1830565401705862e-05,1.195775133014643e-08,0.9999999880422485
220,110.36789297658864,0.5,0.12,0.9999883043406619,1.1695659337947759e-05,1.103953521424077e-08,0.9999999889604646
221,110.8695652173913,0.5,0.12,0.9999884377485543,1.1562251445580391e-05,1.0181867219032462e-08,0.9999999898181327
222,111.37123745819397,0.5,0.12,0.9999885696655643,1.1430334435506707e-05,9.38240949884968e-09,0.9999999906175904
223,111.87290969899665,0.5,0.12,0.999988700091692,1.1299908307726714e-05,8.641162053692449e-09,0.9999999913588378
224,112.37458193979933,0.5,0.12,0.9999888290269375,1.1170973062240408e-05,7.958124883560767e-09,0.999999992041875
225,112.876254180602,0.5,0.12,0.9999889564713007,1.104352869904779e-05,7.333297988454637e-09,0.9999999926667018
226,113.37792642140468,0.5,0.12,0.9999890824247817,1.0917575218148862e-05,6.766681368374057e-09,0.9999999932333185
227,113.87959866220736,0.5,0.12,0.9999892069216035,1.0793078396196042e-05,6.250593240646999e-09,0.9999999937494066
228,114.38127090301003,0.5,0.12,0.9999893300378835,1.0669962116291976e-05,5.767948384088832e-09,0.9999999942320514
229,114.88294314381271,0.5,0.12,0.9999894517764135,1.0548223586267581e-05,5.318120067604242e-09,0.9999999946818798
230,115.38461538461539,0.5,0.12,0.9999895721371936,1.0427862806122852e-05,4.90110829119323e-09,0.9999999950988916
231,115.88628762541806,0.5,0.12,0.999989691120224,1.0308879775857793e-05,4.516913054855795e-09,0.9999999954830868
232,116.38795986622074,0.5,0.12,0.9999898087255042,1.0191274495472401e-05,4.165534358591936e-09,0.9999999958344655
233,116.88963210702342,0.5,0.12,0.9999899249530348,1.007504696496668e-05,3.846972202401656e-09,0.9999999961530277
234,117.3913043478261,0.5,0.12,0.9999900398452258,9.96015477381754e-06,3.555386281109855e-09,0.9999999964446135
235,117.89297658862876,0.5,0.12,0.9999901534636978,9.846536301851314e-06,3.2822909502822416e-09,0.9999999967177089
236,118.39464882943143,0.5,0.12,0.9999902658089657,9.734191034029933e-06,3.0276152846098048e-09,0.9999999969723845
237,118.89632107023411,0.5,0.12,0.9999903768810293,9.623118970353403e-06,2.791359284092552e-09,0.9999999972086405
238,119.39799331103679,0.5,0.12,0.9999904866798889,9.513320110821724e-06,2.5735229487304834e-09,0.9999999974264768
239,119.89966555183946,0.5,0.12,0.9999905952055442,9.404794455434893e-06,2.3741062785236e-09,0.9999999976258935
240,120.40133779264214,0.5,0.12,0.9999907017043256,9.298295674066524e-06,2.2541708968408444e-09,0.9999999977458289
241,120.90301003344482,0.5,0.12,0.9999908080182858,9.191981713945603e-06,2.064475422982907e-09,0.9999999979355244
242,121.40468227424749,0.5,0.12,0.9999909130734222,9.086926577465061e-06,1.892034519351192e-09,0.9999999981079654
243,121.90635451505017,0.5,0.12,0.9999910168837833,8.98311621636503e-06,1.7357100091615131e-09,0.9999999982642899
244,122.40802675585284,0.5,0.12,0.9999911194634173,8.88053658238564e-06,1.5943637156296827e-09,0.9999999984056361
245,122.90969899665552,0.5,0.12,0.9999912208263724,8.779173627267022e-06,1.466857461971514e-09,0.9999999985331424
246,123.4113712374582,0.5,0.12,0.999991320986697,8.67901330274931e-06,1.3520530714028197e-09,0.9999999986479468
247,123.91304347826087,0.5,0.12,0.9999914199585732,8.580041426554265e-06,1.2488224073169113e-09,0.9999999987511773
248,124.41471571906355,0.5,0.12,0.9999915177640997,8.482235900129213e-06,1.1566303921298179e-09,0.9999999988433693
249,124.91638795986621,0.5,0.12,0.999991614422873,8.385577126745962e-06,1.0747545204975288e-09,0.9999999989252452
250,125.41806020066889,0.5,0.12,0.9999917099500846,8.290049915208126e-06,1.0021422403593532e-09,0.9999999989978574
251,125.91973244147157,0.5,0.12,0.9999918043609255,8.19563907431933e-06,9.377409996546068e-10,0.9999999990622587
252,126.42140468227424,0.5,0.12,0.9999918976705868,8.10232941288319e-06,8.80498246322603e-10,0.9999999991195014
253,126.92307692307692,0.5,0.12,0.9999919898942601,8.010105739703329e-06,8.293614283026555e-10,0.9999999991706383
254,127.4247491638796,0.5,0.12,0.9999920810471362,7.918952863583363e-06,7.832779935340772e-10,0.9999999992167217
255,127.92642140468227,0.5,0.12,0.9999921711444064,7.828855593326914e-06,7.411953899561822e-10,0.9999999992588043
256,128.42809364548495,0.5,0.12,0.999992260201262,7.7397987377376e-06,7.020610655082831e-10,0.9999999992979386
257,128.9297658862876,0.5,0.12,0.9999923482328942,7.651767105619047e-06,6.64822468129695e-10,0.9999999993351772
258,129.4314381270903,0.5,0.12,0.999992435254494,7.5647455057748615e-06,6.284270457597278e-10,0.9999999993715727
259,129.93311036789297,0.5,0.12,0.9999925212812527,7.478718747008677e-06,5.918222463376992e-10,0.9999999994081774
260,130.43478260869566,0.5,0.12,0.9999926063283616,7.3936716381241e-06,5.539555178029183e-10,0.9999999994460441
261,130.93645484949832,0.5,0.12,0.9999926904110118,7.309588987924763e-06,5.137743080947031e-10,0.9999999994862254
262,131.438127090301,0.5,0.12,0.9999927735443945,7.226455605214273e-06,4.702260651523622e-10,0.9999999995297736
263,131.93979933110367,0.5,0.12,0.999992855743701,7.144256298796262e-06,4.222582369152141e-10,0.9999999995777414
264,132.44147157190636,0.5,0.12,0.9999929370241223,7.062975877474337e-06,3.688182713225666e-10,0.9999999996311815
265,132.94314381270902,0.5,0.12,0.9999930174008497,6.98259915005213e-06,3.088536163137392e-10,0.9999999996911461
266,133.44481605351172,0.5,0.12,0.9999930968890745,6.903110925333249e-06,2.4131171982803864e-10,0.9999999997586879
267,133.94648829431438,0.5,0.12,0.9999931755039877,6.824496012121324e-06,1.651400298047858e-10,0.9999999998348597
268,134.44816053511707,0.5,0.12,0.9999932532607806,6.7467392192199645e-06,7.928599418328555e-11,0.9999999999207136
269,134.94983277591973,0.5,0.12,0.9999933301700238,6.669829975978084e-06,-1.6762331757571125e-11,1.0000000000167621
270,135.45150501672242,0.5,0.12,0.9999934062042711,6.593795728600878e-06,-1.190688914140023e-10,1.0000000001190685
271,135.95317725752508,0.5,0.12,0.9999934813643377,6.5186356619815335e-06,-2.270042233495309e-10,1.000000000227004
272,136.45484949832775,0.5,0.12,0.9999935556603948,6.444339604890914e-06,-3.410335396096101e-10,1.0000000003410332
273,136.95652173913044,0.5,0.12,0.9999936291026137,6.3708973860998795e-06,-4.6162205223969505e-10,1.0000000004616219
274,137.4581939799331,0.5,0.12,0.9999937017011654,6.298298834379303e-06,-5.892349732852202e-10,1.0000000005892347
275,137.9598662207358,0.5,0.12,0.9999937734662213,6.226533778500043e-06,-7.243375147916483e-10,1.0000000007243373
276,138.46153846153845,0.5,0.12,0.9999938444079526,6.155592047232972e-06,-8.673948888044117e-10,1.0000000008673946
277,138.96321070234114,0.5,0.12,0.9999939145365304,6.085463469348945e-06,-1.0188723073689742e-09,1.000000001018872
278,139.4648829431438,0.5,0.12,0.9999939838621261,6.016137873618838e-06,-1.179234982530767e-09,1.0000000011792347
279,139.9665551839465,0.5,0.12,0.9999940523949109,5.947605088813508e-06,-1.3489481263352567e-09,1.0000000013489478
280,140.46822742474916,0.5,0.12,0.9999941201450561,5.879854943703826e-06,-1.5284769508278712e-09,1.0000000015284767
281,140.96989966555185,0.5,0.12,0.9999941871227327,5.81287726706065e-06,-1.7182866680540797e-09,1.0000000017182864
282,141.4715719063545,0.5,0.12,0.9999942533381121,5.746661887654853e-06,-1.9188424900593077e-09,1.0000000019188422
283,141.9732441471572,0.5,0.12,0.9999943188013655,5.681198634257293e-06,-2.1306096288890267e-09,1.0000000021306092
284,142.47491638795987,0.5,0.12,0.9999943835226641,5.6164773356388415e-06,-2.3540532965886604e-09,1.000000002354053
285,142.97658862876253,0.5,0.12,0.9999944475121791,5.552487820570361e-06,-2.589638705203668e-09,1.0000000025896385
286,143.47826086956522,0.5,0.12,0.999994510780082,5.489219917822712e-06,-2.837831066779513e-09,1.0000000028378309
287,143.97993311036788,0.5,0.12,0.9999945733365436,5.426663456166768e-06,-3.099095593361614e-09,1.0000000030990952
288,144.48160535117057,0.5,0.12,0.9999946351917354,5.364808264373385e-06,-3.373897496995449e-09,1.0000000033738972
289,144.98327759197323,0.5,0.12,0.9999946963558285,5.303644171213437e-06,-3.6627019897264354e-09,1.0000000036627017
290,145.48494983277592,0.5,0.12,0.9999947568389943,5.2431610054577814e-06,-3.965974283600053e-09,1.000000003965974
291,145.9866220735786,0.5,0.12,0.9999948166454621,5.1833545377080585e-06,-4.2815702500800945e-09,1.00000000428157
292,146.48829431438128,0.5,0.12,0.9999948757653004,5.1242346993518666e-06,-4.6011270857907304e-09,1.0000000046011268
293,146.98996655518394,0.5,0.12,0.9999949342049239,5.065795075875856e-06,-4.9234602501483275e-09,1.00000000492346
294,147.49163879598663,0.5,0.12,0.9999949919721273,5.008027872500221e-06,-5.247991343231269e-09,1.0000000052479912
295,147.9933110367893,0.5,0.12,0.9999950490747053,4.9509252944451725e-06,-5.57414196511787e-09,1.0000000055741418
296,148.49498327759198,0.5,0.12,0.9999951055204528,4.894479546930905e-06,-5.9013337158865156e-09,1.0000000059013334
297,148.99665551839465,0.5,0.12,0.9999951613171646,4.838682835177629e-06,-6.228988195615518e-09,1.000000006228988
298,149.49832775919734,0.5,0.12,0.9999952164726353,4.7835273644055405e-06,-6.556527004383263e-09,1.0000000065565269
299,150.0,0.5,0.12,0.9999952709946599,4.7290053398348475e-06,-6.883371742268064e-09,1.0000000068833714
