,time,beta,sigma_D,sigma_C,S,I,C,D
0,0.0,0.5,0.5,0.5833333333333333,0.9998,0.0002,0.5,0.5
1,0.200133422281521,0.5,0.5,0.5833333333333333,0.999793369815446,0.000206630184554,0.4833394519987415,0.5166605480012582
2,0.400266844563042,0.5,0.5,0.5833333333333333,0.9997863035918467,0.00021369640815316085,0.4667161799154695,0.5332838200845302
3,0.600400266844563,0.5,0.5,0.5833333333333333,0.999778765695717,0.00022123430428287144,0.45016687613872,0.5498331238612797
4,0.800533689126084,0.5,0.5,0.5833333333333333,0.9997707209093284,0.0002292790906715185,0.4337275388507015,0.5662724611492982
5,1.0006671114076051,0.5,0.5,0.5833333333333333,0.9997621313824557,0.00023786861754418543,0.4174332004184639,0.5825667995815357
6,1.200800533689126,0.5,0.5,0.5833333333333333,0.99975295648426,0.00024704351573991894,0.4013176435719692,0.5986823564280304
7,1.400933955970647,0.5,0.5,0.5833333333333333,0.9997431525729004,0.00025684742709952837,0.38541312683117196,0.6145868731688275
8,1.601067378252168,0.5,0.5,0.5833333333333333,0.9997326727908172,0.00026732720918266987,0.3697501522328308,0.6302498477671687
9,1.801200800533689,0.5,0.5,0.5833333333333333,0.9997214668287708,0.0002785331712290065,0.35435725629100456,0.645642743708995
10,2.0013342228152102,0.5,0.5,0.5833333333333333,0.9997094806351623,0.0002905193648375795,0.33926077895661483,0.6607392210433848
11,2.201467645096731,0.5,0.5,0.5833333333333333,0.9996966562045354,0.00030334379546454035,0.3244848065712674,0.6755151934287323
12,2.401601067378252,0.5,0.5,0.5833333333333333,0.9996829312488487,0.0003170687511513041,0.31005101264901447,0.6899489873509852
13,2.601734489659773,0.5,0.5,0.5833333333333333,0.9996682388923172,0.0003317611076827654,0.2959785942527209,0.7040214057472788
14,2.801867911941294,0.5,0.5,0.5833333333333333,0.9996525073350416,0.00034749266495826274,0.2822842333957876,0.717715766604212
15,3.002001334222815,0.5,0.5,0.5833333333333333,0.9996356594877418,0.000364340512258212,0.2689820995846859,0.7310179004153138
16,3.202134756504336,0.5,0.5,0.5833333333333333,0.9996176125784609,0.00038238742153900106,0.25608387834864577,0.7439161216513539
17,3.402268178785857,0.5,0.5,0.5833333333333333,0.9995982777744479,0.00040172222555201996,0.24359878388188405,0.7564012161181156
18,3.602401601067378,0.5,0.5,0.5833333333333333,0.9995775596802476,0.0004224403197522528,0.23153369036611787,0.7684663096338818
19,3.802535023348899,0.5,0.5,0.5833333333333333,0.9995553558646837,0.00044464413531617526,0.21989325525309558,0.7801067447469042
20,4.0026684456304205,0.5,0.5,0.5833333333333333,0.999531556372717,0.0004684436272829218,0.2086799642454942,0.7913200357545056
21,4.202801867911941,0.5,0.5,0.5833333333333333,0.9995060431689631,0.0004939568310367926,0.197894269870007,0.8021057301299929
22,4.402935290193462,0.5,0.5,0.5833333333333333,0.9994786895176206,0.0005213104823792498,0.18753479639087786,0.812465203609122
23,4.603068712474983,0.5,0.5,0.5833333333333333,0.9994493593596594,0.0005506406403404909,0.17759845421342077,0.8224015457865791
24,4.803202134756504,0.5,0.5,0.5833333333333333,0.9994179066305626,0.0005820933694372793,0.1680805861924384,0.8319194138075614
25,5.003335557038025,0.5,0.5,0.5833333333333333,0.9993841745176606,0.0006158254823392539,0.15897514248501537,0.8410248575149845
26,5.203468979319546,0.5,0.5,0.5833333333333333,0.9993479946770232,0.0006520053229766436,0.15027483458015428,0.8497251654198456
27,5.403602401601067,0.5,0.5,0.5833333333333333,0.9993091863852053,0.0006908136147945633,0.14197128598787281,0.858028714012127
28,5.603735823882588,0.5,0.5,0.5833333333333333,0.9992675556334816,0.0007324443665183582,0.13405518396862617,0.8659448160313736
29,5.803869246164109,0.5,0.5,0.5833333333333333,0.9992228941574568,0.000777105842543113,0.12651642284804596,0.8734835771519539
30,6.00400266844563,0.5,0.5,0.5833333333333333,0.9991749783904608,0.0008250216095391143,0.11934423919800571,0.8806557608019941
31,6.204136090727151,0.5,0.5,0.5833333333333333,0.9991235683458818,0.0008764316541180601,0.11252734001222209,0.8874726599877778
32,6.404269513008672,0.5,0.5,0.5833333333333333,0.9990684064271854,0.0009315935728144771,0.10605402282306604,0.8939459771769338
33,6.604402935290193,0.5,0.5,0.5833333333333333,0.9990092161468134,0.000990783853186483,0.09991228634481851,0.9000877136551814
34,6.804536357571714,0.5,0.5,0.5833333333333333,0.9989457007249383,0.001054299275061634,0.09408992403294822,0.9059100759670516
35,7.004669779853235,0.5,0.5,0.5833333333333333,0.9988775416599786,0.0011224583400212406,0.08857462221542714,0.9114253777845727
36,7.204803202134756,0.5,0.5,0.5833333333333333,0.9988043970966795,0.001195602903320399,0.08335403648883438,0.9166459635111655
37,7.404936624416277,0.5,0.5,0.5833333333333333,0.99872590019918,0.0012740998008198769,0.07841586636591288,0.921584133634087
38,7.605070046697798,0.5,0.5,0.5833333333333333,0.9986416572750741,0.0013583427249256879,0.07374791811172439,0.9262520818882755
39,7.805203468979319,0.5,0.5,0.5833333333333333,0.9985512459094799,0.0014487540905199704,0.06933815868614726,0.9306618413138525
40,8.005336891260841,0.5,0.5,0.5833333333333333,0.9984542128249052,0.0015457871750946205,0.06517476570315063,0.9348252342968492
41,8.205470313542362,0.5,0.5,0.5833333333333333,0.9983500717289921,0.0016499282710077815,0.06124616438336182,0.9387538356166379
42,8.405603735823883,0.5,0.5,0.5833333333333333,0.9982383008911607,0.001761699108839159,0.05754106430545472,0.9424589356945451
43,8.605737158105404,0.5,0.5,0.5833333333333333,0.9981183406512912,0.0018816593487086962,0.054048484283703034,0.9459515157162968
44,8.805870580386925,0.5,0.5,0.5833333333333333,0.9979895906870503,0.002010409312949623,0.050757775711734274,0.9492422242882655
45,9.006004002668446,0.5,0.5,0.5833333333333333,0.9978514071290582,0.002148592870941753,0.04765863914649948,0.9523413608535003
46,9.206137424949967,0.5,0.5,0.5833333333333333,0.9977030994761351,0.002296900523864829,0.044741136258978936,0.9552588637410209
47,9.406270847231488,0.5,0.5,0.5833333333333333,0.9975439272661101,0.0024560727338898765,0.041995700198996976,0.9580042998010029
48,9.606404269513009,0.5,0.5,0.5833333333333333,0.9973730967086026,0.0026269032913973415,0.0394131331403044,0.9605868668596954
49,9.80653769179453,0.5,0.5,0.5833333333333333,0.9971897567606897,0.002810243239310359,0.036984616345421086,0.9630153836545787
50,10.00667111407605,0.5,0.5,0.5833333333333333,0.9969929951450333,0.0030070048549667118,0.034701709744045024,0.9652982902559548
51,10.206804536357572,0.5,0.5,0.5833333333333333,0.9967818341497263,0.0032181658502737384,0.03255634775245907,0.9674436522475408
52,10.406937958639093,0.5,0.5,0.5833333333333333,0.9965552261477807,0.0034447738522193692,0.030540826460349096,0.9694591735396507
53,10.607071380920614,0.5,0.5,0.5833333333333333,0.996312048710962,0.0036879512890380817,0.02864780458590189,0.971352195414098
54,10.807204803202135,0.5,0.5,0.5833333333333333,0.9960510994802753,0.0039489005197247745,0.02687029703868813,0.9731297029613117
55,11.007338225483656,0.5,0.5,0.5833333333333333,0.995771090832535,0.004228909167465014,0.02520165690267617,0.9747983430973237
56,11.207471647765177,0.5,0.5,0.5833333333333333,0.9954706440465899,0.004529355953410107,0.02363557352476225,0.9763644264752377
57,11.407605070046698,0.5,0.5,0.5833333333333333,0.9951482832103407,0.00485171678965942,0.022166060213083524,0.9778339397869165
58,11.607738492328219,0.5,0.5,0.5833333333333333,0.9948024287538909,0.005197571246109166,0.020787440120961332,0.9792125598790385
59,11.80787191460974,0.5,0.5,0.5833333333333333,0.9944313906205712,0.005568609379428811,0.019494339060980515,0.9805056609390194
60,12.00800533689126,0.5,0.5,0.5833333333333333,0.9940333610696647,0.005966638930335335,0.018281671133027554,0.9817183288669723
61,12.208138759172781,0.5,0.5,0.5833333333333333,0.9936064070805056,0.006393592919494461,0.017144625929860654,0.9828553740701392
62,12.408272181454302,0.5,0.5,0.5833333333333333,0.9931484623190505,0.006851537680949594,0.01607865911065898,0.9839213408893409
63,12.608405603735823,0.5,0.5,0.5833333333333333,0.9926573187828039,0.007342681217196102,0.015079479231263564,0.9849205207687364
64,12.808539026017344,0.5,0.5,0.5833333333333333,0.9921306179568089,0.007869382043191176,0.014143036650311388,0.9858569633496885
65,13.008672448298865,0.5,0.5,0.5833333333333333,0.9915658415489105,0.00843415845108958,0.01326551278796613,0.9867344872120338
66,13.208805870580386,0.5,0.5,0.5833333333333333,0.9909603019947313,0.009039698005268717,0.012443307187953853,0.987556692812046
67,13.408939292861907,0.5,0.5,0.5833333333333333,0.9903111323030221,0.009688867696977937,0.011673028039788064,0.9883269719602119
68,13.609072715143428,0.5,0.5,0.5833333333333333,0.9896152756554674,0.010384724344532551,0.01095148168870793,0.9890485183112919
69,13.80920613742495,0.5,0.5,0.5833333333333333,0.9888694749225022,0.011130525077497703,0.010275661087876843,0.989724338912123
70,14.00933955970647,0.5,0.5,0.5833333333333333,0.988070261136431,0.011929738863568877,0.009642737617510543,0.9903572623824893
71,14.209472981987991,0.5,0.5,0.5833333333333333,0.9872139421007265,0.012786057899273447,0.009050051501436503,0.9909499484985633
72,14.409606404269512,0.5,0.5,0.5833333333333333,0.986296591603802,0.013703408396197936,0.008495100862994365,0.9915048991370055
73,14.609739826551033,0.5,0.5,0.5833333333333333,0.9853140367496148,0.014685963250385138,0.007975534674059714,0.9920244653259401
74,14.809873248832554,0.5,0.5,0.5833333333333333,0.9842618458716311,0.01573815412836887,0.007489144520903576,0.9925108554790962
75,15.010006671114075,0.5,0.5,0.5833333333333333,0.9831353178868749,0.016864682113125085,0.007033855555021243,0.9929661444449787
76,15.210140093395596,0.5,0.5,0.5833333333333333,0.9819294695653993,0.01807053043460069,0.006607719541431796,0.9933922804585681
77,15.410273515677117,0.5,0.5,0.5833333333333333,0.9806390232608396,0.019360976739160297,0.006208907997987708,0.9937910920020121
78,15.610406937958638,0.5,0.5,0.5833333333333333,0.9792583974169811,0.020741602583018933,0.005835704658384977,0.9941642953416149
79,15.810540360240159,0.5,0.5,0.5833333333333333,0.9777816954187042,0.022218304581295725,0.0054864990811901975,0.9945135009188096
80,16.010673782521682,0.5,0.5,0.5833333333333333,0.9762026940707197,0.023797305929280265,0.005159780908281999,0.9948402190917179
81,16.210807204803203,0.5,0.5,0.5833333333333333,0.9745148366108475,0.025485163389152465,0.004854133644916166,0.9951458663550837
82,16.410940627084724,0.5,0.5,0.5833333333333333,0.9727112259679013,0.02728877403209861,0.00456822896345324,0.9954317710365467
83,16.611074049366245,0.5,0.5,0.5833333333333333,0.9707846154272024,0.029215384572797556,0.0043008218378567204,0.9956991781621432
84,16.811207471647766,0.5,0.5,0.5833333333333333,0.9687274062651957,0.03127259373480426,0.004050745439568812,0.9959492545604312
85,17.011340893929287,0.5,0.5,0.5833333333333333,0.9665316489456021,0.03346835105439791,0.003816906368388622,0.9961830936316114
86,17.211474316210808,0.5,0.5,0.5833333333333333,0.9641890387108468,0.035810961289153107,0.003598280406878426,0.9964017195931216
87,17.41160773849233,0.5,0.5,0.5833333333333333,0.9616909209954813,0.03830907900451864,0.0033939083191934197,0.9966060916808066
88,17.61174116077385,0.5,0.5,0.5833333333333333,0.9590283043155307,0.04097169568446929,0.0032028918017057845,0.9967971081982943
89,17.81187458305537,0.5,0.5,0.5833333333333333,0.9561918656746835,0.04380813432531647,0.0030243899276114474,0.9969756100723886
90,18.01200800533689,0.5,0.5,0.5833333333333333,0.9531719676674941,0.04682803233250579,0.0028576156497520312,0.997142384350248
91,18.212141427618413,0.5,0.5,0.5833333333333333,0.9499586870184845,0.05004131298151537,0.002701832548906791,0.9972981674510932
92,18.412274849899934,0.5,0.5,0.5833333333333333,0.9465418366855031,0.053458163314496855,0.002556351755688482,0.9974436482443116
93,18.612408272181455,0.5,0.5,0.5833333333333333,0.9429109995634407,0.0570890004365592,0.002420529070070879,0.9975794709299293
94,18.812541694462976,0.5,0.5,0.5833333333333333,0.9390555762469096,0.06094442375309026,0.0022937623023211095,0.9977062376976791
95,19.012675116744497,0.5,0.5,0.5833333333333333,0.9349648321574392,0.06503516784256066,0.002175488724902773,0.9978245112750973
96,19.212808539026017,0.5,0.5,0.5833333333333333,0.9306279542235741,0.06937204577642575,0.0020651826883054504,0.9979348173116945
97,19.41294196130754,0.5,0.5,0.5833333333333333,0.9260341210096837,0.07396587899031613,0.0019623534381204653,0.9980376465618795
98,19.61307538358906,0.5,0.5,0.5833333333333333,0.9211725794599998,0.07882742054000014,0.0018665430235982026,0.9981334569764019
99,19.81320880587058,0.5,0.5,0.5833333333333333,0.9160327318860103,0.08396726811398958,0.00177732433508403,0.998222675664916
100,20.0133422281521,0.5,0.5,0.5833333333333333,0.9106042318763161,0.0893957681236838,0.001694299361503509,0.9983057006384966
101,20.213475650433622,0.5,0.5,0.5833333333333333,0.9048770935113066,0.0951229064886932,0.0016170974913684612,0.9983829025086316
102,20.413609072715143,0.5,0.5,0.5833333333333333,0.8988418128572644,0.10115818714273545,0.001545373905255538,0.9984546260947444
103,20.613742494996664,0.5,0.5,0.5833333333333333,0.8924894867537869,0.10751051324621293,0.0014788081685758827,0.9985211918314241
104,20.813875917278185,0.5,0.5,0.5833333333333333,0.8858119518622706,0.11418804813772929,0.0014171028760663143,0.9985828971239337
105,21.014009339559706,0.5,0.5,0.5833333333333333,0.8788019413019905,0.12119805869800929,0.0013599823649332035,0.9986400176350668
106,21.214142761841227,0.5,0.5,0.5833333333333333,0.8714532180788699,0.1285467819211299,0.0013071916110262553,0.9986928083889738
107,21.41427618412275,0.5,0.5,0.5833333333333333,0.8637607309681095,0.13623926903189035,0.0012584951738998722,0.9987415048261002
108,21.61440960640427,0.5,0.5,0.5833333333333333,0.8557207981735201,0.14427920182647969,0.0012136761755215727,0.9987863238244784
109,21.81454302868579,0.5,0.5,0.5833333333333333,0.8473312425063982,0.15266875749360154,0.0011725354554908834,0.9988274645445091
110,22.01467645096731,0.5,0.5,0.5833333333333333,0.8385915369488822,0.1614084630511175,0.0011348907850560913,0.9988651092149439
111,22.214809873248832,0.5,0.5,0.5833333333333333,0.8295029884838112,0.17049701151618854,0.0011005760989509469,0.998899423901049
112,22.414943295530353,0.5,0.5,0.5833333333333333,0.8200688364832011,0.1799311635167987,0.0010694408891866048,0.9989305591108134
113,22.615076717811874,0.5,0.5,0.5833333333333333,0.8102944246565693,0.18970557534343038,0.001041349606969549,0.9989586503930304
114,22.815210140093395,0.5,0.5,0.5833333333333333,0.8001872901816028,0.19981270981839688,0.0010161811778729055,0.9989838188221271
115,23.015343562374916,0.5,0.5,0.5833333333333333,0.7897572117355127,0.21024278826448706,0.0009938285948244952,0.9990061714051756
116,23.215476984656437,0.5,0.5,0.5833333333333333,0.7790163177608052,0.22098368223919462,0.0009741985509719033,0.9990258014490282
117,23.415610406937958,0.5,0.5,0.5833333333333333,0.7679791003918883,0.23202089960811154,0.0009572111674315102,0.9990427888325686
118,23.61574382921948,0.5,0.5,0.5833333333333333,0.7566624130649016,0.24333758693509835,0.0009427997886520976,0.999057200211348
119,23.815877251501,0.5,0.5,0.5833333333333333,0.7450854328887158,0.2549145671112842,0.0009309108497718791,0.9990690891502283
120,24.01601067378252,0.5,0.5,0.5833333333333333,0.733269585794489,0.26673041420551097,0.0009215038172943221,0.9990784961827058
121,24.216144096064042,0.5,0.5,0.5833333333333333,0.7212384328987729,0.2787615671012271,0.0009145512061087925,0.9990854487938915
122,24.416277518345563,0.5,0.5,0.5833333333333333,0.7090175192368977,0.29098248076310235,0.0009100386732806316,0.9990899613267196
123,24.616410940627084,0.5,0.5,0.5833333333333333,0.6966341859940276,0.3033658140059724,0.0009079651921482793,0.9990920348078519
124,24.816544362908605,0.5,0.5,0.5833333333333333,0.6841173417159019,0.3158826582840981,0.0009083432995842643,0.999091656700416
125,25.016677785190126,0.5,0.5,0.5833333333333333,0.6714972156262385,0.32850278437376146,0.0009111994467433769,0.9990888005532568
126,25.216811207471647,0.5,0.5,0.5833333333333333,0.6588050768177671,0.341194923182233,0.000916574432379956,0.9990834255676202
127,25.416944629753168,0.5,0.5,0.5833333333333333,0.6460728905080847,0.35392710949191536,0.0009245238816491323,0.999075476118351
128,25.61707805203469,0.5,0.5,0.5833333333333333,0.6333330554851272,0.3666669445148729,0.0009351189307356437,0.9990648810692645
129,25.81721147431621,0.5,0.5,0.5833333333333333,0.6206180671599711,0.3793819328400289,0.0009484469502148553,0.9990515530497853
130,26.01734489659773,0.5,0.5,0.5833333333333333,0.6079601680194324,0.3920398319805676,0.0009646123516537435,0.9990353876483464
131,26.21747831887925,0.5,0.5,0.5833333333333333,0.5953910035107164,0.4046089964892836,0.0009837375249523912,0.9990162624750477
132,26.417611741160773,0.5,0.5,0.5833333333333333,0.5829413528617944,0.4170586471382056,0.0010059639771902251,0.9989940360228099
133,26.617745163442294,0.5,0.5,0.5833333333333333,0.5706408148055502,0.4293591851944498,0.0010314535291537988,0.9989685464708463
134,26.817878585723815,0.5,0.5,0.5833333333333333,0.5585175452661664,0.4414824547338336,0.0010603896834437952,0.9989396103165563
135,27.018012008005336,0.5,0.5,0.5833333333333333,0.5465980052302607,0.4534019947697392,0.0010929791216007043,0.9989070208783993
136,27.218145430286857,0.5,0.5,0.5833333333333333,0.5349067704589999,0.4650932295410001,0.0011294534315829336,0.9988705465684171
137,27.418278852568378,0.5,0.5,0.5833333333333333,0.5234663501853206,0.4765336498146795,0.0011700709430035663,0.9988299290569964
138,27.6184122748499,0.5,0.5,0.5833333333333333,0.5122970625945267,0.4877029374054734,0.001215118825614323,0.9987848811743857
139,27.81854569713142,0.5,0.5,0.5833333333333333,0.501416936964341,0.49858306303565914,0.0012649153251100289,0.9987350846748899
140,28.01867911941294,0.5,0.5,0.5833333333333333,0.4908416594965621,0.5091583405034379,0.0013198123131224898,0.9986801876868775
141,28.21881254169446,0.5,0.5,0.5833333333333333,0.4805845559433818,0.5194154440566182,0.0013801979884185505,0.9986198020115815
142,28.418945963975982,0.5,0.5,0.5833333333333333,0.47065660136834875,0.5293433986316514,0.0014464999640819041,0.9985535000359181
143,28.619079386257503,0.5,0.5,0.5833333333333333,0.4610664761121736,0.5389335238878266,0.0015191884596037226,0.9984808115403963
144,28.819212808539024,0.5,0.5,0.5833333333333333,0.4518206301252553,0.5481793698747448,0.00159878000716767,0.9984012199928323
145,29.019346230820545,0.5,0.5,0.5833333333333333,0.44292338416704924,0.5570766158329509,0.0016858414199148364,0.9983141585800851
146,29.219479653102066,0.5,0.5,0.5833333333333333,0.4343770591158961,0.5656229408841039,0.0017809939822289182,0.998219006017771
147,29.419613075383587,0.5,0.5,0.5833333333333333,0.4261820798218224,0.5738179201781776,0.0018849183865582546,0.9981150816134418
148,29.61974649766511,0.5,0.5,0.5833333333333333,0.4183371654941194,0.5816628345058805,0.0019983595620890224,0.998001640437911
149,29.81987991994663,0.5,0.5,0.5833333333333333,0.4108394312715708,0.5891605687284291,0.002122132647553594,0.9978778673524463
150,30.02001334222815,0.5,0.5,0.5833333333333333,0.4036845974095966,0.5963154025904034,0.002257128701271322,0.9977428712987287
151,30.22014676450967,0.5,0.5,0.5833333333333333,0.39686710688551885,0.6031328931144812,0.0024043217020275746,0.9975956782979725
152,30.420280186791192,0.5,0.5,0.5833333333333333,0.39038031171073795,0.609619688289262,0.0025647754797400108,0.99743522452026
153,30.620413609072713,0.5,0.5,0.5833333333333333,0.3842166158476916,0.6157833841523085,0.0027396517294719074,0.9972603482705281
154,30.820547031354234,0.5,0.5,0.5833333333333333,0.3783676200164751,0.6216323799835249,0.002930218520757777,0.9970697814792422
155,31.020680453635755,0.5,0.5,0.5833333333333333,0.3728242803447387,0.6271757196552613,0.0031378593536575436,0.9968621406463425
156,31.220813875917276,0.5,0.5,0.5833333333333333,0.3675770164450074,0.6324229835549926,0.0033640835769939937,0.996635916423006
157,31.420947298198797,0.5,0.5,0.5833333333333333,0.3626158624686481,0.6373841375313518,0.003610536674412782,0.9963894633255872
158,31.621080720480318,0.5,0.5,0.5833333333333333,0.35793055770007587,0.642069442299924,0.003879012693118806,0.9961209873068811
159,31.82121414276184,0.5,0.5,0.5833333333333333,0.3535106676345345,0.6464893323654655,0.004171466237986897,0.9958285337620131
160,32.021347565043364,0.5,0.5,0.5833333333333333,0.34934566812644313,0.6506543318735568,0.004490026847940383,0.9955099731520596
161,32.22148098732488,0.5,0.5,0.5833333333333333,0.3454250331127684,0.6545749668872314,0.004837013272629326,0.9951629867273707
162,32.421614409606406,0.5,0.5,0.5833333333333333,0.34173830926981574,0.658261690730184,0.005214949740756497,0.9947850502592435
163,32.62174783188792,0.5,0.5,0.5833333333333333,0.33827517940539176,0.661724820594608,0.005626583053364316,0.9943734169466356
164,32.82188125416945,0.5,0.5,0.5833333333333333,0.33502552181142436,0.6649744781885755,0.0060749010918784985,0.9939250989081215
165,33.022014676450965,0.5,0.5,0.5833333333333333,0.3319794593008866,0.6680205406991132,0.006563152952054644,0.9934368470479453
166,33.22214809873249,0.5,0.5,0.5833333333333333,0.32912739007489816,0.6708726099251017,0.007094868230086979,0.992905131769913
167,33.42228152101401,0.5,0.5,0.5833333333333333,0.3264600251024426,0.6735399748975573,0.0076738802045410535,0.9923261197954589
168,33.62241494329553,0.5,0.5,0.5833333333333333,0.3239684388314255,0.6760315611685744,0.008304353182058032,0.991695646817942
169,33.82254836557705,0.5,0.5,0.5833333333333333,0.32164406721911803,0.678355932780882,0.008990804938377325,0.9910091950616227
170,34.02268178785857,0.5,0.5,0.5833333333333333,0.3194787338546979,0.6805212661453022,0.009738134339348371,0.9902618656606516
171,34.22281521014009,0.5,0.5,0.5833333333333333,0.3174646634949884,0.6825353365050116,0.010551649804921825,0.9894483501950782
172,34.422948632421615,0.5,0.5,0.5833333333333333,0.31559448124738726,0.6844055187526129,0.011437099211695799,0.9885629007883041
173,34.62308205470313,0.5,0.5,0.5833333333333333,0.3138612421865037,0.6861387578134964,0.0124007022476342,0.9875992977523657
174,34.82321547698466,0.5,0.5,0.5833333333333333,0.312258420981651,0.6877415790183491,0.013449182998652952,0.986550817001347
175,35.023348899266175,0.5,0.5,0.5833333333333333,0.3107799113896699,0.6892200886103301,0.014589803811344906,0.9854101961886549
176,35.2234823215477,0.5,0.5,0.5833333333333333,0.3094200406601041,0.6905799593398959,0.015830399417880486,0.9841696005821193
177,35.42361574382922,0.5,0.5,0.5833333333333333,0.30817355234891664,0.6918264476510835,0.017179415075673627,0.9828205849243261
178,35.62374916611074,0.5,0.5,0.5833333333333333,0.30703561305533217,0.6929643869446679,0.0186459398164271,0.9813540601835726
179,35.82388258839226,0.5,0.5,0.5833333333333333,0.30600181028473783,0.6939981897152623,0.020239742616753393,0.9797602573832463
180,36.02401601067378,0.5,0.5,0.5833333333333333,0.30506813946356137,0.6949318605364387,0.02197131248966932,0.9780286875103305
181,36.2241494329553,0.5,0.5,0.5833333333333333,0.30423101121137297,0.6957689887886271,0.023851883557592466,0.9761481164424073
182,36.424282855236825,0.5,0.5,0.5833333333333333,0.3034872395776406,0.6965127604223595,0.0258934759117428,0.9741065240882569
183,36.62441627751834,0.5,0.5,0.5833333333333333,0.3028340363811774,0.6971659636188228,0.02810892461250018,0.9718910753874995
184,36.82454969979987,0.5,0.5,0.5833333333333333,0.3022690110561911,0.697730988943809,0.03051189164075968,0.96948810835924
185,37.024683122081385,0.5,0.5,0.5833333333333333,0.30179015949702703,0.6982098405029732,0.03311690811522185,0.9668830918847778
186,37.22481654436291,0.5,0.5,0.5833333333333333,0.30139586125149326,0.6986041387485069,0.03593936830187497,0.9640606316981247
187,37.42494996664443,0.5,0.5,0.5833333333333333,0.3010848738528345,0.6989151261471657,0.0389955368228759,0.9610044631771237
188,37.62508338892595,0.5,0.5,0.5833333333333333,0.3008563248205108,0.6991436751794893,0.04230256636285193,0.9576974336371478
189,37.82521681120747,0.5,0.5,0.5833333333333333,0.3007097054011041,0.699290294598896,0.04587844451488673,0.9541215554851129
190,38.02535023348899,0.5,0.5,0.5833333333333333,0.30064486346233116,0.6993551365376688,0.04974197810155419,0.9502580218984454
191,38.22548365577051,0.5,0.5,0.5833333333333333,0.30066199353025297,0.699338006469747,0.05391274385807819,0.9460872561419214
192,38.425617078052035,0.5,0.5,0.5833333333333333,0.3007616277428712,0.6992383722571288,0.058411028549168596,0.941588971450831
193,38.62575050033355,0.5,0.5,0.5833333333333333,0.3009446245349953,0.6990553754650046,0.06325772577235271,0.9367422742276468
194,38.82588392261508,0.5,0.5,0.5833333333333333,0.30121215600460066,0.6987878439953993,0.06847421947585822,0.9315257805241414
195,39.026017344896594,0.5,0.5,0.5833333333333333,0.30156569289634577,0.6984343071036542,0.07408225078576391,0.9259177492142358
196,39.22615076717812,0.5,0.5,0.5833333333333333,0.3020069855773969,0.697993014422603,0.0801037308208366,0.919896269179163
197,39.426284189459636,0.5,0.5,0.5833333333333333,0.30253804619378105,0.697461953806219,0.08656055497107014,0.9134394450289294
198,39.62641761174116,0.5,0.5,0.5833333333333333,0.3031611225567405,0.6968388774432596,0.09347434325812032,0.9065256567418792
199,39.82655103402268,0.5,0.5,0.5833333333333333,0.3038786745868134,0.6961213254131867,0.10086619172578984,0.8991338082742097
200,40.0266844563042,0.5,0.5,0.5833333333333333,0.3046933403501366,0.6953066596498635,0.10875634526384236,0.8912436547361572
201,40.22681787858572,0.5,0.5,0.5833333333333333,0.3056079051660724,0.6943920948339277,0.11716387397946937,0.8828361260205302
202,40.426951300867245,0.5,0.5,0.5833333333333333,0.30662526042381016,0.69337473957619,0.12610630133259718,0.8738936986674024
203,40.62708472314876,0.5,0.5,0.5833333333333333,0.3077483633075179,0.6922516366924821,0.13559920341719606,0.8644007965828036
204,40.82721814543029,0.5,0.5,0.5833333333333333,0.3089801897049838,0.6910198102950164,0.14565581533330296,0.8543441846666966
205,41.027351567711804,0.5,0.5,0.5833333333333333,0.31032368451078574,0.6896763154892144,0.15628657514321845,0.8437134248567812
206,41.22748498999333,0.5,0.5,0.5833333333333333,0.3117817090071348,0.6882182909928652,0.1674987122624288,0.8325012877375708
207,41.427618412274846,0.5,0.5,0.5833333333333333,0.31335698472337686,0.6866430152766233,0.17929585418665853,0.8207041458133412
208,41.62775183455637,0.5,0.5,0.5833333333333333,0.31505203733091947,0.6849479626690808,0.19167760404815537,0.8083223959518443
209,41.82788525683789,0.5,0.5,0.5833333333333333,0.3168691376652309,0.6831308623347694,0.20463916344416228,0.7953608365558373
210,42.02801867911941,0.5,0.5,0.5833333333333333,0.31881024499402894,0.6811897550059712,0.218171070119833,0.7818289298801666
211,42.22815210140093,0.5,0.5,0.5833333333333333,0.32087694865343636,0.6791230513465639,0.23225891532742632,0.7677410846725734
212,42.428285523682455,0.5,0.5,0.5833333333333333,0.32307041846829077,0.6769295815317096,0.24688321912055147,0.7531167808794482
213,42.62841894596397,0.5,0.5,0.5833333333333333,0.3253913526397152,0.6746086473602851,0.26201932665696004,0.7379806733430397
214,42.8285523682455,0.5,0.5,0.5833333333333333,0.3278399373163817,0.6721600626836185,0.2776374763331235,0.7223625236668761
215,43.028685790527014,0.5,0.5,0.5833333333333333,0.33041580915878177,0.6695841908412185,0.2937029249180543,0.7062970750819454
216,43.22881921280854,0.5,0.5,0.5833333333333333,0.3331180281977223,0.6668819718022779,0.310176221642314,0.6898237783576857
217,43.428952635090056,0.5,0.5,0.5833333333333333,0.335945060150919,0.6640549398490811,0.3270135772570502,0.6729864227429495
218,43.62908605737158,0.5,0.5,0.5833333333333333,0.3388947664803389,0.6611052335196613,0.344167349635676,0.6558326503643238
219,43.8292194796531,0.5,0.5,0.5833333333333333,0.34196440818056856,0.6580355918194317,0.3615866150976078,0.6384133849023921
220,44.02935290193462,0.5,0.5,0.5833333333333333,0.34515065613471746,0.6548493438652828,0.3792178428052366,0.6207821571947632
221,44.22948632421614,0.5,0.5,0.5833333333333333,0.3484496150744195,0.6515503849255808,0.39700559740501684,0.6029944025949829
222,44.429619746497664,0.5,0.5,0.5833333333333333,0.3518568543478102,0.64814314565219,0.4148933260334686,0.5851066739665312
223,44.62975316877918,0.5,0.5,0.5833333333333333,0.35536744916502966,0.6446325508349707,0.4328241264578407,0.5671758735421591
224,44.829886591060706,0.5,0.5,0.5833333333333333,0.3589760276407591,0.6410239723592414,0.4507415278130744,0.5492584721869254
225,45.030020013342224,0.5,0.5,0.5833333333333333,0.3626768261065633,0.6373231738934371,0.46859025663901843,0.5314097433609815
226,45.23015343562375,0.5,0.5,0.5833333333333333,0.36646374543001053,0.6335362545699899,0.48631690542096007,0.5136830945790398
227,45.430286857905266,0.5,0.5,0.5833333333333333,0.3703304156501927,0.6296695843498078,0.5038706138719476,0.4961293861280522
228,45.63042028018679,0.5,0.5,0.5833333333333333,0.37427025511484024,0.6257297448851602,0.5212035676773964,0.47879643232260355
229,45.83055370246831,0.5,0.5,0.5833333333333333,0.3782765375907836,0.6217234624092168,0.5382715119938536,0.4617284880061463
230,46.03068712474983,0.5,0.5,0.5833333333333333,0.38234245005185047,0.6176575499481499,0.5550340686139597,0.4449659313860403
231,46.23082054703135,0.5,0.5,0.5833333333333333,0.3864611546171018,0.6135388453828986,0.5714550301387341,0.4285449698612657
232,46.430953969312874,0.5,0.5,0.5833333333333333,0.3906258424533613,0.6093741575466392,0.5875025017767773,0.41249749822322257
233,46.63108739159439,0.5,0.5,0.5833333333333333,0.39482978520504747,0.605170214794953,0.6031489835037096,0.3968510164962904
234,46.831220813875916,0.5,0.5,0.5833333333333333,0.3990663815706766,0.6009336184293239,0.618371343243418,0.3816286567565819
235,47.03135423615743,0.5,0.5,0.5833333333333333,0.40332919641790865,0.5966708035820918,0.6331507461907268,0.36684925380927313
236,47.23148765843896,0.5,0.5,0.5833333333333333,0.40761200128104474,0.5923879987189559,0.6474724332233638,0.35252756677663616
237,47.431621080720475,0.5,0.5,0.5833333333333333,0.41190879927488316,0.5880912007251173,0.6613255666689687,0.33867443333103125
238,47.631754503002,0.5,0.5,0.5833333333333333,0.41621384528227545,0.5837861547177252,0.6747030068159543,0.32529699318404565
239,47.83188792528352,0.5,0.5,0.5833333333333333,0.4205216739701426,0.5794783260298579,0.6876009604567695,0.3123990395432305
240,48.03202134756504,0.5,0.5,0.5833333333333333,0.4248271122831047,0.5751728877168959,0.7000186705233221,0.299981329476678
241,48.23215476984656,0.5,0.5,0.5833333333333333,0.4291252840012617,0.570874715998739,0.7119581703815141,0.2880418296184859
242,48.432288192128084,0.5,0.5,0.5833333333333333,0.4334116180018006,0.5665883819982,0.7234239191258993,0.2765760808741006
243,48.6324216144096,0.5,0.5,0.5833333333333333,0.4376818511685926,0.562318148831408,0.7344225015451471,0.26557749845485285
244,48.832555036691126,0.5,0.5,0.5833333333333333,0.4419320259081251,0.5580679740918755,0.7449623300839381,0.25503766991606186
245,49.03268845897264,0.5,0.5,0.5833333333333333,0.44615848613029546,0.5538415138697051,0.7550533577016549,0.24494664229834504
246,49.23282188125417,0.5,0.5,0.5833333333333333,0.45035787118321935,0.5496421288167812,0.7647068152062773,0.2352931847937228
247,49.432955303535685,0.5,0.5,0.5833333333333333,0.45452710672920077,0.5454728932707998,0.7739349570771771,0.22606504292282292
248,49.63308872581721,0.5,0.5,0.5833333333333333,0.45866339612212326,0.5413366038778773,0.7827508442584719,0.21724915574152806
249,49.83322214809873,0.5,0.5,0.5833333333333333,0.4627642085547755,0.5372357914452249,0.7911681354444374,0.20883186455556246
250,50.03335557038025,0.5,0.5,0.5833333333333333,0.46682726708407873,0.5331727329159219,0.7992009080500454,0.20079909194995446
251,50.23348899266177,0.5,0.5,0.5833333333333333,0.47085053622262707,0.5291494637773735,0.8068634969871838,0.193136503012816
252,50.433622414943294,0.5,0.5,0.5833333333333333,0.47483220940852594,0.5251677905914746,0.8141703588621356,0.18582964113786424
253,50.63375583722481,0.5,0.5,0.5833333333333333,0.47877069534630196,0.5212293046536987,0.8211359479346294,0.17886405206537054
254,50.833889259506336,0.5,0.5,0.5833333333333333,0.482664605180213,0.5173353948197876,0.8277746157428026,0.17222538425719727
255,51.03402268178785,0.5,0.5,0.5833333333333333,0.4865127393249585,0.5134872606750421,0.8341005237961927,0.16589947620380727
256,51.23415610406938,0.5,0.5,0.5833333333333333,0.49031407484895245,0.5096859251510483,0.8401275735803286,0.15987242641967123
257,51.4342895263509,0.5,0.5,0.5833333333333333,0.4940677529390842,0.5059322470609164,0.8458693471322243,0.15413065286777564
258,51.63442294863242,0.5,0.5,0.5833333333333333,0.4977730669435218,0.5022269330564789,0.8513390621840556,0.14866093781594425
259,51.834556370913944,0.5,0.5,0.5833333333333333,0.5014294508075208,0.4985705491924799,0.8565495348716827,0.14345046512831724
260,52.03468979319546,0.5,0.5,0.5833333333333333,0.5050364680459561,0.49496353195404447,0.8615131545936161,0.13848684540638379
261,52.234823215476986,0.5,0.5,0.5833333333333333,0.5085938012227607,0.49140619877724,0.8662418633399692,0.13375813666003067
262,52.4349566377585,0.5,0.5,0.5833333333333333,0.5121012419866847,0.48789875801331595,0.8707471454413604,0.12925285455863958
263,52.63509006004003,0.5,0.5,0.5833333333333333,0.5155586816768433,0.4844413183231574,0.8750400179808363,0.12495998201916364
264,52.835223482321545,0.5,0.5,0.5833333333333333,0.5189661024205514,0.48103389757944937,0.8791310338503221,0.12086896614967785
265,53.03535690460307,0.5,0.5,0.5833333333333333,0.5223235687835142,0.47767643121648656,0.8830302868532758,0.11696971314672414
266,53.23549032688459,0.5,0.5,0.5833333333333333,0.5256312201543455,0.47436877984565523,0.8867474057633783,0.11325259423662162
267,53.43562374916611,0.5,0.5,0.5833333333333333,0.528889263735148,0.47111073626485267,0.8902915660338748,0.109708433966125
268,53.63575717144763,0.5,0.5,0.5833333333333333,0.5320979671607062,0.4679020328392944,0.8936715098344186,0.10632849016558132
269,53.835890593729154,0.5,0.5,0.5833333333333333,0.5352576524042816,0.46474234759571914,0.8968955534015374,0.1031044465984626
270,54.03602401601067,0.5,0.5,0.5833333333333333,0.5383686903361815,0.46163130966381916,0.8999715928601469,0.10002840713985293
271,54.236157438292196,0.5,0.5,0.5833333333333333,0.5414314947980575,0.45856850520194314,0.9029071340725376,0.09709286592746215
272,54.43629086057371,0.5,0.5,0.5833333333333333,0.5444465180872609,0.45555348191273975,0.9057092941984568,0.0942907058015431
273,54.63642428285524,0.5,0.5,0.5833333333333333,0.5474142462117847,0.45258575378821586,0.9083848230141505,0.09161517698584941
274,54.836557705136755,0.5,0.5,0.5833333333333333,0.5503351946916044,0.44966480530839614,0.9109401190229948,0.08905988097700517
275,55.03669112741828,0.5,0.5,0.5833333333333333,0.5532099048008184,0.446790095199182,0.9133812419296431,0.08661875807035681
276,55.2368245496998,0.5,0.5,0.5833333333333333,0.5560389397909419,0.4439610602090586,0.915713931709827,0.08428606829017306
277,55.43695797198132,0.5,0.5,0.5833333333333333,0.5588228817217391,0.44117711827826134,0.9179436213731195,0.0820563786268805
278,55.63709139426284,0.5,0.5,0.5833333333333333,0.5615623285505195,0.438437671449481,0.9200754530131171,0.07992454698688281
279,55.837224816544364,0.5,0.5,0.5833333333333333,0.5642578914667862,0.4357421085332143,0.922114292762225,0.07788570723777488
280,56.03735823882588,0.5,0.5,0.5833333333333333,0.5669101923348192,0.43308980766518135,0.9240647436105377,0.07593525638946222
281,56.237491661107406,0.5,0.5,0.5833333333333333,0.5695198614601202,0.43048013853988026,0.9259311606449361,0.07406883935506378
282,56.43762508338892,0.5,0.5,0.5833333333333333,0.572087535554716,0.42791246444528447,0.927717663001492,0.07228233699850793
283,56.63775850567045,0.5,0.5,0.5833333333333333,0.574613855918028,0.42538614408197245,0.9294281470350398,0.07057185296496014
284,56.837891927951965,0.5,0.5,0.5833333333333333,0.5770994667696884,0.42290053323031207,0.9310662985599537,0.06893370144004626
285,57.03802535023349,0.5,0.5,0.5833333333333333,0.5795450136614156,0.42045498633858475,0.932635602877259,0.067364397122741
286,57.23815877251501,0.5,0.5,0.5833333333333333,0.581951142163136,0.4180488578368644,0.9341393565324689,0.06586064346753118
287,57.43829219479653,0.5,0.5,0.5833333333333333,0.584318496778541,0.4156815032214595,0.935580680028019,0.06441931997198103
288,57.63842561707805,0.5,0.5,0.5833333333333333,0.586647719638774,0.4133522803612264,0.9369625245664426,0.06303747543355738
289,57.83855903935957,0.5,0.5,0.5833333333333333,0.5889394495673473,0.41106055043265305,0.9382876822167795,0.06171231778322044
290,58.03869246164109,0.5,0.5,0.5833333333333333,0.5911943213925972,0.40880567860740324,0.9395587961805969,0.06044120381940302
291,58.238825883922615,0.5,0.5,0.5833333333333333,0.5934129649842742,0.4065870350157262,0.9407783678465593,0.059221632153440604
292,58.43895930620413,0.5,0.5,0.5833333333333333,0.5955960045654787,0.4044039954345217,0.9419487647632274,0.05805123523677257
293,58.63909272848566,0.5,0.5,0.5833333333333333,0.597744058263073,0.40225594173692747,0.943072229095801,0.05692777090419899
294,58.839226150767175,0.5,0.5,0.5833333333333333,0.5998577374834542,0.40014226251654633,0.9441508842210966,0.05584911577890347
295,59.0393595730487,0.5,0.5,0.5833333333333333,0.6019376463958439,0.39806235360415665,0.9451867412004757,0.05481325879952432
296,59.23949299533022,0.5,0.5,0.5833333333333333,0.6039843816375184,0.3960156183624821,0.9461817054493517,0.05381829455064834
297,59.43962641761174,0.5,0.5,0.5833333333333333,0.6059985319648609,0.39400146803513963,0.9471375827075105,0.05286241729248948
298,59.63975983989326,0.5,0.5,0.5833333333333333,0.6079806778645511,0.3920193221354494,0.9480560844650591,0.05194391553494083
299,59.83989326217478,0.5,0.5,0.5833333333333333,0.6099313913766685,0.3900686086233321,0.9489388333663181,0.05106116663368172
300,60.0400266844563,0.5,0.5,0.5833333333333333,0.6118512359712107,0.3881487640287899,0.9497873682653589,0.05021263173464094
301,60.240160106737825,0.5,0.5,0.5833333333333333,0.6137407662508396,0.38625923374916094,0.9506031488439072,0.04939685115609277
302,60.44029352901934,0.5,0.5,0.5833333333333333,0.6156005278637092,0.3843994721362913,0.9513875600688249,0.04861243993117526
303,60.64042695130087,0.5,0.5,0.5833333333333333,0.6174310574776581,0.38256894252234236,0.9521419163307147,0.047858083669285414
304,60.840560373582385,0.5,0.5,0.5833333333333333,0.6192328826235516,0.380767117376449,0.952867465419346,0.04713253458065406
305,61.04069379586391,0.5,0.5,0.5833333333333333,0.6210065216581468,0.37899347834185376,0.9535653922242446,0.04643460777575544
306,61.24082721814543,0.5,0.5,0.5833333333333333,0.6227524838199577,0.3772475161800429,0.9542368221105932,0.04576317788940674
307,61.44096064042695,0.5,0.5,0.5833333333333333,0.6244712691693656,0.3755287308306351,0.9548828242821767,0.04511717571782318
308,61.64109406270847,0.5,0.5,0.5833333333333333,0.6261633685945475,0.373836631405453,0.955504414888537,0.04449558511146299
309,61.84122748498999,0.5,0.5,0.5833333333333333,0.6278292639506392,0.3721707360493613,0.9561025596776652,0.043897440322334814
310,62.04136090727151,0.5,0.5,0.5833333333333333,0.6294694280255837,0.37053057197441686,0.9566781769329945,0.043321823067005494
311,62.241494329553035,0.5,0.5,0.5833333333333333,0.6310843245406635,0.3689156754593369,0.9572321401990649,0.04276785980093522
312,62.44162775183455,0.5,0.5,0.5833333333333333,0.6326744082206066,0.36732559177939395,0.9577652807169312,0.04223471928306895
313,62.64176117411608,0.5,0.5,0.5833333333333333,0.6342401248294358,0.3657598751705647,0.958278389832058,0.041721610167942264
314,62.841894596397594,0.5,0.5,0.5833333333333333,0.6357819115845986,0.3642180884154017,0.9587722202972585,0.041227779702741975
315,63.04202801867912,0.5,0.5,0.5833333333333333,0.6373001973323565,0.36269980266764384,0.9592474881063024,0.04075251189369829
316,63.242161440960636,0.5,0.5,0.5833333333333333,0.6387954021018434,0.36120459789815695,0.9597048758747971,0.04029512412520381
317,63.44229486324216,0.5,0.5,0.5833333333333333,0.6402679374282922,0.3597320625717082,0.9601450341030886,0.039854965896912495
318,63.64242828552368,0.5,0.5,0.5833333333333333,0.6417182064260546,0.35828179357394585,0.9605685830192204,0.03943141698078084
319,63.8425617078052,0.5,0.5,0.5833333333333333,0.6431466040586237,0.3568533959413767,0.9609761136878131,0.03902388631218805
320,64.04269513008673,0.5,0.5,0.5833333333333333,0.64455351769338,0.3554464823066204,0.9613681880988696,0.03863181190113132
321,64.24282855236824,0.5,0.5,0.5833333333333333,0.6459393264832349,0.35406067351676546,0.9617453430737051,0.03825465692629563
322,64.44296197464976,0.5,0.5,0.5833333333333333,0.6473044017200552,0.35269559827994523,0.962108090882398,0.03789190911760233
323,64.64309539693129,0.5,0.5,0.5833333333333333,0.6486491069612315,0.35135089303876893,0.9624569205507576,0.03754307944924238
324,64.84322881921281,0.5,0.5,0.5833333333333333,0.6499737981829999,0.35002620181700056,0.9627922989696404,0.03720770103035933
325,65.04336224149432,0.5,0.5,0.5833333333333333,0.6512788242925167,0.3487211757074838,0.9631146704313639,0.036885329568635654
326,65.24349566377585,0.5,0.5,0.5833333333333333,0.6525645268100415,0.347435473189959,0.9634244596032184,0.03657554039678108
327,65.44362908605737,0.5,0.5,0.5833333333333333,0.6538312400559455,0.346168759944055,0.9637220723188993,0.03627792768110028
328,65.6437625083389,0.5,0.5,0.5833333333333333,0.6550792913177022,0.34492070868229835,0.9640078964017257,0.035992103598274
329,65.8438959306204,0.5,0.5,0.5833333333333333,0.6563090009702314,0.34369099902976924,0.9642823026300543,0.03571769736994569
330,66.04402935290193,0.5,0.5,0.5833333333333333,0.6575206828480964,0.34247931715190416,0.9645456444524226,0.035454355547577664
331,66.24416277518345,0.5,0.5,0.5833333333333333,0.6587146441977122,0.34128535580228836,0.9647982596559455,0.03520174034405528
332,66.44429619746498,0.5,0.5,0.5833333333333333,0.6598911857310888,0.3401088142689117,0.9650404715056099,0.03495952849439126
333,66.64442961974649,0.5,0.5,0.5833333333333333,0.6610506018138618,0.33894939818613873,0.9652725892009136,0.03472741079908779
334,66.84456304202801,0.5,0.5,0.5833333333333333,0.6621931805824276,0.3378068194175729,0.9654949086299323,0.034505091370069255
335,67.04469646430954,0.5,0.5,0.5833333333333333,0.6633192041615645,0.33668079583843596,0.9657077124479408,0.03429228755206035
336,67.24482988659106,0.5,0.5,0.5833333333333333,0.6644289487974225,0.33557105120257796,0.9659112706424685,0.034088729357532016
337,67.44496330887257,0.5,0.5,0.5833333333333333,0.6655226848517938,0.33447731514820667,0.9661058419253782,0.03389415807462151
338,67.6450967311541,0.5,0.5,0.5833333333333333,0.6666006769792943,0.3333993230207062,0.9662916739375895,0.03370832606240935
339,67.84523015343562,0.5,0.5,0.5833333333333333,0.6676631842404622,0.33233681575953833,0.9664690038161534,0.03353099618384489
340,68.04536357571715,0.5,0.5,0.5833333333333333,0.6687104602486209,0.3312895397513796,0.9666380584962493,0.03336194150374877
341,68.24549699799866,0.5,0.5,0.5833333333333333,0.6697427533546019,0.3302572466453986,0.9667990547221583,0.03320094527783981
342,68.44563042028018,0.5,0.5,0.5833333333333333,0.6707603066368365,0.329239693363164,0.9669522003219616,0.033047799678036935
343,68.6457638425617,0.5,0.5,0.5833333333333333,0.6717633580534572,0.32823664194654323,0.9670976943645936,0.03290230563540565
344,68.84589726484323,0.5,0.5,0.5833333333333333,0.6727521405516742,0.32724785944832624,0.96723572756855,0.03276427243145003
345,69.04603068712474,0.5,0.5,0.5833333333333333,0.6737268821807194,0.32627311781928114,0.9673664826446656,0.03263351735533522
346,69.24616410940627,0.5,0.5,0.5833333333333333,0.6746878062575191,0.32531219374248144,0.9674901342015888,0.03250986579841295
347,69.44629753168779,0.5,0.5,0.5833333333333333,0.6756351313977967,0.3243648686022038,0.9676068496461184,0.03239315035388411
348,69.64643095396931,0.5,0.5,0.5833333333333333,0.6765690716292737,0.3234309283707269,0.9677167894243216,0.03228321057568145
349,69.84656437625083,0.5,0.5,0.5833333333333333,0.677489836496559,0.32251016350344147,0.9678201072953778,0.03217989270462533
350,70.04669779853235,0.5,0.5,0.5833333333333333,0.6783976311580471,0.32160236884195353,0.9679169506334847,0.03208304936651784
351,70.24683122081387,0.5,0.5,0.5833333333333333,0.6792926565234285,0.320707343476572,0.9680074603123644,0.03199253968763685
352,70.4469646430954,0.5,0.5,0.5833333333333333,0.6801751093079227,0.3198248906920778,0.9680917713440369,0.031908228655962566
353,70.64709806537691,0.5,0.5,0.5833333333333333,0.6810451821141782,0.3189548178858224,0.9681700132246162,0.031829986775381104
354,70.84723148765843,0.5,0.5,0.5833333333333333,0.6819030635308504,0.3180969364691501,0.9682423100920681,0.031757689907926816
355,71.04736490993996,0.5,0.5,0.5833333333333333,0.6827489382170627,0.31725106178293777,0.9683087809879232,0.03169121901206976
356,71.24749833222148,0.5,0.5,0.5833333333333333,0.6835829869844455,0.3164170130155551,0.9683695401133813,0.03163045988661069
357,71.44763175450299,0.5,0.5,0.5833333333333333,0.6844053869432347,0.31559461305676584,0.9684246964315683,0.03157530356842379
358,71.64776517678452,0.5,0.5,0.5833333333333333,0.6852163115553153,0.3147836884446853,0.9684743541514367,0.031525645848556244
359,71.84789859906604,0.5,0.5,0.5833333333333333,0.686015930667015,0.31398406933298545,0.9685186133832717,0.03148138661672294
360,72.04803202134757,0.5,0.5,0.5833333333333333,0.6868044106161862,0.3131955893838143,0.968557570043591,0.03144242995640597
361,72.24816544362908,0.5,0.5,0.5833333333333333,0.6875819143079257,0.31241808569207485,0.968591316042251,0.03140868395774893
362,72.4482988659106,0.5,0.5,0.5833333333333333,0.6883486012882183,0.31165139871178227,0.9686199394668247,0.031380060533178405
363,72.64843228819213,0.5,0.5,0.5833333333333333,0.689104627827454,0.31089537217254665,0.9686435245286616,0.031356475471344465
364,72.84856571047365,0.5,0.5,0.5833333333333333,0.6898501469958642,0.3101498530041364,0.9686621516270555,0.031337848372953676
365,73.04869913275516,0.5,0.5,0.5833333333333333,0.6905853087115371,0.3094146912884635,0.9686758979153532,0.03132410208465873
366,73.24883255503669,0.5,0.5,0.5833333333333333,0.6913102598174523,0.30868974018254836,0.9686848372528043,0.03131516274720967
367,73.44896597731821,0.5,0.5,0.5833333333333333,0.6920251441470192,0.30797485585298134,0.9686890403451633,0.03131095965485122
368,73.64909939959973,0.5,0.5,0.5833333333333333,0.6927301025877242,0.3072698974122765,0.968688574884923,0.031311425115090205
369,73.84923282188124,0.5,0.5,0.5833333333333333,0.6934252731523309,0.30657472684766973,0.9686835055653091,0.031316494434700116
370,74.04936624416277,0.5,0.5,0.5833333333333333,0.6941107910570234,0.3058892089429772,0.9686738939771957,0.03132610602280785
371,74.2494996664443,0.5,0.5,0.5833333333333333,0.6947867887494932,0.3052132112505075,0.9686597991519706,0.0313402008480257
372,74.44963308872582,0.5,0.5,0.5833333333333333,0.6954533959797037,0.30454660402029704,0.9686412775113297,0.03135872248865887
373,74.64976651100733,0.5,0.5,0.5833333333333333,0.6961107398582468,0.3038892601417539,0.9686183829614848,0.03138161703849641
374,74.84989993328885,0.5,0.5,0.5833333333333333,0.6967589449124331,0.3032410550875676,0.9685911669971256,0.0314088330028508
375,75.05003335557038,0.5,0.5,0.5833333333333333,0.6973981331416559,0.3026018668583447,0.9685596787626355,0.031440321237340335
376,75.2501667778519,0.5,0.5,0.5833333333333333,0.698028424073728,0.30197157592627266,0.9685239649638768,0.03147603503610138
377,75.45030020013341,0.5,0.5,0.5833333333333333,0.6986499348132298,0.3013500651867708,0.9684840702096069,0.031515929790376394
378,75.65043362241494,0.5,0.5,0.5833333333333333,0.6992627800936154,0.3007372199063852,0.9684400370292559,0.03155996297073524
379,75.85056704469646,0.5,0.5,0.5833333333333333,0.6998670723273827,0.300132927672618,0.9683919059358935,0.03160809406410731
380,76.05070046697799,0.5,0.5,0.5833333333333333,0.7004629216547859,0.2995370783452148,0.9683397155061733,0.03166028449383768
381,76.2508338892595,0.5,0.5,0.5833333333333333,0.7010504359911077,0.29894956400889283,0.9682835024450223,0.03171649755499717
382,76.45096731154102,0.5,0.5,0.5833333333333333,0.7016297210698839,0.2983702789301167,0.9682233015115499,0.0317766984884773
383,76.65110073382255,0.5,0.5,0.5833333333333333,0.7022008804914965,0.29779911950850396,0.96815914574689,0.03184085425314379
384,76.85123415610407,0.5,0.5,0.5833333333333333,0.7027640157670076,0.29723598423299286,0.9680910665273089,0.031908933472729106
385,77.0513675783856,0.5,0.5,0.5833333333333333,0.7033192263606401,0.29668077363936046,0.9680190936014981,0.03198090639854078
386,77.2515010006671,0.5,0.5,0.5833333333333333,0.7038666097317952,0.2961333902682054,0.9679432551523931,0.032056744847641615
387,77.45163442294863,0.5,0.5,0.5833333333333333,0.7044062613761047,0.2955937386238958,0.9678635778552633,0.03213642214476081
388,77.65176784523015,0.5,0.5,0.5833333333333333,0.7049382748660665,0.29506172513393414,0.9677800868445806,0.032219913155427264
389,77.85190126751168,0.5,0.5,0.5833333333333333,0.7054627418898376,0.29453725811016307,0.9676928058369123,0.03230719416307491
390,78.05203468979319,0.5,0.5,0.5833333333333333,0.705979752289409,0.29402024771059154,0.9676017572080821,0.03239824279188202
391,78.25216811207471,0.5,0.5,0.5833333333333333,0.7064893940982411,0.29351060590175954,0.9675069620164415,0.03249303798350019
392,78.45230153435624,0.5,0.5,0.5833333333333333,0.706991753577922,0.2930082464220786,0.9674084400518844,0.03259155994804028
393,78.65243495663776,0.5,0.5,0.5833333333333333,0.7074869152540332,0.2925130847459674,0.9673062098840329,0.0326937901158872
394,78.85256837891927,0.5,0.5,0.5833333333333333,0.7079749619467508,0.29202503805324975,0.9672002888556972,0.03279971114423128
395,79.0527018012008,0.5,0.5,0.5833333333333333,0.7084559748060588,0.2915440251939418,0.9670906931400893,0.03290930685985685
396,79.25283522348232,0.5,0.5,0.5833333333333333,0.7089300333490086,0.29106996665099194,0.9669774378307631,0.03302256216920964
397,79.45296864576385,0.5,0.5,0.5833333333333333,0.7093972154898913,0.2906027845101093,0.9668605369543173,0.03313946304568854
398,79.65310206804536,0.5,0.5,0.5833333333333333,0.7098575975719978,0.29014240242800277,0.9667400035099422,0.03325999649009886
399,79.85323549032688,0.5,0.5,0.5833333333333333,0.7103112543987032,0.2896887456012974,0.9666158495083753,0.0333841504916954
400,80.0533689126084,0.5,0.5,0.5833333333333333,0.71075825926046,0.2892417407395407,0.9664880859663951,0.03351191403369969
401,80.25350233488993,0.5,0.5,0.5833333333333333,0.7111986839631729,0.28880131603682774,0.966356722926625,0.03364327707349992
402,80.45363575717144,0.5,0.5,0.5833333333333333,0.7116325988647922,0.2883674011352085,0.9662217695899155,0.033778230410242874
403,80.65376917945296,0.5,0.5,0.5833333333333333,0.7120600729000068,0.2879399270999938,0.9660832343026918,0.03391676569749835
404,80.85390260173449,0.5,0.5,0.5833333333333333,0.7124811736080516,0.28751882639194903,0.9659411245911331,0.034058875409079974
405,81.05403602401601,0.5,0.5,0.5833333333333333,0.7128959671600386,0.2871040328399621,0.965795447196047,0.03420455280416978
406,81.25416944629752,0.5,0.5,0.5833333333333333,0.7133045183857791,0.28669548161422154,0.9656462081077957,0.034353791892391905
407,81.45430286857905,0.5,0.5,0.5833333333333333,0.7137068908001242,0.28629310919987655,0.965493412601393,0.03450658739871429
408,81.65443629086057,0.5,0.5,0.5833333333333333,0.7141031466288356,0.28589685337116505,0.9653370652717765,0.034662934728176276
409,81.8545697131421,0.5,0.5,0.5833333333333333,0.7144933468143262,0.2855066531856744,0.9651771698566092,0.03482283014312386
410,82.05470313542361,0.5,0.5,0.5833333333333333,0.7148775510486788,0.28512244895132177,0.9650137293587354,0.034986270640737754
411,82.25483655770513,0.5,0.5,0.5833333333333333,0.7152558178173027,0.2847441821826978,0.9648467462882881,0.03515325371088806
412,82.45496997998666,0.5,0.5,0.5833333333333333,0.7156282044097468,0.2843717955902538,0.9646762225545162,0.03532377744433294
413,82.65510340226818,0.5,0.5,0.5833333333333333,0.7159947669427156,0.28400523305728503,0.9645021594938591,0.035497840504643524
414,82.85523682454969,0.5,0.5,0.5833333333333333,0.716355560382699,0.28364443961730157,0.9643245578980965,0.035675442100056076
415,83.05537024683122,0.5,0.5,0.5833333333333333,0.7167106385682401,0.2832893614317605,0.9641434180426524,0.03585658195516791
416,83.25550366911274,0.5,0.5,0.5833333333333333,0.7170600542318615,0.2829399457681391,0.9639587397151411,0.03604126028239338
417,83.45563709139427,0.5,0.5,0.5833333333333333,0.7174038590210267,0.2825961409789739,0.9637705222400192,0.036229477757311036
418,83.65577051367578,0.5,0.5,0.5833333333333333,0.7177421034892454,0.28225789651075517,0.9635787643114285,0.03642123568576921
419,83.8559039359573,0.5,0.5,0.5833333333333333,0.7180748371433499,0.2819251628566507,0.9633834641935309,0.036616535803597895
420,84.05603735823883,0.5,0.5,0.5833333333333333,0.718402108473561,0.28159789152643955,0.9631846198111303,0.03681538018600543
421,84.25617078052035,0.5,0.5,0.5833333333333333,0.7187239649613735,0.28127603503862714,0.9629822286981935,0.03701777129903633
422,84.45630420280186,0.5,0.5,0.5833333333333333,0.7190404530986777,0.2809595469013228,0.9627762880214984,0.03722371197592263
423,84.65643762508338,0.5,0.5,0.5833333333333333,0.7193516184065925,0.2806483815934081,0.962566794604388,0.03743320539332876
424,84.85657104736491,0.5,0.5,0.5833333333333333,0.7196575054540236,0.280342494545977,0.9623537449506875,0.037646255047434664
425,85.05670446964643,0.5,0.5,0.5833333333333333,0.7199581578759714,0.28004184212402916,0.9621371352688359,0.03786286472980209
426,85.25683789192794,0.5,0.5,0.5833333333333333,0.7202536183899069,0.27974638161009374,0.9619169614866361,0.03808303851262417
427,85.45697131420947,0.5,0.5,0.5833333333333333,0.7205439287896306,0.27945607121036997,0.9616932191392706,0.03830678086070127
428,85.657104736491,0.5,0.5,0.5833333333333333,0.7208291299911728,0.2791708700088279,0.9614659035553257,0.0385340964454241
429,85.85723815877252,0.5,0.5,0.5833333333333333,0.721109262048319,0.27889073795168157,0.9612350098712232,0.03876499013033946
430,86.05737158105403,0.5,0.5,0.5833333333333333,0.7213843641632226,0.27861563583677806,0.9610005330190613,0.038999466983307016
431,86.25750500333555,0.5,0.5,0.5833333333333333,0.7216544747026413,0.2783455252973593,0.960762467747871,0.039237532255240286
432,86.45763842561708,0.5,0.5,0.5833333333333333,0.7219196312139704,0.27808036878603026,0.9605208086450068,0.03947919135871485
433,86.6577718478986,0.5,0.5,0.5833333333333333,0.7221798704410823,0.2778201295589183,0.9602755501577052,0.03972444984640714
434,86.85790527018011,0.5,0.5,0.5833333333333333,0.722435228339992,0.27756477166000865,0.9600266866148504,0.039973313389326984
435,87.05803869246164,0.5,0.5,0.5833333333333333,0.7226857400911827,0.2773142599088178,0.9597742122357101,0.040225787768111546
436,87.25817211474316,0.5,0.5,0.5833333333333333,0.7229314400954205,0.27706855990458007,0.9595181210706027,0.040481878932554345
437,87.45830553702469,0.5,0.5,0.5833333333333333,0.7231723620176155,0.2768276379823851,0.9592584071430759,0.04074159285913321
438,87.6584389593062,0.5,0.5,0.5833333333333333,0.7234085387944951,0.27659146120550543,0.9589950644417863,0.0410049355592026
439,87.85857238158772,0.5,0.5,0.5833333333333333,0.7236400026457976,0.27635999735420297,0.9587280869278909,0.041271913071639015
440,88.05870580386924,0.5,0.5,0.5833333333333333,0.7238667850883889,0.27613321491161175,0.9584574685554224,0.04154253144247038
441,88.25883922615077,0.5,0.5,0.5833333333333333,0.724088916950239,0.2759110830497615,0.9581832032918297,0.041816796704340554
442,88.45897264843228,0.5,0.5,0.5833333333333333,0.7243064283842718,0.27569357161572866,0.9579052851387106,0.04209471485578368
443,88.6591060707138,0.5,0.5,0.5833333333333333,0.724519348882098,0.27548065111790254,0.9576237081527589,0.04237629184028345
444,88.85923949299533,0.5,0.5,0.5833333333333333,0.7247277072828537,0.27527229271714687,0.9573384664500761,0.04266153354187773
445,89.05937291527685,0.5,0.5,0.5833333333333333,0.7249315317731743,0.27506846822682635,0.9570495541798527,0.042950445811230815
446,89.25950633755836,0.5,0.5,0.5833333333333333,0.7251308499258994,0.2748691500741012,0.9567569656349977,0.043243034355487056
447,89.45963975983989,0.5,0.5,0.5833333333333333,0.7253256887039197,0.27467431129608094,0.9564606952405663,0.04353930474967316
448,89.65977318212141,0.5,0.5,0.5833333333333333,0.7255160744715408,0.27448392552845985,0.95616073756919,0.04383926242124088
449,89.85990660440294,0.5,0.5,0.5833333333333333,0.7257020330070887,0.2742979669929119,0.9558570873613785,0.04414291262976176
450,90.06004002668445,0.5,0.5,0.5833333333333333,0.725883589515425,0.2741164104845757,0.9555497395460009,0.04445026044644432
451,90.26017344896597,0.5,0.5,0.5833333333333333,0.7260607686403843,0.27393923135961634,0.9552386892609579,0.04476131073345721
452,90.4603068712475,0.5,0.5,0.5833333333333333,0.7262335944771433,0.2737664055228573,0.9549239318740669,0.04507606812304128
453,90.66044029352902,0.5,0.5,0.5833333333333333,0.72640209057915,0.27359790942085066,0.9546054629847096,0.04539453701579764
454,90.86057371581053,0.5,0.5,0.5833333333333333,0.7265662799645548,0.2734337200354458,0.9542832784240982,0.045716721580352206
455,91.06070713809206,0.5,0.5,0.5833333333333333,0.7267261851448659,0.27327381485513474,0.9539573743363171,0.04604262567249103
456,91.26084056037358,0.5,0.5,0.5833333333333333,0.7268818281293391,0.2731181718706615,0.9536277471719838,0.04637225284140685
457,91.4609739826551,0.5,0.5,0.5833333333333333,0.7270332304363601,0.2729667695636404,0.9532943937075548,0.0467056063103785
458,91.66110740493662,0.5,0.5,0.5833333333333333,0.72718041310511,0.2728195868948906,0.9529573110659962,0.047042688956086855
459,91.86124082721814,0.5,0.5,0.5833333333333333,0.7273233967071895,0.2726766032928111,0.9526164967376267,0.047383503287759664
460,92.06137424949966,0.5,0.5,0.5833333333333333,0.7274622013582113,0.2725377986417893,0.9522719486011388,0.04772805142613435
461,92.26150767178119,0.5,0.5,0.5833333333333333,0.7275968467293675,0.2724031532706331,0.9519236649448135,0.0480763350822284
462,92.4616410940627,0.5,0.5,0.5833333333333333,0.7277273520521055,0.2722726479478952,0.9515716444648677,0.048428355559779084
463,92.66177451634422,0.5,0.5,0.5833333333333333,0.7278537361294901,0.27214626387051044,0.9512158862864724,0.048784113734228446
464,92.86190793862575,0.5,0.5,0.5833333333333333,0.7279760173586934,0.27202398264130717,0.9508563900223203,0.049143609992855206
465,93.06204136090727,0.5,0.5,0.5833333333333333,0.7280942137360724,0.27190578626392814,0.9504931557729853,0.049506844235152746
466,93.26217478318878,0.5,0.5,0.5833333333333333,0.7282083428683074,0.27179165713169323,0.9501261841477918,0.04987381585198788
467,93.46230820547031,0.5,0.5,0.5833333333333333,0.7283184219835526,0.27168157801644804,0.9497554762858996,0.050244523704545255
468,93.66244162775183,0.5,0.5,0.5833333333333333,0.7284244679425846,0.27157553205741597,0.9493810338775255,0.05061896610313723
469,93.86257505003336,0.5,0.5,0.5833333333333333,0.7285264972499539,0.27147350275004667,0.9490028591853082,0.05099714078587402
470,94.06270847231487,0.5,0.5,0.5833333333333333,0.7286245260650623,0.2713754739349382,0.9486209550654884,0.05137904489750915
471,94.26284189459639,0.5,0.5,0.5833333333333333,0.7287185702001601,0.27128142979984055,0.9482353249368608,0.05176467501848384
472,94.46297531687792,0.5,0.5,0.5833333333333333,0.7288086451424636,0.27119135485753704,0.9478459728462506,0.05215402710118899
473,94.66310873915944,0.5,0.5,0.5833333333333333,0.7288947660734599,0.2711052339265406,0.9474529035227766,0.0525470964170036
474,94.86324216144095,0.5,0.5,0.5833333333333333,0.7289769478725868,0.27102305212741384,0.9470561223696538,0.05294387756336651
475,95.06337558372248,0.5,0.5,0.5833333333333333,0.729055205128336,0.27094479487166456,0.9466556354856822,0.053344364442311575
476,95.263509006004,0.5,0.5,0.5833333333333333,0.7291295521493968,0.2708704478506038,0.946251449686863,0.05374855023887729
477,95.46364242828552,0.5,0.5,0.5833333333333333,0.7292000029758422,0.27079999702415836,0.9458435725281448,0.05415642739938771
478,95.66377585056703,0.5,0.5,0.5833333333333333,0.7292665713903679,0.27073342860963273,0.9454320123253062,0.054567987609599966
479,95.86390927284856,0.5,0.5,0.5833333333333333,0.7293292709295878,0.27067072907041284,0.9450167781769766,0.05498322177271492
480,96.06404269513008,0.5,0.5,0.5833333333333333,0.729388114895395,0.27061188510460565,0.9445978799868017,0.055402119987246264
481,96.26417611741161,0.5,0.5,0.5833333333333333,0.7294431163663929,0.2705568836336077,0.9441753284857549,0.055824671524744796
482,96.46430953969312,0.5,0.5,0.5833333333333333,0.7294942882094044,0.27050571179059624,0.9437491352546016,0.05625086480737337
483,96.66444296197464,0.5,0.5,0.5833333333333333,0.7295416430715754,0.27045835692842524,0.9433193126658836,0.05668068746330887
484,96.86457638425617,0.5,0.5,0.5833333333333333,0.7295851933616069,0.27041480663839373,0.9428858737807052,0.05711412642585331
485,97.06470980653769,0.5,0.5,0.5833333333333333,0.7296249513447376,0.2703750486552631,0.9424488327159213,0.05755116757762225
486,97.2648432288192,0.5,0.5,0.5833333333333333,0.7296609291179041,0.2703390708820965,0.9420082045153042,0.057991795874424996
487,97.46497665110073,0.5,0.5,0.5833333333333333,0.729693138618049,0.2703068613819517,0.9415640051575718,0.05843599533678654
488,97.66511007338225,0.5,0.5,0.5833333333333333,0.7297215916334384,0.2702784083665623,0.9411162515765639,0.05888374902971691
489,97.86524349566378,0.5,0.5,0.5833333333333333,0.7297462998150527,0.27025370018494793,0.9406649616813876,0.05933503904250763
490,98.06537691794529,0.5,0.5,0.5833333333333333,0.7297672746880547,0.27023272531194603,0.9402101543765303,0.05978984646855671
491,98.26551034022681,0.5,0.5,0.5833333333333333,0.7297845276633395,0.2702154723366612,0.9397518495819375,0.06024815138522437
492,98.46564376250834,0.5,0.5,0.5833333333333333,0.7297980700491731,0.2702019299508276,0.9392900682530528,0.06070993283372091
493,98.66577718478986,0.5,0.5,0.5833333333333333,0.7298079130629229,0.2701920869370778,0.9388248324008212,0.06117516879902911
494,98.86591060707137,0.5,0.5,0.5833333333333333,0.7298140678428862,0.27018593215711445,0.9383561651116483,0.06164383618986273
495,99.0660440293529,0.5,0.5,0.5833333333333333,0.7298165454558418,0.27018345454415865,0.9378840905509502,0.062115910835650205
496,99.26617745163442,0.5,0.5,0.5833333333333333,0.7298153568486653,0.2701846431513353,0.9374086337572002,0.06259136770092447
497,99.46631087391594,0.5,0.5,0.5833333333333333,0.729810512943028,0.27018948705697254,0.9369298209702617,0.06307018054524428
498,99.66644429619745,0.5,0.5,0.5833333333333333,0.7298020246398342,0.2701979753601663,0.9364476796218864,0.06355232193370122
499,99.86657771847898,0.5,0.5,0.5833333333333333,0.7297899028140256,0.270210097185975,0.9359622382897046,0.06403776328530511
500,100.0667111407605,0.5,0.5,0.5833333333333333,0.729774158326236,0.2702258416737645,0.9354735267136584,0.06452647485656049
501,100.26684456304203,0.5,0.5,0.5833333333333333,0.7297548020345245,0.2702451979654761,0.9349815758121692,0.06501842572531175
502,100.46697798532354,0.5,0.5,0.5833333333333333,0.7297318448061868,0.27026815519381375,0.9344864176980312,0.06551358377486478
503,100.66711140760506,0.5,0.5,0.5833333333333333,0.7297052975296523,0.2702947024703483,0.9339880856940215,0.0660119156783936
504,100.86724482988659,0.5,0.5,0.5833333333333333,0.7296751711264667,0.2703248288735339,0.9334866143482207,0.06651338688363981
505,101.06737825216811,0.5,0.5,0.5833333333333333,0.7296414765633669,0.2703585234366337,0.9329820394490342,0.0670179615979139
506,101.26751167444962,0.5,0.5,0.5833333333333333,0.7296042248644483,0.27039577513555224,0.932474398039907,0.06752560277340594
507,101.46764509673115,0.5,0.5,0.5833333333333333,0.7295634271234311,0.27043657287656947,0.9319637284337219,0.0680362720928144
508,101.66777851901267,0.5,0.5,0.5833333333333333,0.729519094471916,0.27048090552808457,0.9314500700862672,0.06854993010485709
509,101.8679119412942,0.5,0.5,0.5833333333333333,0.7294712381011146,0.2705287618988859,0.9309334636394959,0.06906653617916655
510,102.0680453635757,0.5,0.5,0.5833333333333333,0.7294198693449907,0.27058013065500985,0.9304139511598618,0.06958604825368227
511,102.26817878585723,0.5,0.5,0.5833333333333333,0.7293649996492138,0.27063500035078675,0.9298915760119594,0.07010842296991998
512,102.46831220813876,0.5,0.5,0.5833333333333333,0.7293066405828735,0.27069335941712697,0.9293663828677495,0.07063361566401224
513,102.66844563042028,0.5,0.5,0.5833333333333333,0.7292448038504015,0.27075519614959903,0.928838417715705,0.0711615803578126
514,102.8685790527018,0.5,0.5,0.5833333333333333,0.7291795013035502,0.27082049869645025,0.9283077278693812,0.071692269750592
515,103.06871247498331,0.5,0.5,0.5833333333333333,0.7291107449534329,0.2708892550465676,0.9277743619753974,0.07222563521134184
516,103.26884589726484,0.5,0.5,0.5833333333333333,0.7290385469826223,0.2709614530173783,0.9272383700208127,0.07276162677169856
517,103.46897931954636,0.5,0.5,0.5833333333333333,0.7289629197573134,0.2710370802426871,0.9266998033398866,0.07330019311950345
518,103.66911274182789,0.5,0.5,0.5833333333333333,0.7288838758395503,0.2711161241604502,0.9261587146202053,0.07384128159301301
519,103.8692461641094,0.5,0.5,0.5833333333333333,0.7288014279995176,0.27119857200048286,0.9256151579081644,0.07438483817577375
520,104.06937958639092,0.5,0.5,0.5833333333333333,0.7287155892115234,0.27128441078847715,0.9250691885632516,0.07493080752960653
521,104.26951300867245,0.5,0.5,0.5833333333333333,0.7286263726044253,0.2713736273955751,0.9245208630708677,0.07547913313255618
522,104.46964643095397,0.5,0.5,0.5833333333333333,0.7285337915937274,0.27146620840627306,0.9239702394148445,0.0760297570025134
523,104.66977985323548,0.5,0.5,0.5833333333333333,0.7284378598533455,0.2715621401466549,0.9234173769542864,0.07658261978815015
524,104.869913275517,0.5,0.5,0.5833333333333333,0.7283385913181646,0.2716614086818358,0.9228623363944808,0.07713766079039258
525,105.07004669779853,0.5,0.5,0.5833333333333333,0.728236000195678,0.27176399980432236,0.9223051797848768,0.077694817964057
526,105.27018012008006,0.5,0.5,0.5833333333333333,0.7281301009776348,0.27186989902236564,0.9217459705161043,0.07825402792041188
527,105.47031354236157,0.5,0.5,0.5833333333333333,0.7280209084516931,0.27197909154830735,0.9211847733160134,0.0788152259306842
528,105.67044696464309,0.5,0.5,0.5833333333333333,0.7279084377130804,0.27209156228691994,0.9206216542447152,0.07937834593052982
529,105.87058038692462,0.5,0.5,0.5833333333333333,0.72779270417626,0.2722072958237405,0.9200566806886009,0.07994332052548613
530,106.07071380920614,0.5,0.5,0.5833333333333333,0.7276737235866011,0.27232627641339935,0.9194899213533221,0.08051008099742708
531,106.27084723148765,0.5,0.5,0.5833333333333333,0.727551512032057,0.2724484879679434,0.9189214462557099,0.08107855731203908
532,106.47098065376917,0.5,0.5,0.5833333333333333,0.727426085952904,0.27257391404709636,0.9183513267136373,0.08164867812871535
533,106.6711140760507,0.5,0.5,0.5833333333333333,0.7272974620643817,0.27270253793561866,0.9177796352909683,0.08222037087335672
534,106.87124749833222,0.5,0.5,0.5833333333333333,0.7271656574618961,0.27283434253810424,0.9172064458332108,0.08279356168262662
535,107.07138092061373,0.5,0.5,0.5833333333333333,0.7270306896578163,0.27296931034218413,0.9166318334676172,0.08336817539787704
536,107.27151434289526,0.5,0.5,0.5833333333333333,0.7268925765538162,0.27310742344618416,0.9160558745697046,0.08394413560595851
537,107.47164776517678,0.5,0.5,0.5833333333333333,0.7267513364512417,0.27324866354875876,0.9154786467477161,0.0845213646541684
538,107.67178118745831,0.5,0.5,0.5833333333333333,0.7266069880613908,0.27339301193860954,0.9149002288258355,0.08509978366641624
539,107.87191460973982,0.5,0.5,0.5833333333333333,0.7264595505157079,0.2735404494842925,0.9143207008261367,0.08567931256062629
540,108.07204803202134,0.5,0.5,0.5833333333333333,0.7263090433758848,0.27369095662411563,0.9137401439492406,0.08625987006739877
541,108.27218145430287,0.5,0.5,0.5833333333333333,0.7261554866438694,0.27384451335613097,0.9131586405536648,0.08684137374995003
542,108.47231487658439,0.5,0.5,0.5833333333333333,0.725998900771777,0.2740010992282234,0.9125762741338388,0.08742374002535334
543,108.6724482988659,0.5,0.5,0.5833333333333333,0.7258393066717008,0.2741606933282995,0.9119931292967665,0.08800688418710051
544,108.87258172114743,0.5,0.5,0.5833333333333333,0.725676725725421,0.27432327427457937,0.9114092917373132,0.08859072042900593
545,109.07271514342895,0.5,0.5,0.5833333333333333,0.7255111797411872,0.2744888202588132,0.9108248483618705,0.08917516183187663
546,109.27284856571048,0.5,0.5,0.5833333333333333,0.7253426909225819,0.2746573090774186,0.9102398873760397,0.08976012036047323
547,109.47298198799199,0.5,0.5,0.5833333333333333,0.725171282042109,0.27482871795789143,0.9096544977900385,0.09034550701155597
548,109.67311541027351,0.5,0.5,0.5833333333333333,0.7249969763690789,0.27500302363092155,0.9090687696190396,0.09093123178389761
549,109.87324883255503,0.5,0.5,0.5833333333333333,0.724819797673925,0.2751802023260755,0.9084827938649606,0.09151720370568
550,110.07338225483656,0.5,0.5,0.5833333333333333,0.7246397702355234,0.275360229764477,0.9078966624878927,0.09210333086564074
551,110.27351567711807,0.5,0.5,0.5833333333333333,0.72445691884828,0.2755430811517205,0.9073104683763146,0.09268952044562814
552,110.4736490993996,0.5,0.5,0.5833333333333333,0.7242712688289764,0.275728731171024,0.9067243053160775,0.09327567875458326
553,110.67378252168112,0.5,0.5,0.5833333333333333,0.7240828460233727,0.2759171539766278,0.906138267958151,0.09386171126396707
554,110.87391594396264,0.5,0.5,0.5833333333333333,0.7238916768125561,0.2761083231874444,0.9055524517851146,0.09444752264465237
555,111.07404936624415,0.5,0.5,0.5833333333333333,0.723697788119034,0.2763022118809665,0.9049669530763848,0.09503301680529795
556,111.27418278852568,0.5,0.5,0.5833333333333333,0.7235012074125615,0.2764987925874389,0.9043818688721632,0.09561809693222462
557,111.4743162108072,0.5,0.5,0.5833333333333333,0.7233019626590758,0.2766980373409247,0.9037972967944067,0.09620266554944276
558,111.67444963308873,0.5,0.5,0.5833333333333333,0.7231000825116047,0.2768999174883957,0.9032133353794017,0.09678662393548754
559,111.87458305537024,0.5,0.5,0.5833333333333333,0.7228955959934312,0.27710440400656927,0.9026300833811688,0.09736987317454016
560,112.07471647765176,0.5,0.5,0.5833333333333333,0.7226885327886575,0.2773114672113429,0.9020476403838025,0.09795231373498266
561,112.27484989993329,0.5,0.5,0.5833333333333333,0.7224789231466437,0.2775210768533567,0.9014661065070632,0.0985338455402233
562,112.47498332221481,0.5,0.5,0.5833333333333333,0.7222667978858106,0.2777332021141899,0.9008855823606599,0.0991143680123358
563,112.67511674449632,0.5,0.5,0.5833333333333333,0.7220521883970272,0.2779478116029732,0.9003061689968488,0.0996937801170672
564,112.87525016677785,0.5,0.5,0.5833333333333333,0.7218351266465857,0.2781648733534148,0.8997279678613468,0.100271980410215
565,113.07538358905937,0.5,0.5,0.5833333333333333,0.7216156451787595,0.2783843548212409,0.8991510807425588,0.10084886708537272
566,113.2755170113409,0.5,0.5,0.5833333333333333,0.7213937771179488,0.2786062228820516,0.8985756097191211,0.10142433802304471
567,113.4756504336224,0.5,0.5,0.5833333333333333,0.7211695561704103,0.2788304438295901,0.8980016571057585,0.10199829084112978
568,113.67578385590393,0.5,0.5,0.5833333333333333,0.7209430166255728,0.27905698337442764,0.897429325397457,0.10257062294677385
569,113.87591727818545,0.5,0.5,0.5833333333333333,0.7207141933569199,0.27928580664308045,0.8968587172121505,0.10314123158954729
570,114.07605070046698,0.5,0.5,0.5833333333333333,0.7204831217702737,0.27951687822972665,0.8962899357999554,0.1037100137913815
571,114.27618412274849,0.5,0.5,0.5833333333333333,0.7202498377293095,0.2797501622706909,0.8957230857941272,0.10427686622449615
572,114.47631754503001,0.5,0.5,0.5833333333333333,0.720014377651448,0.27998562234855234,0.8951582721010741,0.10484168538569721
573,114.67645096731154,0.5,0.5,0.5833333333333333,0.7197767788506138,0.28022322114938664,0.8945955960974709,0.10540436802951014
574,114.87658438959306,0.5,0.5,0.5833333333333333,0.71953707938529,0.2804629206147104,0.8940351572117923,0.1059648110155429
575,115.07671781187457,0.5,0.5,0.5833333333333333,0.71929531753744,0.28070468246256036,0.8934770585745113,0.10652291128096963
576,115.2768512341561,0.5,0.5,0.5833333333333333,0.7190515319289632,0.2809484680710372,0.892921405667007,0.10707856603969237
577,115.47698465643762,0.5,0.5,0.5833333333333333,0.7188057618927295,0.2811942381072709,0.8923683021300823,0.10763167268827153
578,115.67711807871915,0.5,0.5,0.5833333333333333,0.718558047505745,0.28144195249425535,0.8918178492937596,0.10818212877095228
579,115.87725150100066,0.5,0.5,0.5833333333333333,0.7183084293644906,0.2816915706355099,0.8912701485440173,0.10872983212737011
580,116.07738492328218,0.5,0.5,0.5833333333333333,0.7180569485238232,0.2819430514761772,0.890725301868359,0.10927468102701925
581,116.2775183455637,0.5,0.5,0.5833333333333333,0.7178036466322629,0.2821963533677375,0.8901834102557791,0.10981657410701946
582,116.47765176784523,0.5,0.5,0.5833333333333333,0.7175485658282301,0.28245143417177027,0.889644574785462,0.11035541054786886
583,116.67778519012674,0.5,0.5,0.5833333333333333,0.7172917487338735,0.282708251266127,0.8891088965395139,0.11089109012037997
584,116.87791861240827,0.5,0.5,0.5833333333333333,0.7170332385595981,0.2829667614404022,0.8885764752599212,0.11142351307297793
585,117.07805203468979,0.5,0.5,0.5833333333333333,0.7167730790717064,0.28322692092829405,0.8880474095886196,0.11195258022278315
586,117.27818545697131,0.5,0.5,0.5833333333333333,0.7165113144696368,0.28348868553036366,0.887521798329191,0.11247819317673326
587,117.47831887925283,0.5,0.5,0.5833333333333333,0.7162479894617322,0.28375201053826826,0.8869997394235777,0.11300025426062481
588,117.67845230153435,0.5,0.5,0.5833333333333333,0.7159831493563183,0.28401685064368204,0.8864813287497593,0.11351866642546729
589,117.87858572381587,0.5,0.5,0.5833333333333333,0.7157168399079665,0.28428316009203397,0.885966661714168,0.114033333509995
590,118.0787191460974,0.5,0.5,0.5833333333333333,0.7154491071759114,0.28455089282408913,0.8854558347011277,0.11454416048479549
591,118.27885256837891,0.5,0.5,0.5833333333333333,0.715179997782051,0.2848200022179495,0.8849489419834182,0.11505105311888497
592,118.47898599066043,0.5,0.5,0.5833333333333333,0.7149095588027975,0.2850904411972029,0.8844460767663,0.11555391817014757
593,118.67911941294196,0.5,0.5,0.5833333333333333,0.7146378377225066,0.28536216227749395,0.8839473314351267,0.11605266346649064
594,118.87925283522348,0.5,0.5,0.5833333333333333,0.7143648824645554,0.285635117535445,0.8834527971532354,0.11654719792336167
595,119.07938625750499,0.5,0.5,0.5833333333333333,0.7140907413733558,0.2859092586266447,0.8829625638623166,0.11703743159962571
596,119.27951967978652,0.5,0.5,0.5833333333333333,0.7138154631849897,0.2861845368150108,0.8824767202791706,0.11752327573912613
597,119.47965310206804,0.5,0.5,0.5833333333333333,0.713539097026869,0.2864609029731315,0.8819953538057447,0.11800464282579862
598,119.67978652434957,0.5,0.5,0.5833333333333333,0.7132616924099652,0.2867383075900354,0.8815185504577133,0.11848144663443884
599,119.87991994663108,0.5,0.5,0.5833333333333333,0.71298329918615,0.28701670081385056,0.8810463950273826,0.11895360229455548
600,120.0800533689126,0.5,0.5,0.5833333333333333,0.7127039675276526,0.2872960324723479,0.8805789710932408,0.11942102634483177
601,120.28018679119413,0.5,0.5,0.5833333333333333,0.7124237479412078,0.28757625205879267,0.8801163607651761,0.11988363676745126
602,120.48032021347565,0.5,0.5,0.5833333333333333,0.7121426912289653,0.28785730877103516,0.8796586446383767,0.12034135307048816
603,120.68045363575716,0.5,0.5,0.5833333333333333,0.7118608485427631,0.2881391514572374,0.8792059018199576,0.12079409609020082
604,120.88058705803869,0.5,0.5,0.5833333333333333,0.7115782712372889,0.28842172876271155,0.8787582096392166,0.12124178848757235
605,121.08072048032021,0.5,0.5,0.5833333333333333,0.7112950109745243,0.2887049890254761,0.878315643961722,0.12168435439928962
606,121.28085390260173,0.5,0.5,0.5833333333333333,0.7110111196245383,0.2889888803754621,0.8778782789629995,0.12212171964712658
607,121.48098732488324,0.5,0.5,0.5833333333333333,0.7107266493007525,0.289273350699248,0.8774461871066137,0.12255381174350641
608,121.68112074716477,0.5,0.5,0.5833333333333333,0.7104416523562248,0.2895583476437756,0.8770194391464776,0.12298055989091548
609,121.8812541694463,0.5,0.5,0.5833333333333333,0.7101561813367558,0.28984381866324455,0.8765981040817192,0.12340189505163932
610,122.08138759172782,0.5,0.5,0.5833333333333333,0.709870288816285,0.2901297111837155,0.8761822489719414,0.12381775021987239
611,122.28152101400933,0.5,0.5,0.5833333333333333,0.7095840276377713,0.2904159723622292,0.8757719392075716,0.12422806002351182
612,122.48165443629085,0.5,0.5,0.5833333333333333,0.7092974508529398,0.29070254914706056,0.8753672384422367,0.12463276082376429
613,122.68178785857238,0.5,0.5,0.5833333333333333,0.709010611588731,0.2909893884112695,0.874968208349066,0.1250317909587605
614,122.8819212808539,0.5,0.5,0.5833333333333333,0.7087235628407513,0.29127643715924906,0.8745749082265006,0.1254250911245351
615,123.08205470313541,0.5,0.5,0.5833333333333333,0.7084363578782363,0.29156364212176406,0.8741873957711482,0.1258126036280716
616,123.28218812541694,0.5,0.5,0.5833333333333333,0.7081490501045742,0.29185094989542626,0.8738057268115988,0.12619427264456595
617,123.48232154769846,0.5,0.5,0.5833333333333333,0.7078616928512704,0.2921383071487299,0.8734299549857414,0.12657004453521292
618,123.68245496997999,0.5,0.5,0.5833333333333333,0.707574339284118,0.29242566071588244,0.8730601315953609,0.12693986799056073
619,123.8825883922615,0.5,0.5,0.5833333333333333,0.7072870427760841,0.29271295722391627,0.8726963061839771,0.12730369346081213
620,124.08272181454302,0.5,0.5,0.5833333333333333,0.7069998568824232,0.2930001431175772,0.8723385264478355,0.127661473236179
621,124.28285523682455,0.5,0.5,0.5833333333333333,0.7067128344133956,0.29328716558660484,0.8719868371505434,0.12801316256854
622,124.48298865910607,0.5,0.5,0.5833333333333333,0.7064260287197742,0.2935739712802261,0.8716412816269744,0.12835871811709976
623,124.68312208138758,0.5,0.5,0.5833333333333333,0.7061394928785605,0.29386050712143996,0.8713019008306434,0.12869809893296216
624,124.8832555036691,0.5,0.5,0.5833333333333333,0.7058532799581472,0.2941467200418532,0.8709687336485276,0.12903126613315793
625,125.08338892595063,0.5,0.5,0.5833333333333333,0.7055674425654639,0.29443255743453656,0.870641816517016,0.12935818327881698
626,125.28352234823215,0.5,0.5,0.5833333333333333,0.7052820332338019,0.2947179667661985,0.870321183737788,0.12967881606643672
627,125.48365577051366,0.5,0.5,0.5833333333333333,0.7049971044987436,0.29500289550125686,0.8700068675340146,0.1299931322739953
628,125.68378919279519,0.5,0.5,0.5833333333333333,0.704712708727875,0.29528729127212544,0.8696988979015674,0.1303011019082428
629,125.88392261507671,0.5,0.5,0.5833333333333333,0.7044288980926193,0.2955711019073812,0.8693973025785523,0.1306026972358687
630,126.08405603735824,0.5,0.5,0.5833333333333333,0.7041457245400697,0.2958542754599307,0.8691021070148437,0.13089789281466988
631,126.28418945963975,0.5,0.5,0.5833333333333333,0.7038632397224351,0.29613676027756525,0.86881333441466,0.1311866654463672
632,126.48432288192127,0.5,0.5,0.5833333333333333,0.7035814948006868,0.29641850519931373,0.8685310059959163,0.13146899389688696
633,126.6844563042028,0.5,0.5,0.5833333333333333,0.7033005406953553,0.29669945930464514,0.8682551404790462,0.1317448594431846
634,126.88458972648432,0.5,0.5,0.5833333333333333,0.7030204279729986,0.29697957202700187,0.8679857542036393,0.13201424574661616
635,127.08472314876583,0.5,0.5,0.5833333333333333,0.7027412067951622,0.29725879320483833,0.8677228611373871,0.13227713884182898
636,127.28485657104736,0.5,0.5,0.5833333333333333,0.7024629268870359,0.2975370731129645,0.8674664728510902,0.1325335271620577
637,127.48498999332888,0.5,0.5,0.5833333333333333,0.7021856375061108,0.29781436249388954,0.8672165984936672,0.13278340156442045
638,127.6851234156104,0.5,0.5,0.5833333333333333,0.7019093877628113,0.298090612237189,0.8669732455716387,0.13302675454036722
639,127.88525683789192,0.5,0.5,0.5833333333333333,0.7016342266354344,0.29836577336456593,0.8667364200299192,0.13326358013382947
640,128.08539026017345,0.5,0.5,0.5833333333333333,0.7013602023229998,0.29863979767700055,0.8665061248193378,0.1334938753921457
641,128.28552368245496,0.5,0.5,0.5833333333333333,0.701087362542536,0.29891263745746427,0.8662823606227609,0.13371763963056024
642,128.48565710473648,0.5,0.5,0.5833333333333333,0.7008157545091928,0.2991842454908076,0.8660651258562847,0.1339348744309974
643,128.685790527018,0.5,0.5,0.5833333333333333,0.7005454249143991,0.29945457508560125,0.8658544166659607,0.1341455836453601
644,128.88592394929952,0.5,0.5,0.5833333333333333,0.7002764199099677,0.2997235800900326,0.8656502269576724,0.13434977336582266
645,129.08605737158106,0.5,0.5,0.5833333333333333,0.7000087852072635,0.2999912147927368,0.8654525490686,0.13454745125636347
646,129.28619079386257,0.5,0.5,0.5833333333333333,0.6997425659269346,0.30025743407306565,0.8652613730478522,0.13473862726900204
647,129.48632421614408,0.5,0.5,0.5833333333333333,0.6994778065674685,0.3005221934325318,0.8650766865996501,0.1349233137004025
648,129.68645763842562,0.5,0.5,0.5833333333333333,0.6992145510190211,0.30078544898097914,0.8648984752789497,0.13510152499715114
649,129.88659106070713,0.5,0.5,0.5833333333333333,0.6989528425435837,0.3010471574564166,0.8647267224993656,0.13527327774790676
650,130.08672448298864,0.5,0.5,0.5833333333333333,0.698692723755149,0.3013072762448512,0.8645614095410932,0.13543859067555128
651,130.28685790527018,0.5,0.5,0.5833333333333333,0.6984342366338803,0.30156576336611984,0.8644025157175166,0.1355974844694013
652,130.4869913275517,0.5,0.5,0.5833333333333333,0.6981774226071024,0.3018225773928978,0.8642500188536686,0.13574998130310542
653,130.68712474983323,0.5,0.5,0.5833333333333333,0.6979223223453784,0.30207767765462173,0.864103894435029,0.13589610569270422
654,130.88725817211474,0.5,0.5,0.5833333333333333,0.69766897580632,0.3023310241936801,0.8639641159124627,0.13603588418942061
655,131.08739159439625,0.5,0.5,0.5833333333333333,0.6974174222266909,0.30258257777330927,0.8638306547658524,0.13616934531565905
656,131.2875250166778,0.5,0.5,0.5833333333333333,0.6971677001046617,0.30283229989533855,0.8637034805217699,0.13629651954733163
657,131.4876584389593,0.5,0.5,0.5833333333333333,0.6969198471820655,0.30308015281793477,0.8635825607711455,0.13641743929618405
658,131.6877918612408,0.5,0.5,0.5833333333333333,0.6966739005541857,0.3033260994458145,0.8634678615974081,0.13653213847732906
659,131.88792528352235,0.5,0.5,0.5833333333333333,0.6964298965486009,0.30357010345139934,0.8633593472613247,0.1366406528279085
660,132.08805870580386,0.5,0.5,0.5833333333333333,0.6961878707170374,0.30381212928296275,0.8632569802495615,0.13674301985820306
661,132.2881921280854,0.5,0.5,0.5833333333333333,0.6959478577715924,0.3040521422284077,0.8631607211441982,0.13683927898367523
662,132.4883255503669,0.5,0.5,0.5833333333333333,0.6957098916156718,0.30429010838432835,0.8630705287970837,0.13692947134895808
663,132.68845897264842,0.5,0.5,0.5833333333333333,0.6954740053276064,0.3045259946723937,0.8629863603518899,0.1370136398057531
664,132.88859239492996,0.5,0.5,0.5833333333333333,0.6952402311607936,0.3047597688392066,0.8629081713014308,0.13709182885616775
665,133.08872581721147,0.5,0.5,0.5833333333333333,0.6950086007486909,0.3049913992513093,0.8628359159772375,0.13716408417291115
666,133.28885923949298,0.5,0.5,0.5833333333333333,0.6947791448160692,0.30522085518393105,0.8627695469987826,0.13723045313776958
667,133.48899266177452,0.5,0.5,0.5833333333333333,0.694551893184242,0.3054481068157581,0.8627090153428286,0.1372909847730497
668,133.68912608405603,0.5,0.5,0.5833333333333333,0.6943268748161374,0.3056731251838628,0.8626542704971958,0.13734572959035102
669,133.88925950633757,0.5,0.5,0.5833333333333333,0.6941041178071975,0.3058958821928027,0.8626052605007748,0.1373947395506437
670,134.08939292861908,0.5,0.5,0.5833333333333333,0.6938836493769165,0.30611635062308373,0.8625619319853155,0.13743806802256897
671,134.2895263509006,0.5,0.5,0.5833333333333333,0.6936654958610131,0.3063345041389871,0.8625242302189903,0.13747576973896153
672,134.48965977318213,0.5,0.5,0.5833333333333333,0.6934496827042406,0.30655031729575966,0.8624920991517342,0.13750790075159416
673,134.68979319546364,0.5,0.5,0.5833333333333333,0.6932362345154524,0.30676376548454787,0.8624654814839184,0.13753451836193725
674,134.88992661774515,0.5,0.5,0.5833333333333333,0.6930251751927188,0.3069748248072814,0.8624443187610863,0.1375556810251246
675,135.09006004002669,0.5,0.5,0.5833333333333333,0.6928165276345507,0.3071834723654495,0.8624285513254326,0.13757144840153263
676,135.2901934623082,0.5,0.5,0.5833333333333333,0.6926103138489502,0.30738968615104995,0.8624181184080236,0.1375818812634388
677,135.49032688458973,0.5,0.5,0.5833333333333333,0.6924065549652981,0.3075934450347021,0.8624129581885762,0.13758704143514852
678,135.69046030687124,0.5,0.5,0.5833333333333333,0.692205271235362,0.30779472876463815,0.8624130078529829,0.1375869917354936
679,135.89059372915276,0.5,0.5,0.5833333333333333,0.6920064820351556,0.3079935179648447,0.8624182036526877,0.13758179591847616
680,136.0907271514343,0.5,0.5,0.5833333333333333,0.6918102058676464,0.30818979413235376,0.8624284809659123,0.1375715186120575
681,136.2908605737158,0.5,0.5,0.5833333333333333,0.6916164603662451,0.30838353963375514,0.8624437743603324,0.13755622525548658
682,136.49099399599731,0.5,0.5,0.5833333333333333,0.6914252621565616,0.3085747378434386,0.8624640168569402,0.13753598282511417
683,136.69112741827885,0.5,0.5,0.5833333333333333,0.6912366269264175,0.3087633730735828,0.8624891403604381,0.1375108594086886
684,136.89126084056036,0.5,0.5,0.5833333333333333,0.6910505695730212,0.3089494304269791,0.8625190765200367,0.13748092335477013
685,137.0913942628419,0.5,0.5,0.5833333333333333,0.6908671041120503,0.3091328958879499,0.8625537562502941,0.13744624374479555
686,137.2915276851234,0.5,0.5,0.5833333333333333,0.6906862436813629,0.3093137563186374,0.862593109780432,0.13740689034345333
687,137.49166110740492,0.5,0.5,0.5833333333333333,0.6905080005453518,0.30949199945464856,0.8626370667043411,0.13736293354834933
688,137.69179452968646,0.5,0.5,0.5833333333333333,0.6903323860999436,0.3096676139000567,0.862685556031277,0.13731444433896284
689,137.89192795196797,0.5,0.5,0.5833333333333333,0.6901594108782406,0.3098405891217597,0.8627385062372455,0.13726149422489306
690,138.09206137424948,0.5,0.5,0.5833333333333333,0.6899890845482818,0.3100109154517185,0.8627958452705858,0.1372041552426497
691,138.29219479653102,0.5,0.5,0.5833333333333333,0.6898214158262874,0.3101785841737129,0.862857500093733,0.13714250044382584
692,138.49232821881253,0.5,0.5,0.5833333333333333,0.6896564126069348,0.31034358739306556,0.8629233974059595,0.13707660313218853
693,138.69246164109407,0.5,0.5,0.5833333333333333,0.6894940819557674,0.3105059180442328,0.8629934636113074,0.1370065369004214
694,138.89259506337558,0.5,0.5,0.5833333333333333,0.6893344300950808,0.3106655699049195,0.8630676247481086,0.13693237570757893
695,139.0927284856571,0.5,0.5,0.5833333333333333,0.689177462411316,0.31082253758868417,0.8631458065330155,0.136854193835254
696,139.29286190793863,0.5,0.5,0.5833333333333333,0.6890231834629955,0.31097681653700476,0.8632279344051509,0.13677206584363935
697,139.49299533022014,0.5,0.5,0.5833333333333333,0.6888715969891951,0.31112840301080513,0.8633139335703791,0.13668606652748336
698,139.69312875250165,0.5,0.5,0.5833333333333333,0.6887227059185571,0.3112772940814432,0.8634037290456971,0.13659627087193912
699,139.8932621747832,0.5,0.5,0.5833333333333333,0.6885765123567769,0.31142348764322336,0.8634972455927605,0.13650275411959986
700,140.0933955970647,0.5,0.5,0.5833333333333333,0.6884330175592847,0.3115669824407155,0.863594407574341,0.13640559191483045
701,140.29352901934624,0.5,0.5,0.5833333333333333,0.6882922220309368,0.31170777796906346,0.8636951394470754,0.13630485981006468
702,140.49366244162775,0.5,0.5,0.5833333333333333,0.6881541254994299,0.3118458745005703,0.8637993656164294,0.13620063341166336
703,140.69379586390926,0.5,0.5,0.5833333333333333,0.6880187269227086,0.31198127307729157,0.8639070104600591,0.1360929883569254
704,140.8939292861908,0.5,0.5,0.5833333333333333,0.6878860244998051,0.31211397550019515,0.8640179983658499,0.1359820002763942
705,141.0940627084723,0.5,0.5,0.5833333333333333,0.6877560156821501,0.3122439843178502,0.8641322537697318,0.13586774475640376
706,141.29419613075382,0.5,0.5,0.5833333333333333,0.6876286971853542,0.31237130281464603,0.8642497011932704,0.13575029730186391
707,141.49432955303536,0.5,0.5,0.5833333333333333,0.6875040650013112,0.31249593499868894,0.8643702652804156,0.13562973329975792
708,141.69446297531687,0.5,0.5,0.5833333333333333,0.6873821143599067,0.3126178856400935,0.8644938706224489,0.13550612814457014
709,141.8945963975984,0.5,0.5,0.5833333333333333,0.6872628397724441,0.3127371602275561,0.8646204419206602,0.13537955710568303
710,142.09472981987992,0.5,0.5,0.5833333333333333,0.6871462350851967,0.3128537649148036,0.8647499041889587,0.13525009516432443
711,142.29486324216143,0.5,0.5,0.5833333333333333,0.6870322934628682,0.312967706537132,0.8648821826627566,0.13511781707505344
712,142.49499666444297,0.5,0.5,0.5833333333333333,0.686921007401821,0.3130789925981792,0.8650172028294876,0.13498279733435994
713,142.69513008672448,0.5,0.5,0.5833333333333333,0.6868123687437047,0.31318763125629556,0.8651548904586126,0.134845110149724
714,142.89526350900599,0.5,0.5,0.5833333333333333,0.6867063686894858,0.31329363131051446,0.8652951716311128,0.13470482940913478
715,143.09539693128752,0.5,0.5,0.5833333333333333,0.6866029978138795,0.31339700218612077,0.8654379727684703,0.13456202865106953
716,143.29553035356903,0.5,0.5,0.5833333333333333,0.6865022460679234,0.3134977539320768,0.8655832206502677,0.13441678105439495
717,143.49566377585057,0.5,0.5,0.5833333333333333,0.686404102684517,0.3135958973154831,0.8657308423448907,0.13426915958342261
718,143.69579719813208,0.5,0.5,0.5833333333333333,0.686308556345477,0.3136914436545231,0.8658807653712176,0.13411923671886392
719,143.8959306204136,0.5,0.5,0.5833333333333333,0.6862155951708868,0.3137844048291134,0.8660329177018906,0.13396708447201672
720,144.09606404269513,0.5,0.5,0.5833333333333333,0.6861252067110302,0.31387479328897,0.8661872277680092,0.1338127743959472
721,144.29619746497664,0.5,0.5,0.5833333333333333,0.6860373779607325,0.31396262203926767,0.8663436244828202,0.13365637756219365
722,144.49633088725815,0.5,0.5,0.5833333333333333,0.6859520953739785,0.3140479046260217,0.8665020372647878,0.1334979645381261
723,144.6964643095397,0.5,0.5,0.5833333333333333,0.6858693448788082,0.3141306551211919,0.8666623960600391,0.13333760536496198
724,144.8965977318212,0.5,0.5,0.5833333333333333,0.6857891118924916,0.31421088810750863,0.8668246313641899,0.1331753695364379
725,145.09673115410274,0.5,0.5,0.5833333333333333,0.6857113812991112,0.31428861870088887,0.8669886742264644,0.13301132601005675
726,145.29686457638425,0.5,0.5,0.5833333333333333,0.6856361374142241,0.3143638625857759,0.8671544562472395,0.13284554323011927
727,145.49699799866576,0.5,0.5,0.5833333333333333,0.6855633641339939,0.3144366358660063,0.8673219096580566,0.1326780889961463
728,145.6971314209473,0.5,0.5,0.5833333333333333,0.6854930448922856,0.3145069551077146,0.8674909673142565,0.1325090304940677
729,145.8972648432288,0.5,0.5,0.5833333333333333,0.6854251626714791,0.31457483732852104,0.8676615627111015,0.13233843428302003
730,146.09739826551032,0.5,0.5,0.5833333333333333,0.6853597000169073,0.3146402999830928,0.8678336300007842,0.13216636627997821
731,146.29753168779186,0.5,0.5,0.5833333333333333,0.6852966390514523,0.31470336094854773,0.8680071040087601,0.13199289174514423
732,146.49766511007337,0.5,0.5,0.5833333333333333,0.6852359614902996,0.3147640385097005,0.8681819202494049,0.13181807526809308
733,146.6977985323549,0.5,0.5,0.5833333333333333,0.6851776486505795,0.31482235134942066,0.8683580149230219,0.13164198075224556
734,146.89793195463642,0.5,0.5,0.5833333333333333,0.6851216814098184,0.31487831859018167,0.8685353247370515,0.13146467137642098
735,147.09806537691793,0.5,0.5,0.5833333333333333,0.6850680402946535,0.31493195970534665,0.8687137871703268,0.13128620961714074
736,147.29819879919947,0.5,0.5,0.5833333333333333,0.6850167054864663,0.3149832945135338,0.8688933404527736,0.13110665723330708
737,147.49833222148098,0.5,0.5,0.5833333333333333,0.6849676568232669,0.3150323431767332,0.8690739235311024,0.13092607524983632
738,147.6984656437625,0.5,0.5,0.5833333333333333,0.6849208738139932,0.3150791261860069,0.8692554760756336,0.13074452394770203
739,147.89859906604403,0.5,0.5,0.5833333333333333,0.6848763356528976,0.31512366434710254,0.869437938486204,0.13056206285470257
740,148.09873248832554,0.5,0.5,0.5833333333333333,0.6848340212340196,0.31516597876598057,0.8696212518971523,0.13037875073695307
741,148.29886591060708,0.5,0.5,0.5833333333333333,0.6847939091657445,0.31520609083425566,0.869805358181387,0.13019464559110128
742,148.4989993328886,0.5,0.5,0.5833333333333333,0.6847559777220142,0.31524402227798587,0.8699902001030427,0.13000980464211756
743,148.6991327551701,0.5,0.5,0.5833333333333333,0.6847202048771083,0.3152797951228918,0.8701757212724542,0.1298242843354267
744,148.89926617745164,0.5,0.5,0.5833333333333333,0.6846865683942536,0.31531343160574643,0.8703618659735451,0.12963814032565543
745,149.09939959973315,0.5,0.5,0.5833333333333333,0.6846550457927153,0.31534495420728476,0.8705485792769097,0.1294514274754011
746,149.29953302201466,0.5,0.5,0.5833333333333333,0.6846256143606718,0.3153743856393282,0.8707358070442678,0.12926419985123042
747,149.4996664442962,0.5,0.5,0.5833333333333333,0.6845982511680676,0.3154017488319325,0.8709234959322595,0.12907651072041157
748,149.6997998665777,0.5,0.5,0.5833333333333333,0.6845729330794409,0.3154270669205592,0.8711115933955789,0.12888841254837852
749,149.89993328885924,0.5,0.5,0.5833333333333333,0.6845496367667294,0.3154503632332706,0.8713000476894476,0.12869995699692796
750,150.10006671114076,0.5,0.5,0.5833333333333333,0.6845283387033413,0.3154716612966587,0.8714888079335101,0.12851119491476284
751,150.30020013342227,0.5,0.5,0.5833333333333333,0.6845090151211566,0.3154909848788434,0.8716778242979868,0.12832217631216356
752,150.5003335557038,0.5,0.5,0.5833333333333333,0.6844916421280595,0.3155083578719405,0.8718670476564446,0.12813295040835546
753,150.70046697798531,0.5,0.5,0.5833333333333333,0.684476195682748,0.315523804317252,0.8720564297113869,0.1279435656156485
754,150.90060040026682,0.5,0.5,0.5833333333333333,0.6844626515998489,0.3155373484001512,0.8722459230185486,0.12775406953790364
755,151.10073382254836,0.5,0.5,0.5833333333333333,0.6844509855608149,0.31554901443918515,0.8724354809912711,0.1275645089723337
756,151.30086724482987,0.5,0.5,0.5833333333333333,0.6844411731247092,0.3155588268752908,0.8726250579045084,0.12737492991199764
757,151.5010006671114,0.5,0.5,0.5833333333333333,0.6844331897388776,0.3155668102611224,0.8728146088984713,0.12718537754898684
758,151.70113408939292,0.5,0.5,0.5833333333333333,0.6844270107502307,0.3155729892497693,0.8730040899616759,0.12699589627113025
759,151.90126751167443,0.5,0.5,0.5833333333333333,0.6844226114341224,0.31557738856587764,0.8731934574180541,0.12680652948360843
760,152.10140093395597,0.5,0.5,0.5833333333333333,0.6844199669854208,0.3155800330145792,0.8733826684686002,0.12661731980544122
761,152.30153435623748,0.5,0.5,0.5833333333333333,0.6844190525264022,0.3155809474735977,0.8735716812587293,0.12642830909856492
762,152.501667778519,0.5,0.5,0.5833333333333333,0.6844198431231565,0.3155801568768435,0.8737604547039117,0.1262395384119904
763,152.70180120080053,0.5,0.5,0.5833333333333333,0.6844223137960451,0.3155776862039549,0.8739489484782187,0.12605104798456987
764,152.90193462308204,0.5,0.5,0.5833333333333333,0.6844264395300718,0.31557356046992824,0.8741371230018405,0.12586287724822154
765,153.10206804536358,0.5,0.5,0.5833333333333333,0.6844321952851631,0.3155678047148369,0.8743249394275785,0.12567506483161237
766,153.3022014676451,0.5,0.5,0.5833333333333333,0.684439556006361,0.31556044399363903,0.8745123596263084,0.12548764856429906
767,153.5023348899266,0.5,0.5,0.5833333333333333,0.6844484966000866,0.3155515033999135,0.8746993464312223,0.12530066547411664
768,153.70246831220814,0.5,0.5,0.5833333333333333,0.6844589919297485,0.31554100807025154,0.8748858637318415,0.12511415178916593
769,153.90260173448965,0.5,0.5,0.5833333333333333,0.6844710169016641,0.31552898309833594,0.8750718758729484,0.12492814295952115
770,154.1027351567712,0.5,0.5,0.5833333333333333,0.6844845464354429,0.3155154535645572,0.8752573479388468,0.12474267365479633
771,154.3028685790527,0.5,0.5,0.5833333333333333,0.6844995554715412,0.3155004445284589,0.8754422457505308,0.12455777777010953
772,154.5030020013342,0.5,0.5,0.5833333333333333,0.6845160189793251,0.3154839810206749,0.8756265358572461,0.1243734884326317
773,154.70313542361575,0.5,0.5,0.5833333333333333,0.6845339119649653,0.31546608803503484,0.8758101855276329,0.12418983800857704
774,154.90326884589726,0.5,0.5,0.5833333333333333,0.6845532094791625,0.3154467905208375,0.8759931627404494,0.12400685811063451
775,155.10340226817877,0.5,0.5,0.5833333333333333,0.6845738867037277,0.3154261132962725,0.8761754360856424,0.12382457944612314
776,155.3035356904603,0.5,0.5,0.5833333333333333,0.6845959184516086,0.31540408154839156,0.8763569766402087,0.12364303263192745
777,155.50366911274182,0.5,0.5,0.5833333333333333,0.6846192800417422,0.31538071995825795,0.8765377548480586,0.1234622468046026
778,155.70380253502336,0.5,0.5,0.5833333333333333,0.684643946679304,0.3153560533206962,0.8767177423138979,0.12328225071362234
779,155.90393595730487,0.5,0.5,0.5833333333333333,0.684669893636441,0.3153301063635591,0.8768969114740557,0.12310307239988262
780,156.10406937958638,0.5,0.5,0.5833333333333333,0.6846970962553064,0.31530290374469383,0.8770752356103476,0.12292473920964345
781,156.30420280186792,0.5,0.5,0.5833333333333333,0.6847255299510928,0.31527447004890735,0.8772526888639386,0.12274727780847082
782,156.50433622414943,0.5,0.5,0.5833333333333333,0.6847551702150675,0.31524482978493273,0.8774292462492062,0.1225707141951789
783,156.70446964643094,0.5,0.5,0.5833333333333333,0.6847859926183198,0.3152140073816803,0.8776048836602737,0.12239507371418051
784,156.90460306871248,0.5,0.5,0.5833333333333333,0.6848179729134946,0.31518202708650567,0.8777795768721962,0.12222038084956435
785,157.104736490994,0.5,0.5,0.5833333333333333,0.6848510870522582,0.31514891294774205,0.8779533014067334,0.12204665920688494
786,157.30486991327552,0.5,0.5,0.5833333333333333,0.6848853111378682,0.31511468886213206,0.8781260330640761,0.12187393163983996
787,157.50500333555703,0.5,0.5,0.5833333333333333,0.6849206213541035,0.31507937864589686,0.8782977487009197,0.12170222044708517
788,157.70513675783855,0.5,0.5,0.5833333333333333,0.684956993993032,0.3150430060069683,0.8784684259903001,0.12153154732993608
789,157.90527018012008,0.5,0.5,0.5833333333333333,0.6849944055091951,0.31500559449080523,0.8786380429091486,0.12136193328369843
790,158.1054036024016,0.5,0.5,0.5833333333333333,0.6850328324064725,0.3149671675935278,0.8788065789363985,0.12119339877929075
791,158.3055370246831,0.5,0.5,0.5833333333333333,0.6850722512593274,0.31492774874067286,0.8789740148827114,0.12102596376180275
792,158.50567044696464,0.5,0.5,0.5833333333333333,0.6851126387386244,0.31488736126137595,0.8791403326690325,0.12085964763787128
793,158.70580386924615,0.5,0.5,0.5833333333333333,0.6851539717785942,0.3148460282214061,0.8793055135847757,0.12069446899434537
794,158.9059372915277,0.5,0.5,0.5833333333333333,0.6851962274952349,0.3148037725047655,0.8794695391951136,0.12053044575335686
795,159.1060707138092,0.5,0.5,0.5833333333333333,0.685239383158405,0.31476061684159523,0.8796323916737218,0.12036759523515163
796,159.3062041360907,0.5,0.5,0.5833333333333333,0.6852834161450775,0.31471658385492274,0.8797940542875886,0.12020593425212613
797,159.50633755837225,0.5,0.5,0.5833333333333333,0.685328303997754,0.31467169600224626,0.8799545108409924,0.12004547902418253
798,159.70647098065376,0.5,0.5,0.5833333333333333,0.6853740244341924,0.3146259755658078,0.8801137456274073,0.11988624518727489
799,159.90660440293527,0.5,0.5,0.5833333333333333,0.6854205553176879,0.3145794446823123,0.8802717436289244,0.11972824780075833
800,160.1067378252168,0.5,0.5,0.5833333333333333,0.685467874677774,0.31453212532222613,0.8804284905584956,0.11957150143374753
801,160.30687124749832,0.5,0.5,0.5833333333333333,0.6855159607134279,0.31448403928657226,0.880583972649465,0.11941602007410619
802,160.50700466977986,0.5,0.5,0.5833333333333333,0.6855647918410037,0.3144352081589964,0.8807381762358973,0.11926181710713109
803,160.70713809206137,0.5,0.5,0.5833333333333333,0.6856143466321469,0.3143856533678532,0.8808910884463518,0.11910890541919296
804,160.90727151434288,0.5,0.5,0.5833333333333333,0.6856646038262014,0.3143353961737987,0.8810426970652376,0.1189572973770247
805,161.10740493662442,0.5,0.5,0.5833333333333333,0.6857155423447375,0.3142844576552627,0.8811929903968365,0.11880700482406381
806,161.30753835890593,0.5,0.5,0.5833333333333333,0.6857671413363132,0.31423285866368705,0.8813419568909587,0.11865803910403458
807,161.50767178118744,0.5,0.5,0.5833333333333333,0.6858193801140029,0.3141806198859974,0.8814895856653969,0.11851041102803549
808,161.70780520346898,0.5,0.5,0.5833333333333333,0.6858722381691269,0.31412776183087343,0.8816358663911065,0.1183641308817724
809,161.9079386257505,0.5,0.5,0.5833333333333333,0.685925695182738,0.3140743048172623,0.8817807892364478,0.11821920846185267
810,162.10807204803203,0.5,0.5,0.5833333333333333,0.6859797310548403,0.31402026894516,0.8819243447949621,0.1180756532203206
811,162.30820547031354,0.5,0.5,0.5833333333333333,0.6860343258621763,0.3139656741378241,0.8820665241897164,0.1179334740558422
812,162.50833889259505,0.5,0.5,0.5833333333333333,0.6860894598682865,0.3139105401317138,0.882207319048436,0.11779267936346981
813,162.7084723148766,0.5,0.5,0.5833333333333333,0.6861451135342054,0.31385488646579507,0.8823467214567522,0.11765327708291308
814,162.9086057371581,0.5,0.5,0.5833333333333333,0.6862012675485786,0.3137987324514218,0.8824847238061928,0.11751527482983867
815,163.1087391594396,0.5,0.5,0.5833333333333333,0.6862579027825739,0.3137420972174264,0.8826213190217533,0.11737867969930331
816,163.30887258172115,0.5,0.5,0.5833333333333333,0.6863150003014091,0.3136849996985912,0.8827565005037139,0.11724349831600964
817,163.50900600400266,0.5,0.5,0.5833333333333333,0.6863725413739378,0.3136274586260626,0.8828902620682089,0.11710973688171009
818,163.7091394262842,0.5,0.5,0.5833333333333333,0.6864305074962247,0.3135694925037757,0.883022597790581,0.11697740129711481
819,163.9092728485657,0.5,0.5,0.5833333333333333,0.6864888803549212,0.3135111196450792,0.8831535022487368,0.11684649697250296
820,164.10940627084722,0.5,0.5,0.5833333333333333,0.6865476418372255,0.31345235816277495,0.8832829704569612,0.1167170288792302
821,164.30953969312876,0.5,0.5,0.5833333333333333,0.6866067740368016,0.31339322596319885,0.8834109978210075,0.11658900159964275
822,164.50967311541027,0.5,0.5,0.5833333333333333,0.6866662592659115,0.31333374073408893,0.8835375800405163,0.11646241944846615
823,164.70980653769178,0.5,0.5,0.5833333333333333,0.68672608003582,0.31327391996418047,0.8836627132666206,0.11633728627674629
824,164.90993995997331,0.5,0.5,0.5833333333333333,0.686786219062425,0.31321378093757546,0.8837863940566572,0.1162136055281881
825,165.11007338225482,0.5,0.5,0.5833333333333333,0.686846659270205,0.31315334072979545,0.8839086193267932,0.11609138028871586
826,165.31020680453636,0.5,0.5,0.5833333333333333,0.6869073838004193,0.31309261619958123,0.8840293862438784,0.11597061339570792
827,165.51034022681787,0.5,0.5,0.5833333333333333,0.6869683759973048,0.31303162400269574,0.884148692407478,0.11585130725413366
828,165.71047364909938,0.5,0.5,0.5833333333333333,0.6870296194122442,0.3129703805877563,0.8842665357949083,0.115733463892071
829,165.91060707138092,0.5,0.5,0.5833333333333333,0.6870910978051251,0.3129089021948754,0.8843829147329331,0.1156170849877072
830,166.11074049366243,0.5,0.5,0.5833333333333333,0.6871527951526761,0.3128472048473243,0.8844978276792577,0.11550217207344302
831,166.31087391594394,0.5,0.5,0.5833333333333333,0.6872146956331898,0.31278530436681073,0.8846112736229684,0.11538872616184663
832,166.51100733822548,0.5,0.5,0.5833333333333333,0.6872767836362557,0.31272321636374484,0.8847232518294001,0.11527674798396968
833,166.711140760507,0.5,0.5,0.5833333333333333,0.6873390437565153,0.3126609562434852,0.8848337618283473,0.11516623801004226
834,166.91127418278853,0.5,0.5,0.5833333333333333,0.6874014607891855,0.312598539210815,0.8849428032868099,0.11505719658183197
835,167.11140760507004,0.5,0.5,0.5833333333333333,0.6874640197444805,0.31253598025552,0.8850503763580201,0.11494962354651174
836,167.31154102735155,0.5,0.5,0.5833333333333333,0.6875267058416341,0.3124732941583664,0.8851564815163481,0.11484351842862503
837,167.5116744496331,0.5,0.5,0.5833333333333333,0.6875895045086747,0.31241049549132577,0.8852611195371813,0.11473888045031579
838,167.7118078719146,0.5,0.5,0.5833333333333333,0.6876524013826625,0.3123475986173381,0.8853642914884671,0.11463570853935195
839,167.9119412941961,0.5,0.5,0.5833333333333333,0.6877153823099269,0.31228461769007354,0.8854659987222544,0.11453400133714882
840,168.11207471647765,0.5,0.5,0.5833333333333333,0.6877784333463047,0.31222156665369577,0.8855662428662371,0.11443375720679246
841,168.31220813875916,0.5,0.5,0.5833333333333333,0.6878415407573768,0.3121584592426237,0.8856650258152952,0.11433497424106324
842,168.5123415610407,0.5,0.5,0.5833333333333333,0.6879046910187059,0.3120953089812947,0.885762349723038,0.11423765027045922
843,168.7124749833222,0.5,0.5,0.5833333333333333,0.6879678708098407,0.31203212919015977,0.8858582169859016,0.11414178288296202
844,168.91260840560372,0.5,0.5,0.5833333333333333,0.6880310669375865,0.3119689330624139,0.8859526301427667,0.11404736957705147
845,169.11274182788526,0.5,0.5,0.5833333333333333,0.6880942664467183,0.31190573355328216,0.886045591998446,0.11395440756161386
846,169.31287525016677,0.5,0.5,0.5833333333333333,0.6881574566074161,0.31184254339258427,0.8861371055999362,0.11386289378808173
847,169.51300867244828,0.5,0.5,0.5833333333333333,0.6882206248944206,0.31177937510557985,0.8862271742027816,0.1137728249981726
848,169.71314209472982,0.5,0.5,0.5833333333333333,0.6882837589869009,0.31171624101309964,0.8863158012621754,0.11368419773260753
849,169.91327551701133,0.5,0.5,0.5833333333333333,0.6883468467683233,0.3116531532316772,0.8864029904240609,0.11359700833982994
850,170.11340893929287,0.5,0.5,0.5833333333333333,0.68840987632632,0.31159012367368044,0.8864887455162337,0.11351125298472406
851,170.31354236157438,0.5,0.5,0.5833333333333333,0.6884728359525571,0.3115271640474433,0.8865730705394427,0.1134269276573337
852,170.5136757838559,0.5,0.5,0.5833333333333333,0.6885357141426034,0.31146428585739705,0.8866559696584921,0.11334402818158082
853,170.71380920613743,0.5,0.5,0.5833333333333333,0.6885984995957984,0.311401500404202,0.8867374471933427,0.11326255022398425
854,170.91394262841894,0.5,0.5,0.5833333333333333,0.6886611811216217,0.31133881887837883,0.8868175080736372,0.11318248887393793
855,171.11407605070045,0.5,0.5,0.5833333333333333,0.6887237476724687,0.3112762523275318,0.8868961576666962,0.11310383880322304
856,171.314209472982,0.5,0.5,0.5833333333333333,0.6887861884787645,0.31121381152123606,0.8869734010982894,0.11302659489445331
857,171.5143428952635,0.5,0.5,0.5833333333333333,0.6888484929629746,0.31115150703702593,0.887049243669282,0.11295075185637374
858,171.71447631754504,0.5,0.5,0.5833333333333333,0.6889106507387,0.3110893492613005,0.8871236908505707,0.11287630422903366
859,171.91460973982655,0.5,0.5,0.5833333333333333,0.688972651609899,0.31102734839010154,0.8871967482773899,0.11280324638954341
860,172.11474316210806,0.5,0.5,0.5833333333333333,0.6890344855701093,0.31096551442989123,0.8872684217436161,0.11273157255783095
861,172.3148765843896,0.5,0.5,0.5833333333333333,0.6890961428016701,0.31090385719833047,0.8873387171960738,0.11266127680239857
862,172.5150100066711,0.5,0.5,0.5833333333333333,0.6891576136749441,0.31084238632505645,0.8874076407288414,0.11259235304607952
863,172.71514342895262,0.5,0.5,0.5833333333333333,0.6892188887475394,0.310781111252461,0.8874751985775554,0.11252479507179468
864,172.91527685123415,0.5,0.5,0.5833333333333333,0.6892799587487646,0.3107200412512359,0.8875413971620115,0.11245859647088803
865,173.11541027351566,0.5,0.5,0.5833333333333333,0.6893408145310284,0.31065918546897203,0.8876062432368582,0.11239375046294053
866,173.3155436957972,0.5,0.5,0.5833333333333333,0.6894014471686564,0.310598552831344,0.8876697435602031,0.11233025028877566
867,173.5156771180787,0.5,0.5,0.5833333333333333,0.6894618479218084,0.3105381520781921,0.8877319050033725,0.11226808907894435
868,173.71581054036022,0.5,0.5,0.5833333333333333,0.6895220082287437,0.3104779917712568,0.8877927345679678,0.11220725983243039
869,173.91594396264176,0.5,0.5,0.5833333333333333,0.6895819197047535,0.3104180802952469,0.8878522393811185,0.1121477554212812
870,174.11607738492327,0.5,0.5,0.5833333333333333,0.6896415741410936,0.31035842585890683,0.8879104266907338,0.1120895685952385
871,174.31621080720478,0.5,0.5,0.5833333333333333,0.6897009635039165,0.31029903649608387,0.8879673038607562,0.11203269198636896
872,174.51634422948632,0.5,0.5,0.5833333333333333,0.6897600799332042,0.3102399200667962,0.8880228783664124,0.11197711811369494
873,174.71647765176783,0.5,0.5,0.5833333333333333,0.6898189157417004,0.31018108425830004,0.888077157789467,0.11192283938782518
874,174.91661107404937,0.5,0.5,0.5833333333333333,0.6898774634127031,0.31012253658729744,0.8881301498181933,0.11186984811067159
875,175.11674449633088,0.5,0.5,0.5833333333333333,0.6899357155606964,0.31006428443930406,0.8881818624011681,0.1118181363149834
876,175.3168779186124,0.5,0.5,0.5833333333333333,0.6899936649744097,0.31000633502559066,0.8882323035598664,0.11176769595918695
877,175.51701134089393,0.5,0.5,0.5833333333333333,0.6900513046230298,0.3099486953769707,0.8882814813537788,0.11171851896339619
878,175.71714476317544,0.5,0.5,0.5833333333333333,0.6901086276398148,0.30989137236018566,0.8883294039390723,0.11167059714801461
879,175.91727818545695,0.5,0.5,0.5833333333333333,0.690165627320839,0.3098343726791615,0.8883760795646233,0.1116239222375529
880,176.1174116077385,0.5,0.5,0.5833333333333333,0.6902222971237358,0.3097777028762646,0.8884215165680501,0.11157848586444649
881,176.31754503002,0.5,0.5,0.5833333333333333,0.6902786306664425,0.309721369333558,0.8884657233717473,0.11153427957287343
882,176.51767845230154,0.5,0.5,0.5833333333333333,0.6903346217259431,0.30966537827405743,0.8885087084789179,0.1114912948225718
883,176.71781187458305,0.5,0.5,0.5833333333333333,0.6903902642370128,0.3096097357629877,0.888550480469607,0.11144952299265751
884,176.91794529686456,0.5,0.5,0.5833333333333333,0.6904455522909618,0.30955444770903867,0.8885910479967349,0.1114089553854419
885,177.1180787191461,0.5,0.5,0.5833333333333333,0.690500479163643,0.3094995208363574,0.8886304179423936,0.11136958537226567
886,177.3182121414276,0.5,0.5,0.5833333333333333,0.6905550415167231,0.3094449584832773,0.8886686040816489,0.11133139866044184
887,177.51834556370912,0.5,0.5,0.5833333333333333,0.6906092323743388,0.3093907676256616,0.8887056123064847,0.11129438975712548
888,177.71847898599066,0.5,0.5,0.5833333333333333,0.690663046463247,0.30933695353675345,0.8887414517587866,0.1112585495183046
889,177.91861240827217,0.5,0.5,0.5833333333333333,0.6907164786462884,0.30928352135371207,0.8887761316301641,0.11122386875799922
890,178.1187458305537,0.5,0.5,0.5833333333333333,0.6907695239223879,0.3092304760776126,0.8888096611619496,0.11119033824826115
891,178.31887925283522,0.5,0.5,0.5833333333333333,0.6908221774265542,0.3091778225734463,0.8888420496451993,0.11115794871917417
892,178.51901267511673,0.5,0.5,0.5833333333333333,0.6908744344298802,0.3091255655701203,0.8888733064206926,0.11112669085885395
893,178.71914609739827,0.5,0.5,0.5833333333333333,0.6909262903395429,0.30907370966045755,0.8889034408789321,0.11109655531344803
894,178.91927951967978,0.5,0.5,0.5833333333333333,0.6909777406988031,0.3090222593011973,0.888932462460144,0.1110675326871359
895,179.1194129419613,0.5,0.5,0.5833333333333333,0.6910287811859389,0.3089712188140616,0.8889603806628976,0.11103961352730816
896,179.31954636424283,0.5,0.5,0.5833333333333333,0.69107940760698,0.3089205923930206,0.8889872051028006,0.11101278822364592
897,179.51967978652434,0.5,0.5,0.5833333333333333,0.6911296159075633,0.30887038409243717,0.8890129454167186,0.11098704717280555
898,179.71981320880587,0.5,0.5,0.5833333333333333,0.6911794021702977,0.3088205978297027,0.8890376112840718,0.11096238074180162
899,179.91994663108738,0.5,0.5,0.5833333333333333,0.6912287626133514,0.3087712373866491,0.8890612124382397,0.11093877924839683
900,180.1200800533689,0.5,0.5,0.5833333333333333,0.6912776935904523,0.3087223064095482,0.8890837586665616,0.110916232961102
901,180.32021347565043,0.5,0.5,0.5833333333333333,0.6913261915908879,0.30867380840911257,0.8891052598103367,0.11089473209917602
902,180.52034689793194,0.5,0.5,0.5833333333333333,0.6913742532395055,0.308625746760495,0.8891257257648234,0.11087426683262598
903,180.72048032021348,0.5,0.5,0.5833333333333333,0.6914218752622429,0.30857812473775753,0.8891451663236102,0.11085482731491952
904,180.920613742495,0.5,0.5,0.5833333333333333,0.6914690544817336,0.30853094551826676,0.8891635911587711,0.11083640368715621
905,181.1207471647765,0.5,0.5,0.5833333333333333,0.6915157878920332,0.3084842121079672,0.8891810101582611,0.11081898600714865
906,181.32088058705804,0.5,0.5,0.5833333333333333,0.69156207261915,0.3084379273808503,0.8891974332477109,0.11080256428688043
907,181.52101400933955,0.5,0.5,0.5833333333333333,0.6916079059205238,0.30839209407947665,0.8892128703880682,0.11078712849300175
908,181.72114743162106,0.5,0.5,0.5833333333333333,0.6916532851850241,0.3083467148149763,0.8892273315755979,0.11077266854682949
909,181.9212808539026,0.5,0.5,0.5833333333333333,0.691698207932952,0.3083017920670484,0.8892408268418821,0.1107591743243472
910,182.1214142761841,0.5,0.5,0.5833333333333333,0.6917426718048099,0.30825732819519047,0.8892533662506236,0.1107466356717337
911,182.32154769846565,0.5,0.5,0.5833333333333333,0.6917866744000994,0.30821332559990094,0.8892649598517555,0.11073504262829291
912,182.52168112074716,0.5,0.5,0.5833333333333333,0.6918302134958922,0.3081697865041082,0.8892756177436628,0.11072438512418885
913,182.72181454302867,0.5,0.5,0.5833333333333333,0.6918732870342625,0.30812671296573785,0.8892853500696049,0.1107146529978247
914,182.9219479653102,0.5,0.5,0.5833333333333333,0.6919158930776382,0.30808410692236216,0.8892941670050046,0.11070583605758928
915,183.12208138759172,0.5,0.5,0.5833333333333333,0.6919580298088004,0.3080419701912,0.8893020787574487,0.11069792408185719
916,183.32221480987323,0.5,0.5,0.5833333333333333,0.6919996955308836,0.30800030446911686,0.8893090955666876,0.11069090681898872
917,183.52234823215477,0.5,0.5,0.5833333333333333,0.6920408886673755,0.30795911133262494,0.8893152277046352,0.11068477398732984
918,183.72248165443628,0.5,0.5,0.5833333333333333,0.6920816076978602,0.3079183923021402,0.889320485431027,0.11067951535908854
919,183.92261507671782,0.5,0.5,0.5833333333333333,0.6921218510867818,0.3078781489132186,0.8893248789442607,0.11067512085332035
920,184.12274849899933,0.5,0.5,0.5833333333333333,0.692161617518056,0.3078383824819444,0.889328418543297,0.11067158022968565
921,184.32288192128084,0.5,0.5,0.5833333333333333,0.6922009057911837,0.30779909420881674,0.8893311145559705,0.11066888322405458
922,184.52301534356238,0.5,0.5,0.5833333333333333,0.6922397148152849,0.30776028518471554,0.8893329773348716,0.11066701955629427
923,184.7231487658439,0.5,0.5,0.5833333333333333,0.6922780436090992,0.3077219563909013,0.8893340172573474,0.11066597893026896
924,184.9232821881254,0.5,0.5,0.5833333333333333,0.6923158913009854,0.30768410869901514,0.8893342447255014,0.11066575103383991
925,185.12341561040694,0.5,0.5,0.5833333333333333,0.6923532571258663,0.30764674287413407,0.889333670157424,0.11066632554235316
926,185.32354903268845,0.5,0.5,0.5833333333333333,0.6923901403044574,0.307609859695543,0.889332303640533,0.1106676922565143
927,185.52368245497,0.5,0.5,0.5833333333333333,0.692426540173966,0.30757345982603446,0.8893301553067298,0.11066984095317967
928,185.7238158772515,0.5,0.5,0.5833333333333333,0.6924624562210981,0.3075375437789022,0.8893272354271413,0.11067276134767585
929,185.923949299533,0.5,0.5,0.5833333333333333,0.6924978880335213,0.30750211196647914,0.8893235542727983,0.110676443149211
930,186.12408272181455,0.5,0.5,0.5833333333333333,0.6925328352998633,0.3074671647001371,0.8893191221146348,0.11068087606087476
931,186.32421614409606,0.5,0.5,0.5833333333333333,0.6925672978097135,0.3074327021902869,0.8893139492234889,0.11068604977963833
932,186.52434956637757,0.5,0.5,0.5833333333333333,0.6926012754536218,0.30739872454637857,0.8893080458701023,0.11069195399635447
933,186.7244829886591,0.5,0.5,0.5833333333333333,0.6926347681843225,0.3073652318156779,0.8893014222883747,0.1106985784393849
934,186.92461641094062,0.5,0.5,0.5833333333333333,0.6926677759143296,0.3073322240856708,0.8892940885783241,0.11070591298981482
935,187.12474983322215,0.5,0.5,0.5833333333333333,0.6927002987415327,0.3072997012584677,0.8892860549198649,0.11071394742763682
936,187.32488325550366,0.5,0.5,0.5833333333333333,0.6927323368674052,0.3072676631325952,0.8892773314953005,0.11072267152377385
937,187.52501667778517,0.5,0.5,0.5833333333333333,0.6927638905847923,0.30723610941520807,0.8892679284777512,0.11073207505381932
938,187.7251501000667,0.5,0.5,0.5833333333333333,0.6927949602779107,0.30720503972208973,0.8892578560311538,0.1107421477980371
939,187.92528352234822,0.5,0.5,0.5833333333333333,0.6928255464223486,0.30717445357765183,0.889247124310262,0.11075287954136145
940,188.12541694462973,0.5,0.5,0.5833333333333333,0.6928556495847101,0.30714435041529026,0.8892357434606943,0.11076426007379057
941,188.32555036691127,0.5,0.5,0.5833333333333333,0.6928852703007167,0.30711472969928366,0.8892237236354439,0.11077627932513183
942,188.52568378919278,0.5,0.5,0.5833333333333333,0.6929144091637565,0.30708559083624387,0.8892110749828857,0.11078892726711997
943,188.72581721147432,0.5,0.5,0.5833333333333333,0.6929430669230454,0.3070569330769549,0.8891978076334811,0.1108021938049111
944,188.92595063375583,0.5,0.5,0.5833333333333333,0.6929712444091046,0.30702875559089565,0.889183931709872,0.110816068859459
945,189.12608405603734,0.5,0.5,0.5833333333333333,0.6929989425337605,0.3070010574662398,0.8891694573268801,0.11083054236751523
946,189.32621747831888,0.5,0.5,0.5833333333333333,0.6930261622901446,0.30697383770985576,0.8891543945915074,0.1108456042816291
947,189.5263509006004,0.5,0.5,0.5833333333333333,0.6930529047526935,0.3069470952473068,0.8891387536029356,0.11086124457014765
948,189.7264843228819,0.5,0.5,0.5833333333333333,0.6930791710570806,0.3069208289429196,0.8891225444129174,0.1108774532363282
949,189.92661774516344,0.5,0.5,0.5833333333333333,0.6931049622938684,0.3068950377061318,0.8891057768158809,0.11089422041961823
950,190.12675116744495,0.5,0.5,0.5833333333333333,0.6931302796946021,0.30686972030539816,0.8890884607162185,0.11091153621842903
951,190.3268845897265,0.5,0.5,0.5833333333333333,0.6931551245822689,0.3068448754177313,0.8890706060305098,0.11092939073731573
952,190.527018012008,0.5,0.5,0.5833333333333333,0.6931794983531421,0.30682050164685815,0.8890522226516868,0.11094777410426841
953,190.7271514342895,0.5,0.5,0.5833333333333333,0.6932034024767807,0.3067965975232195,0.8890333204490336,0.11096667647071219
954,190.92728485657105,0.5,0.5,0.5833333333333333,0.6932268384960296,0.3067731615039706,0.8890139092681872,0.1109860880115072
955,191.12741827885256,0.5,0.5,0.5833333333333333,0.6932498080270195,0.30675019197298065,0.8889939989311367,0.11100599892494853
956,191.32755170113407,0.5,0.5,0.5833333333333333,0.6932723126869832,0.30672768731301703,0.8889735991064215,0.11102639949831551
957,191.5276851234156,0.5,0.5,0.5833333333333333,0.693294354104896,0.3067056458951042,0.8889527193282659,0.11104728009820868
958,191.72781854569712,0.5,0.5,0.5833333333333333,0.6933159340467431,0.3066840659532572,0.8889313692218355,0.11106863105679718
959,191.92795196797866,0.5,0.5,0.5833333333333333,0.6933370543443969,0.3066629456556034,0.8889095583753444,0.11109044273640324
960,192.12808539026017,0.5,0.5,0.5833333333333333,0.6933577168952727,0.3066422831047275,0.8888872963394355,0.11111270552981568
961,192.32821881254168,0.5,0.5,0.5833333333333333,0.6933779236623285,0.3066220763376717,0.88886459262718,0.11113540986028982
962,192.52835223482322,0.5,0.5,0.5833333333333333,0.6933976766740648,0.30660232332593546,0.8888414567140773,0.11115854618154751
963,192.72848565710473,0.5,0.5,0.5833333333333333,0.6934169780126682,0.30658302198733206,0.8888178980413506,0.11118210498935979
964,192.92861907938624,0.5,0.5,0.5833333333333333,0.693435829686634,0.30656417031336625,0.8887939260513456,0.11120607694598461
965,193.12875250166778,0.5,0.5,0.5833333333333333,0.6934542338158208,0.30654576618417945,0.8887695501361024,0.11123045269938328
966,193.3288859239493,0.5,0.5,0.5833333333333333,0.6934721926077706,0.30652780739222973,0.8887447796439367,0.11125522290635395
967,193.52901934623083,0.5,0.5,0.5833333333333333,0.6934897083267536,0.30651029167324667,0.8887196238880418,0.11128037826277204
968,193.72915276851234,0.5,0.5,0.5833333333333333,0.6935067832937688,0.3064932167062315,0.8886940921464891,0.11130590950359015
969,193.92928619079385,0.5,0.5,0.5833333333333333,0.6935234198865434,0.3064765801134568,0.8886681936622276,0.11133180740283814
970,194.12941961307538,0.5,0.5,0.5833333333333333,0.6935396205395334,0.30646037946046684,0.8886419376430846,0.11135806277362306
971,194.3295530353569,0.5,0.5,0.5833333333333333,0.693555383411065,0.3064446165889353,0.8886153368273101,0.11138466253097568
972,194.5296864576384,0.5,0.5,0.5833333333333333,0.693570721495456,0.3064292785045444,0.888588391314678,0.11141160753465637
973,194.72981987991994,0.5,0.5,0.5833333333333333,0.6935856302023719,0.3064143697976284,0.8885611161546562,0.11143888214885521
974,194.92995330220145,0.5,0.5,0.5833333333333333,0.6936001123766893,0.306399887623311,0.8885335201347058,0.1114664776487507
975,195.130086724483,0.5,0.5,0.5833333333333333,0.6936141708632848,0.30638582913671547,0.8885056120422878,0.11149438530952141
976,195.3302201467645,0.5,0.5,0.5833333333333333,0.693627808507035,0.3063721914929653,0.8884774006648635,0.11152259640634583
977,195.530353569046,0.5,0.5,0.5833333333333333,0.6936410281528163,0.306358971847184,0.8884488947898941,0.11155110221440251
978,195.73048699132755,0.5,0.5,0.5833333333333333,0.6936538326461275,0.3063461673538729,0.8884201031888462,0.1115798940174957
979,195.93062041360906,0.5,0.5,0.5833333333333333,0.6936662248485076,0.3063337751514928,0.888391034220875,0.11160896332179046
980,196.13075383589057,0.5,0.5,0.5833333333333333,0.6936782076169858,0.3063217923830146,0.8883616963610579,0.1116383015709342
981,196.3308872581721,0.5,0.5,0.5833333333333333,0.693689783802782,0.3063102161972183,0.8883320982338017,0.1116679001280412
982,196.53102068045362,0.5,0.5,0.5833333333333333,0.6937009562571161,0.3062990437428842,0.8883022484635127,0.11169775035622574
983,196.73115410273516,0.5,0.5,0.5833333333333333,0.693711727831208,0.3062882721687923,0.8882721556745973,0.11172784361860212
984,196.93128752501667,0.5,0.5,0.5833333333333333,0.6937221013762777,0.30627789862372273,0.8882418284914618,0.11175817127828461
985,197.13142094729818,0.5,0.5,0.5833333333333333,0.6937320798054118,0.3062679201945886,0.8882112754285202,0.11178872480690202
986,197.33155436957972,0.5,0.5,0.5833333333333333,0.693741666531048,0.3062583334689524,0.8881805041123971,0.1118194965519415
987,197.53168779186123,0.5,0.5,0.5833333333333333,0.6937508646903964,0.30624913530960396,0.8881495226590403,0.11185047837814327
988,197.73182121414274,0.5,0.5,0.5833333333333333,0.6937596773227347,0.3062403226772657,0.8881183393585111,0.11188166197847375
989,197.93195463642428,0.5,0.5,0.5833333333333333,0.6937681074673402,0.30623189253266014,0.8880869625008705,0.11191303904589933
990,198.1320880587058,0.5,0.5,0.5833333333333333,0.6937761581634905,0.30622384183650986,0.8880554003761799,0.1119446012733864
991,198.33222148098733,0.5,0.5,0.5833333333333333,0.693783832450463,0.3062161675495374,0.8880236612745003,0.11197634035390139
992,198.53235490326884,0.5,0.5,0.5833333333333333,0.6937911335086164,0.30620886649138396,0.8879917532151932,0.11200824827151518
993,198.73248832555035,0.5,0.5,0.5833333333333333,0.6937980649976722,0.30620193500232823,0.8879596832978428,0.11204031799940646
994,198.9326217478319,0.5,0.5,0.5833333333333333,0.6938046302040104,0.30619536979599005,0.8879274593383816,0.1120725417404089
995,199.1327551701134,0.5,0.5,0.5833333333333333,0.6938108323675356,0.3061891676324648,0.8878950892419174,0.11210491160145913
996,199.3328885923949,0.5,0.5,0.5833333333333333,0.6938166747281526,0.3061833252718479,0.8878625809135581,0.1121374196894938
997,199.53302201467645,0.5,0.5,0.5833333333333333,0.6938221605257656,0.30617783947423477,0.8878299422584114,0.11217005811144953
998,199.73315543695796,0.5,0.5,0.5833333333333333,0.6938272930002795,0.3061727069997209,0.8877971811815852,0.11220281897426294
999,199.9332888592395,0.5,0.5,0.5833333333333333,0.6938320768809423,0.30616792311905805,0.8877643015546984,0.1122356983728234
1000,200.133422281521,0.5,0.5,0.5833333333333333,0.6938365126431639,0.3061634873568365,0.8877313187697536,0.1122686810116962
1001,200.33355570380252,0.5,0.5,0.5833333333333333,0.6938406059571233,0.3061593940428771,0.8876982341501101,0.11230176550526177
1002,200.53368912608406,0.5,0.5,0.5833333333333333,0.6938443601184178,0.3061556398815826,0.8876650554500467,0.11233494410958285
1003,200.73382254836557,0.5,0.5,0.5833333333333333,0.693847778446677,0.30615222155332333,0.8876317903587573,0.11236820914507262
1004,200.93395597064708,0.5,0.5,0.5833333333333333,0.6938508642855632,0.3061491357144372,0.88759844650035,0.11240155299649483
1005,201.13408939292862,0.5,0.5,0.5833333333333333,0.6938536210027854,0.306146378997215,0.8875650314337877,0.11243496811302246
1006,201.33422281521013,0.5,0.5,0.5833333333333333,0.6938560521353796,0.3061439478646207,0.8875315520550308,0.11246844758926354
1007,201.53435623749166,0.5,0.5,0.5833333333333333,0.6938581613038003,0.3061418386962,0.88749801495057,0.11250198482168113
1008,201.73448965977317,0.5,0.5,0.5833333333333333,0.6938599520529005,0.30614004794709987,0.887464427051823,0.11253557287261912
1009,201.93462308205469,0.5,0.5,0.5833333333333333,0.6938614279620348,0.3061385720379656,0.8874307951820399,0.11256920491064168
1010,202.13475650433622,0.5,0.5,0.5833333333333333,0.6938625926450592,0.30613740735494105,0.8873971260563025,0.11260287421053317
1011,202.33488992661773,0.5,0.5,0.5833333333333333,0.6938634497503317,0.3061365502496686,0.887363426281525,0.11263657415329818
1012,202.53502334889924,0.5,0.5,0.5833333333333333,0.6938640029607112,0.30613599703928923,0.8873297023564537,0.11267029822616155
1013,202.73515677118078,0.5,0.5,0.5833333333333333,0.6938642559935583,0.3061357440064421,0.887295960671667,0.11270404002256834
1014,202.9352901934623,0.5,0.5,0.5833333333333333,0.6938642125476179,0.30613578745238257,0.8872622075864548,0.11273779317106229
1015,203.13542361574383,0.5,0.5,0.5833333333333333,0.693863876013969,0.30613612398603135,0.8872284498471728,0.11277155094826224
1016,203.33555703802534,0.5,0.5,0.5833333333333333,0.6938632499938591,0.3061367500061413,0.8871946938377588,0.11280530697221622
1017,203.53569046030685,0.5,0.5,0.5833333333333333,0.6938623381582666,0.30613766184173385,0.8871609457829933,0.11283905501436355
1018,203.7358238825884,0.5,0.5,0.5833333333333333,0.6938611441951287,0.3061388558048717,0.887127211824879,0.11287278892887478
1019,203.9359573048699,0.5,0.5,0.5833333333333333,0.6938596718093415,0.30614032819065895,0.8870934980226416,0.11290650265265176
1020,204.1360907271514,0.5,0.5,0.5833333333333333,0.6938579247227595,0.30614207527724085,0.8870598103527291,0.11294019020532758
1021,204.33622414943295,0.5,0.5,0.5833333333333333,0.6938559066741964,0.30614409332580406,0.8870261547088125,0.11297384568926666
1022,204.53635757171446,0.5,0.5,0.5833333333333333,0.6938536214194239,0.30614637858057653,0.8869925369017853,0.11300746328956462
1023,204.736490993996,0.5,0.5,0.5833333333333333,0.6938510725980751,0.3061489274019253,0.8869589627851187,0.11304103716537474
1024,204.9366244162775,0.5,0.5,0.5833333333333333,0.6938482637820065,0.30615173621799385,0.8869254382093128,0.11307456148939589
1025,205.13675783855902,0.5,0.5,0.5833333333333333,0.6938451986713113,0.30615480132868905,0.8868919688372856,0.11310803060791597
1026,205.33689126084056,0.5,0.5,0.5833333333333333,0.6938418809725803,0.3061581190274201,0.8868585602590302,0.11314143894141271
1027,205.53702468312207,0.5,0.5,0.5833333333333333,0.6938383143987116,0.3061616856012888,0.886825217991794,0.11317478098439843
1028,205.7371581054036,0.5,0.5,0.5833333333333333,0.6938345026689108,0.30616549733108955,0.8867919474800787,0.11320805130542004
1029,205.93729152768512,0.5,0.5,0.5833333333333333,0.6938304495086911,0.30616955049130923,0.8867587540956403,0.11324124454705901
1030,206.13742494996663,0.5,0.5,0.5833333333333333,0.6938261586498731,0.30617384135012726,0.886725643137489,0.11327435542593144
1031,206.33755837224817,0.5,0.5,0.5833333333333333,0.6938216338179388,0.30617836618206146,0.8866926198251823,0.11330737873421823
1032,206.53769179452968,0.5,0.5,0.5833333333333333,0.6938168786423875,0.3061831213576127,0.886659689251277,0.11334030935051305
1033,206.7378252168112,0.5,0.5,0.5833333333333333,0.6938118968060912,0.30618810319390904,0.8866268564605478,0.11337314222174877
1034,206.93795863909273,0.5,0.5,0.5833333333333333,0.6938066920117013,0.3061933079882989,0.8865941264321691,0.1134058723672626
1035,207.13809206137424,0.5,0.5,0.5833333333333333,0.6938012679629767,0.3061987320370235,0.8865615040698114,0.11343849488105559
1036,207.33822548365578,0.5,0.5,0.5833333333333333,0.6937956283647839,0.3062043716352163,0.8865289942016418,0.1134710049317926
1037,207.5383589059373,0.5,0.5,0.5833333333333333,0.693789776923097,0.3062102230769032,0.8864966015803235,0.1135033977628023
1038,207.7384923282188,0.5,0.5,0.5833333333333333,0.6937837173449974,0.3062162826550028,0.8864643308830159,0.11353566869207724
1039,207.93862575050034,0.5,0.5,0.5833333333333333,0.6937774533386744,0.3062225466613259,0.8864321867113749,0.11356781311227371
1040,208.13875917278185,0.5,0.5,0.5833333333333333,0.693770988553553,0.30622901144644726,0.8864001735770302,0.1135998265034303
1041,208.33889259506336,0.5,0.5,0.5833333333333333,0.6937643265864804,0.3062356734135198,0.8863682959030861,0.11363170443165382
1042,208.5390260173449,0.5,0.5,0.5833333333333333,0.6937574710952968,0.3062425289047034,0.8863365580516687,0.11366344252499344
1043,208.7391594396264,0.5,0.5,0.5833333333333333,0.6937504257340923,0.306249574265908,0.8863049643082224,0.1136950364871941
1044,208.93929286190794,0.5,0.5,0.5833333333333333,0.6937431941527125,0.3062568058472877,0.8862735188813893,0.11372648209780142
1045,209.13942628418945,0.5,0.5,0.5833333333333333,0.6937357799967595,0.3062642200032407,0.8862422259030103,0.11375777521216165
1046,209.33955970647096,0.5,0.5,0.5833333333333333,0.6937281869075911,0.30627181309240914,0.8862110894281239,0.11378891176142171
1047,209.5396931287525,0.5,0.5,0.5833333333333333,0.693720418522321,0.30627958147767914,0.8861801134349673,0.1138198877525291
1048,209.739826551034,0.5,0.5,0.5833333333333333,0.6937124784647775,0.3062875215352227,0.8861493018289047,0.11385069926885791
1049,209.93995997331552,0.5,0.5,0.5833333333333333,0.6937043702604424,0.3062956297395578,0.886118658479389,0.11388134247609587
1050,210.14009339559706,0.5,0.5,0.5833333333333333,0.6936960974665226,0.30630390253347756,0.8860881871634412,0.11391181361324194
1051,210.34022681787857,0.5,0.5,0.5833333333333333,0.693687663650629,0.30631233634937133,0.8860578915749162,0.11394210899408184
1052,210.5403602401601,0.5,0.5,0.5833333333333333,0.6936790723708607,0.30632092762913954,0.8860277753331555,0.11397222500856653
1053,210.74049366244162,0.5,0.5,0.5833333333333333,0.6936703271758059,0.3063296728241943,0.8859978419829878,0.11400215812281217
1054,210.94062708472313,0.5,0.5,0.5833333333333333,0.6936614316045414,0.3063385683954588,0.8859680949947288,0.11403190487910014
1055,211.14076050700467,0.5,0.5,0.5833333333333333,0.6936523891866325,0.3063476108133677,0.8859385377641814,0.11406146189587707
1056,211.34089392928618,0.5,0.5,0.5833333333333333,0.693643203438165,0.3063567965618353,0.8859091736123474,0.11409082586659516
1057,211.5410273515677,0.5,0.5,0.5833333333333333,0.693633877799075,0.30636612220092524,0.885880005780883,0.11411999354139897
1058,211.74116077384923,0.5,0.5,0.5833333333333333,0.6936244157179403,0.3063755842820599,0.8858510374382474,0.11414896175190284
1059,211.94129419613074,0.5,0.5,0.5833333333333333,0.6936148206485109,0.30638517935148946,0.8858222716794525,0.1141777274101771
1060,212.14142761841228,0.5,0.5,0.5833333333333333,0.6936050960312051,0.30639490396879515,0.8857937115247194,0.1142062875033411
1061,212.3415610406938,0.5,0.5,0.5833333333333333,0.6935952452931106,0.30640475470688966,0.8857653599194801,0.11423463909356316
1062,212.5416944629753,0.5,0.5,0.5833333333333333,0.6935852718479834,0.306414728152017,0.8857372197343758,0.11426277931806052
1063,212.74182788525684,0.5,0.5,0.5833333333333333,0.6935751790962481,0.30642482090375217,0.8857092937652582,0.11429070538909944
1064,212.94196130753835,0.5,0.5,0.5833333333333333,0.6935649704231184,0.30643502957688207,0.8856815847331133,0.11431841459299323
1065,213.14209472981986,0.5,0.5,0.5833333333333333,0.6935546491422072,0.3064453508577932,0.885654095281798,0.11434590426005733
1066,213.3422281521014,0.5,0.5,0.5833333333333333,0.6935442185617978,0.3064557814382026,0.8856268279806999,0.11437317179991917
1067,213.5423615743829,0.5,0.5,0.5833333333333333,0.6935336819945119,0.30646631800548846,0.8855997853251266,0.11440021470667017
1068,213.74249499666445,0.5,0.5,0.5833333333333333,0.6935230427361232,0.3064769572638772,0.8855729697354542,0.11442703054757683
1069,213.94262841894596,0.5,0.5,0.5833333333333333,0.6935123040655569,0.30648769593444347,0.8855463835571277,0.11445361696308066
1070,214.14276184122747,0.5,0.5,0.5833333333333333,0.69350146924489,0.30649853075511035,0.8855200290606606,0.11447997166679816
1071,214.342895263509,0.5,0.5,0.5833333333333333,0.6934905415193512,0.30650945848064914,0.8854939084416357,0.11450609244552085
1072,214.54302868579052,0.5,0.5,0.5833333333333333,0.6934795241166465,0.3065204758833539,0.885468023821582,0.11453197715881133
1073,214.74316210807203,0.5,0.5,0.5833333333333333,0.6934684201959488,0.30653157980405155,0.8854423773143597,0.11455762370845585
1074,214.94329553035357,0.5,0.5,0.5833333333333333,0.6934572328975854,0.30654276710241485,0.8854169709614976,0.11458303006821932
1075,215.14342895263508,0.5,0.5,0.5833333333333333,0.6934459653664488,0.30655403463355163,0.8853918067017258,0.11460819429786517
1076,215.34356237491662,0.5,0.5,0.5833333333333333,0.6934346207271929,0.30656537927280747,0.8853668864032547,0.11463311452830194
1077,215.54369579719813,0.5,0.5,0.5833333333333333,0.6934232020842341,0.30657679791576614,0.8853422118637746,0.11465778896158317
1078,215.74382921947964,0.5,0.5,0.5833333333333333,0.6934117125217509,0.3065882874782494,0.8853177848104562,0.11468221587090753
1079,215.94396264176117,0.5,0.5,0.5833333333333333,0.6934001551036834,0.306599844896317,0.8852936068999504,0.11470639360061874
1080,216.14409606404269,0.5,0.5,0.5833333333333333,0.6933885328736585,0.30661146712634185,0.8852696797184868,0.11473032056612777
1081,216.3442294863242,0.5,0.5,0.5833333333333333,0.6933768488172207,0.3066231511827796,0.8852460048314178,0.11475399521486668
1082,216.54436290860573,0.5,0.5,0.5833333333333333,0.6933651058889486,0.3066348941110517,0.8852225837476482,0.114777416054322
1083,216.74449633088724,0.5,0.5,0.5833333333333333,0.6933533070448216,0.3066466929551788,0.8851994178771784,0.1148005816854957
1084,216.94462975316878,0.5,0.5,0.5833333333333333,0.6933414552177772,0.30665854478222304,0.8851765085631662,0.11482349077763658
1085,217.1447631754503,0.5,0.5,0.5833333333333333,0.6933295533177122,0.30667044668228816,0.8851538570819275,0.11484614206824023
1086,217.3448965977318,0.5,0.5,0.5833333333333333,0.6933176042314811,0.3066823957685192,0.8851314646429354,0.11486853436304907
1087,217.54503002001334,0.5,0.5,0.5833333333333333,0.6933056108228975,0.30669438917710284,0.8851093323888208,0.1148906665360523
1088,217.74516344229485,0.5,0.5,0.5833333333333333,0.6932935759327331,0.30670642406726717,0.8850874613953723,0.11491253752948594
1089,217.94529686457636,0.5,0.5,0.5833333333333333,0.6932815023553075,0.306718497644693,0.8850658526852586,0.11493414630884717
1090,218.1454302868579,0.5,0.5,0.5833333333333333,0.6932693928468041,0.30673060715319633,0.8850445072231534,0.11495549187887612
1091,218.3455637091394,0.5,0.5,0.5833333333333333,0.693257250159215,0.3067427498407854,0.8850234258958394,0.11497657334877998
1092,218.54569713142095,0.5,0.5,0.5833333333333333,0.6932450770194625,0.3067549229805379,0.8850026095244455,0.11499738989211578
1093,218.74583055370246,0.5,0.5,0.5833333333333333,0.693232876129372,0.30676712387062843,0.8849820588644635,0.11501794074673775
1094,218.94596397598397,0.5,0.5,0.5833333333333333,0.6932206501656719,0.30677934983432853,0.8849617746057469,0.1150382252147974
1095,219.1460973982655,0.5,0.5,0.5833333333333333,0.6932084017799939,0.30679159822000657,0.8849417573725122,0.11505824266274337
1096,219.34623082054702,0.5,0.5,0.5833333333333333,0.6931961335988726,0.30680386640112794,0.8849220077233384,0.11507799252132155
1097,219.54636424282853,0.5,0.5,0.5833333333333333,0.6931838482062403,0.3068161517937602,0.8849025261949268,0.1150974742477783
1098,219.74649766511007,0.5,0.5,0.5833333333333333,0.6931715481414561,0.3068284518585444,0.8848833133070301,0.11511668732160438
1099,219.94663108739158,0.5,0.5,0.5833333333333333,0.6931592359378291,0.30684076406217137,0.8848643694661478,0.11513563132771355
1100,220.14676450967312,0.5,0.5,0.5833333333333333,0.6931469141019934,0.30685308589800714,0.8848456950170881,0.11515430591190881
1101,220.34689793195463,0.5,0.5,0.5833333333333333,0.6931345851136212,0.3068654148863793,0.8848272902436827,0.11517271078026434
1102,220.54703135423614,0.5,0.5,0.5833333333333333,0.6931222514254235,0.306877748574577,0.8848091553687868,0.11519084569912556
1103,220.74716477651768,0.5,0.5,0.5833333333333333,0.6931099154631496,0.3068900845368509,0.8847912905542795,0.11520871049510915
1104,220.9472981987992,0.5,0.5,0.5833333333333333,0.6930975796255873,0.3069024203744132,0.8847736959010636,0.11522630505510296
1105,221.1474316210807,0.5,0.5,0.5833333333333333,0.6930852462727891,0.3069147537272114,0.8847563714993308,0.11524362929415316
1106,221.34756504336224,0.5,0.5,0.5833333333333333,0.6930729177177158,0.30692708228228466,0.8847393174642367,0.11526068313267308
1107,221.54769846564375,0.5,0.5,0.5833333333333333,0.6930605962630446,0.30693940373695583,0.8847225337787588,0.11527746659683565
1108,221.7478318879253,0.5,0.5,0.5833333333333333,0.6930482841836272,0.30695171581637326,0.8847060203685868,0.11529397977072824
1109,221.9479653102068,0.5,0.5,0.5833333333333333,0.6930359837258036,0.306964016274197,0.8846897771050523,0.11531022279448173
1110,222.1480987324883,0.5,0.5,0.5833333333333333,0.693023697107402,0.30697630289259853,0.8846738038051274,0.11532619586427051
1111,222.34823215476985,0.5,0.5,0.5833333333333333,0.6930114265177395,0.30698857348226105,0.8846581002314259,0.1153418992323125
1112,222.54836557705136,0.5,0.5,0.5833333333333333,0.6929991741176212,0.3070008258823792,0.8846426660922025,0.1153573332068691
1113,222.74849899933287,0.5,0.5,0.5833333333333333,0.6929869420347349,0.3070130579652658,0.8846275010610698,0.11537249812143213
1114,222.9486324216144,0.5,0.5,0.5833333333333333,0.6929747323567668,0.3070252676432339,0.8846126048064559,0.1153873942886859
1115,223.14876584389592,0.5,0.5,0.5833333333333333,0.6929625471511882,0.30703745284881245,0.8845979769069222,0.11540202213285089
1116,223.34889926617745,0.5,0.5,0.5833333333333333,0.6929503884568634,0.30704961154313715,0.8845836168870792,0.11541638213355335
1117,223.54903268845896,0.5,0.5,0.5833333333333333,0.6929382582833784,0.3070617417166222,0.8845695242204609,0.11543047482133385
1118,223.74916611074048,0.5,0.5,0.5833333333333333,0.6929261586110406,0.30707384138896004,0.8845556983295241,0.11544430077764735
1119,223.949299533022,0.5,0.5,0.5833333333333333,0.692914091390879,0.30708590860912155,0.8845421385856492,0.1154578606348631
1120,224.14943295530352,0.5,0.5,0.5833333333333333,0.6929020585446447,0.3070979414553559,0.8845288443091395,0.11547115507626476
1121,224.34956637758503,0.5,0.5,0.5833333333333333,0.6928900619630746,0.30710993803692604,0.8845158147872795,0.11548418481144154
1122,224.54969979986657,0.5,0.5,0.5833333333333333,0.6928781035014453,0.3071218964985553,0.8845030493206066,0.11549695051323018
1123,224.74983322214808,0.5,0.5,0.5833333333333333,0.6928661849896667,0.30713381501033393,0.8844905471178788,0.11550945296085045
1124,224.94996664442962,0.5,0.5,0.5833333333333333,0.6928543082285387,0.30714569177146195,0.8844783073350245,0.11552169298682469
1125,225.15010006671113,0.5,0.5,0.5833333333333333,0.6928424749892068,0.3071575250107938,0.8844663290808061,0.11553367146926026
1126,225.35023348899264,0.5,0.5,0.5833333333333333,0.6928306870131627,0.30716931298683786,0.8844546114168198,0.1155453893318497
1127,225.55036691127418,0.5,0.5,0.5833333333333333,0.6928189460122438,0.3071810539877568,0.8844431533574956,0.11555684754387058
1128,225.7505003335557,0.5,0.5,0.5833333333333333,0.6928072536686332,0.30719274633136745,0.884431953870097,0.11556804712018558
1129,225.9506337558372,0.5,0.5,0.5833333333333333,0.6927956116338603,0.3072043883661403,0.8844210119004473,0.1155789891042368
1130,226.15076717811874,0.5,0.5,0.5833333333333333,0.6927840215247166,0.30721597847528404,0.8844103264780623,0.11558967449854891
1131,226.35090060040025,0.5,0.5,0.5833333333333333,0.6927724849311266,0.3072275150688739,0.8843998965135406,0.11560010439866163
1132,226.5510340226818,0.5,0.5,0.5833333333333333,0.6927610034136987,0.30723899658630194,0.8843897208616278,0.11561027995144202
1133,226.7511674449633,0.5,0.5,0.5833333333333333,0.6927495785030944,0.30725042149690623,0.884379798337423,0.11562020234437169
1134,226.9513008672448,0.5,0.5,0.5833333333333333,0.6927382117000292,0.30726178829997136,0.8843701277163781,0.11562987280554676
1135,227.15143428952635,0.5,0.5,0.5833333333333333,0.6927269044752723,0.30727309552472826,0.8843607077342983,0.11563929260367786
1136,227.35156771180786,0.5,0.5,0.5833333333333333,0.6927156582696465,0.307284341730354,0.8843515370873418,0.11564846304809012
1137,227.55170113408937,0.5,0.5,0.5833333333333333,0.6927044744952383,0.30729552550476247,0.8843426144501803,0.11565738547000488
1138,227.7518345563709,0.5,0.5,0.5833333333333333,0.6926933545427276,0.30730664545727304,0.8843339385860465,0.11566606110910807
1139,227.95196797865242,0.5,0.5,0.5833333333333333,0.6926822997679106,0.30731770023209015,0.8843255081443929,0.11567449132211272
1140,228.15210140093396,0.5,0.5,0.5833333333333333,0.6926713114953558,0.30732868850464495,0.8843173217157989,0.11568267752616401
1141,228.35223482321547,0.5,0.5,0.5833333333333333,0.6926603910199564,0.3073396089800443,0.8843093778552614,0.11569062117483196
1142,228.55236824549698,0.5,0.5,0.5833333333333333,0.69264953960693,0.3073504603930707,0.8843016750821955,0.11569832375811129
1143,228.75250166777852,0.5,0.5,0.5833333333333333,0.6926387584918189,0.3073612415081819,0.8842942118804341,0.11570578680242154
1144,228.95263509006003,0.5,0.5,0.5833333333333333,0.6926280488804893,0.3073719511195114,0.884286986698228,0.11571301187060701
1145,229.15276851234154,0.5,0.5,0.5833333333333333,0.6926174119491325,0.3073825880508682,0.884279997948246,0.11572000056193678
1146,229.35290193462308,0.5,0.5,0.5833333333333333,0.6926068488442639,0.30739315115573684,0.8842732440075748,0.11572675451210471
1147,229.5530353569046,0.5,0.5,0.5833333333333333,0.6925963606827233,0.3074036393172773,0.8842667232177189,0.11573327539322943
1148,229.75316877918613,0.5,0.5,0.5833333333333333,0.6925859485544723,0.30741405144552836,0.8842604339032274,0.1157395648907209
1149,229.95330220146764,0.5,0.5,0.5833333333333333,0.6925756135497063,0.3074243864502943,0.884254374552257,0.11574562447902711
1150,230.15343562374915,0.5,0.5,0.5833333333333333,0.6925653567146317,0.3074346432853689,0.8842485435220565,0.11575145578741247
1151,230.35356904603069,0.5,0.5,0.5833333333333333,0.6925551790595941,0.30744482094040665,0.8842429390931017,0.1157570605327234
1152,230.5537024683122,0.5,0.5,0.5833333333333333,0.6925450815662053,0.3074549184337953,0.8842375595165608,0.11576244046043871
1153,230.75383589059373,0.5,0.5,0.5833333333333333,0.6925350651873444,0.3074649348126562,0.8842324030142941,0.1157675973446696
1154,230.95396931287524,0.5,0.5,0.5833333333333333,0.6925251308471567,0.307474869152844,0.8842274677788539,0.11577253298815968
1155,231.15410273515675,0.5,0.5,0.5833333333333333,0.692515279441054,0.3074847205589467,0.8842227519734849,0.11577724922228493
1156,231.3542361574383,0.5,0.5,0.5833333333333333,0.6925055118357147,0.30749448816428593,0.8842182537321237,0.11578174790705371
1157,231.5543695797198,0.5,0.5,0.5833333333333333,0.6924958288690842,0.30750417113091644,0.8842139711593993,0.11578603093110683
1158,231.75450300200131,0.5,0.5,0.5833333333333333,0.692486231350374,0.30751376864962665,0.8842099023306327,0.11579010021171743
1159,231.95463642428285,0.5,0.5,0.5833333333333333,0.6924767200626317,0.30752327993736905,0.8842060453044888,0.11579395768208657
1160,232.15476984656436,0.5,0.5,0.5833333333333333,0.6924672958049909,0.3075327041950099,0.884202398331033,0.11579760508241758
1161,232.3549032688459,0.5,0.5,0.5833333333333333,0.6924579593314666,0.30754204066853413,0.8841989595503358,0.11580104426257033
1162,232.5550366911274,0.5,0.5,0.5833333333333333,0.6924487113548925,0.30755128864510833,0.8841957270118609,0.11580427716259199
1163,232.75517011340892,0.5,0.5,0.5833333333333333,0.6924395525608098,0.30756044743919103,0.8841926987428614,0.11580730574403522
1164,232.95530353569046,0.5,0.5,0.5833333333333333,0.6924304836074677,0.30756951639253305,0.8841898727483798,0.11581013198995811
1165,233.15543695797197,0.5,0.5,0.5833333333333333,0.6924215051258236,0.30757849487417727,0.8841872470112481,0.11581275790492422
1166,233.35557038025348,0.5,0.5,0.5833333333333333,0.692412617719542,0.3075873822804588,0.8841848194920878,0.11581518551500256
1167,233.55570380253502,0.5,0.5,0.5833333333333333,0.692403821964996,0.3075961780350049,0.8841825881293099,0.11581741686776756
1168,233.75583722481653,0.5,0.5,0.5833333333333333,0.6923951184112659,0.30760488158873484,0.8841805508391147,0.11581945403229918
1169,233.95597064709807,0.5,0.5,0.5833333333333333,0.6923865075801405,0.30761349241986025,0.884178705515492,0.11582129909918276
1170,234.15610406937958,0.5,0.5,0.5833333333333333,0.6923779899676884,0.3076220100323124,0.8841770500379901,0.11582295417458319
1171,234.3562374916611,0.5,0.5,0.5833333333333333,0.6923695660942655,0.30763043390573525,0.8841755825187796,0.11582442119178368
1172,234.55637091394263,0.5,0.5,0.5833333333333333,0.6923612364411204,0.3076387635588804,0.884174300989447,0.11582570215010105
1173,234.75650433622414,0.5,0.5,0.5833333333333333,0.6923530014431536,0.3076469985568472,0.8841732033652205,0.11582679914217284
1174,234.95663775850565,0.5,0.5,0.5833333333333333,0.6923448615097156,0.3076551384902852,0.8841722875477243,0.11582771427557748
1175,235.1567711807872,0.5,0.5,0.5833333333333333,0.6923368170246065,0.3076631829753943,0.8841715514249772,0.11582844967283423
1176,235.3569046030687,0.5,0.5,0.5833333333333333,0.6923288683460761,0.30767113165392473,0.8841709928713941,0.11582900747140323
1177,235.55703802535024,0.5,0.5,0.5833333333333333,0.6923210158068239,0.30767898419317685,0.8841706097477852,0.11582938982368539
1178,235.75717144763175,0.5,0.5,0.5833333333333333,0.6923132597139993,0.30768674028600146,0.8841703999013558,0.11582959889702252
1179,235.95730486991326,0.5,0.5,0.5833333333333333,0.6923056003492013,0.3076943996507995,0.8841703611657068,0.11582963687369725
1180,236.1574382921948,0.5,0.5,0.5833333333333333,0.6922980379684786,0.3077019620315222,0.8841704913608344,0.11582950595093305
1181,236.3575717144763,0.5,0.5,0.5833333333333333,0.6922905728030723,0.30770942719692845,0.8841707882949826,0.11582920833884024
1182,236.55770513675782,0.5,0.5,0.5833333333333333,0.6922832051215595,0.30771679487844134,0.8841712499196192,0.11582874608855802
1183,236.75783855903936,0.5,0.5,0.5833333333333333,0.6922759351636167,0.30772406483638404,0.8841718741642527,0.1158281212754307
1184,236.95797198132087,0.5,0.5,0.5833333333333333,0.6922687631123567,0.3077312368876441,0.8841726588674435,0.11582733607551284
1185,237.1581054036024,0.5,0.5,0.5833333333333333,0.6922616891276443,0.3077383108723564,0.8841736018598898,0.11582639267343126
1186,237.35823882588392,0.5,0.5,0.5833333333333333,0.6922547133460974,0.3077452866539034,0.8841747009644286,0.115825293262385
1187,237.55837224816543,0.5,0.5,0.5833333333333333,0.6922478358810861,0.30775216411891465,0.8841759539960352,0.1158240400441454
1188,237.75850567044697,0.5,0.5,0.5833333333333333,0.6922410568227334,0.30775894317726743,0.8841773587618232,0.11582263522905599
1189,237.95863909272848,0.5,0.5,0.5833333333333333,0.6922343762379146,0.30776562376208616,0.8841789130610448,0.11582108103603257
1190,238.15877251500999,0.5,0.5,0.5833333333333333,0.6922277941702578,0.3077722058297429,0.8841806146850902,0.11581937969256323
1191,238.35890593729152,0.5,0.5,0.5833333333333333,0.6922213106401437,0.307778689359857,0.8841824614174886,0.11581753343470824
1192,238.55903935957303,0.5,0.5,0.5833333333333333,0.6922149256448208,0.30778507435518,0.8841844510340572,0.11581554450684824
1193,238.75917278185457,0.5,0.5,0.5833333333333333,0.692208639235852,0.30779136076414887,0.8841865814037537,0.11581341499242655
1194,238.95930620413608,0.5,0.5,0.5833333333333333,0.6922024514527092,0.3077975485472916,0.8841888504022024,0.1158111469590766
1195,239.1594396264176,0.5,0.5,0.5833333333333333,0.6921963622574621,0.30780363774253877,0.8841912558266444,0.11580874260135889
1196,239.35957304869913,0.5,0.5,0.5833333333333333,0.6921903715913387,0.30780962840866216,0.8841937954695925,0.11580620411714744
1197,239.55970647098064,0.5,0.5,0.5833333333333333,0.6921844793747259,0.3078155206252749,0.8841964671188315,0.11580353370762993
1198,239.75983989326215,0.5,0.5,0.5833333333333333,0.6921786855071698,0.30782131449283107,0.8841992685574177,0.11580073357730755
1199,239.9599733155437,0.5,0.5,0.5833333333333333,0.6921729898673745,0.30782701013262626,0.8842021975636792,0.11579780593399512
1200,240.1601067378252,0.5,0.5,0.5833333333333333,0.6921673923132037,0.30783260768679716,0.8842052519112161,0.11579475298882101
1201,240.36024016010674,0.5,0.5,0.5833333333333333,0.6921618926816793,0.30783810731832156,0.8842084293689001,0.11579157695622719
1202,240.56037358238825,0.5,0.5,0.5833333333333333,0.6921564907889821,0.30784350921101866,0.8842117277008745,0.11578828005396917
1203,240.76050700466976,0.5,0.5,0.5833333333333333,0.692151186430452,0.3078488135695488,0.8842151446665548,0.11578486450311609
1204,240.9606404269513,0.5,0.5,0.5833333333333333,0.6921459793805873,0.3078540206194135,0.8842186780206278,0.11578133252805066
1205,241.1607738492328,0.5,0.5,0.5833333333333333,0.6921408693956629,0.30785913060433784,0.8842223255182113,0.11577768635148553
1206,241.36090727151432,0.5,0.5,0.5833333333333333,0.6921358563330375,0.3078641436669633,0.88422608514997,0.11577392796732883
1207,241.56104069379586,0.5,0.5,0.5833333333333333,0.6921309400048652,0.3078690599951356,0.8842299548538288,0.11577005941918424
1208,241.76117411607737,0.5,0.5,0.5833333333333333,0.6921261201488033,0.30787387985119746,0.8842339324572456,0.11576608285611763
1209,241.9613075383589,0.5,0.5,0.5833333333333333,0.6921213964848675,0.30787860351513335,0.8842380157892552,0.11576200042441756
1210,242.16144096064042,0.5,0.5,0.5833333333333333,0.6921167687154312,0.30788323128456957,0.8842422026804689,0.11575781426759532
1211,242.36157438292193,0.5,0.5,0.5833333333333333,0.6921122365252264,0.3078877634747744,0.8842464909630748,0.11575352652638483
1212,242.56170780520347,0.5,0.5,0.5833333333333333,0.6921077995813428,0.3078922004186579,0.8842508784708379,0.11574913933874276
1213,242.76184122748498,0.5,0.5,0.5833333333333333,0.6921034575332288,0.307896542466772,0.8842553630390996,0.11574465483984844
1214,242.9619746497665,0.5,0.5,0.5833333333333333,0.6920992100126904,0.30790078998731046,0.8842599425047781,0.11574007516210393
1215,243.16210807204803,0.5,0.5,0.5833333333333333,0.6920950566338919,0.3079049433661089,0.8842646147063685,0.11573540243513396
1216,243.36224149432954,0.5,0.5,0.5833333333333333,0.6920909969933559,0.3079090030066449,0.8842693774839424,0.11573063878578596
1217,243.56237491661108,0.5,0.5,0.5833333333333333,0.692087030669963,0.30791296933003776,0.8842742286791482,0.11572578633813005
1218,243.7625083388926,0.5,0.5,0.5833333333333333,0.6920831572323635,0.30791684276763737,0.8842791661560542,0.11572084720258323
1219,243.9626417611741,0.5,0.5,0.5833333333333333,0.6920793763516456,0.30792062364835515,0.8842841881180096,0.1157158233105743
1220,244.16277518345564,0.5,0.5,0.5833333333333333,0.6920756876306455,0.3079243123693553,0.8842892926276064,0.11571071666502314
1221,244.36290860573715,0.5,0.5,0.5833333333333333,0.692072090620307,0.30792790937969383,0.8842944776526913,0.11570552931633238
1222,244.56304202801866,0.5,0.5,0.5833333333333333,0.692068584856838,0.3079314151431628,0.88429974117086,0.11570026330786322
1223,244.7631754503002,0.5,0.5,0.5833333333333333,0.6920651698617104,0.30793483013829037,0.8843050811694564,0.11569492067593552
1224,244.9633088725817,0.5,0.5,0.5833333333333333,0.69206184514166,0.3079381548583408,0.8843104956455735,0.11568950344982774
1225,245.16344229486324,0.5,0.5,0.5833333333333333,0.6920586101886864,0.30794138981131436,0.8843159826060528,0.11568401365177698
1226,245.36357571714476,0.5,0.5,0.5833333333333333,0.6920554644800534,0.30794453551994744,0.8843215400674846,0.11567845329697894
1227,245.56370913942627,0.5,0.5,0.5833333333333333,0.6920524074782883,0.30794759252171255,0.884327166056208,0.11567282439358795
1228,245.7638425617078,0.5,0.5,0.5833333333333333,0.6920494386311826,0.30795056136881815,0.8843328586083105,0.11566712894271695
1229,245.96397598398931,0.5,0.5,0.5833333333333333,0.6920465573717919,0.3079534426282089,0.8843386157696285,0.11566136893843752
1230,246.16410940627082,0.5,0.5,0.5833333333333333,0.6920437631184353,0.3079562368815655,0.8843444355957473,0.11565554636777985
1231,246.36424282855236,0.5,0.5,0.5833333333333333,0.6920410552918741,0.3079589447081268,0.884350316169643,0.11564966319004802
1232,246.56437625083387,0.5,0.5,0.5833333333333333,0.6920384334342871,0.3079615665657139,0.8843562557238764,0.11564372119355576
1233,246.7645096731154,0.5,0.5,0.5833333333333333,0.6920358969926924,0.30796410300730853,0.8843622524181577,0.11563772225641818
1234,246.96464309539692,0.5,0.5,0.5833333333333333,0.692033445374677,0.3079665546253239,0.8843683043965822,0.11563166827944589
1235,247.16477651767843,0.5,0.5,0.5833333333333333,0.6920310779763491,0.3079689220236518,0.8843744098163399,0.11562556115248568
1236,247.36490993995997,0.5,0.5,0.5833333333333333,0.6920287941823382,0.30797120581766263,0.8843805668477146,0.11561940275442048
1237,247.56504336224148,0.5,0.5,0.5833333333333333,0.6920265933657954,0.30797340663420547,0.8843867736740849,0.11561319495316941
1238,247.765176784523,0.5,0.5,0.5833333333333333,0.692024474888393,0.30797552511160786,0.8843930284919232,0.11560693960568773
1239,247.96531020680453,0.5,0.5,0.5833333333333333,0.6920224381003247,0.3079775618996762,0.8843993295107965,0.11560063855796687
1240,248.16544362908604,0.5,0.5,0.5833333333333333,0.6920204823403056,0.3079795176596953,0.8844056749533658,0.11559429364503447
1241,248.36557705136758,0.5,0.5,0.5833333333333333,0.6920186069355723,0.3079813930644287,0.8844120630553863,0.11558790669095428
1242,248.5657104736491,0.5,0.5,0.5833333333333333,0.6920168112018825,0.30798318879811837,0.8844184920657079,0.11558147950882623
1243,248.7658438959306,0.5,0.5,0.5833333333333333,0.6920150944435156,0.3079849055564853,0.8844249602462743,0.11557501390078642
1244,248.96597731821214,0.5,0.5,0.5833333333333333,0.6920134631669376,0.3079865368330634,0.8844314601584421,0.11556852631557644
1245,249.16611074049365,0.5,0.5,0.5833333333333333,0.6920119004277328,0.30798809957226814,0.8844380026630335,0.11556198470210084
1246,249.36624416277516,0.5,0.5,0.5833333333333333,0.6920104152929556,0.30798958470704524,0.8844445782733809,0.11555541065062802
1247,249.5663775850567,0.5,0.5,0.5833333333333333,0.6920090069993191,0.3079909930006818,0.8844511852602188,0.11554880568788947
1248,249.7665110073382,0.5,0.5,0.5833333333333333,0.6920076747835362,0.30799232521646475,0.8844578218942821,0.11554217134061665
1249,249.96664442961975,0.5,0.5,0.5833333333333333,0.6920064178823199,0.3079935821176811,0.8844644864463054,0.11553550913554103
1250,250.16677785190126,0.5,0.5,0.5833333333333333,0.6920052355323831,0.3079947644676178,0.8844711771870233,0.11552882059939411
1251,250.36691127418277,0.5,0.5,0.5833333333333333,0.692004126970439,0.30799587302956194,0.8844778923871705,0.11552210725890733
1252,250.5670446964643,0.5,0.5,0.5833333333333333,0.6920030914332004,0.3079969085668005,0.8844846303174816,0.11551537064081217
1253,250.76717811874582,0.5,0.5,0.5833333333333333,0.6920021281573804,0.30799787184262045,0.8844913892486913,0.11550861227184012
1254,250.96731154102733,0.5,0.5,0.5833333333333333,0.692001236379692,0.30799876362030887,0.8844981674515343,0.11550183367872263
1255,251.16744496330887,0.5,0.5,0.5833333333333333,0.6920004153368482,0.3079995846631527,0.8845049631967453,0.11549503638819118
1256,251.36757838559038,0.5,0.5,0.5833333333333333,0.6919996642655619,0.30800033573443897,0.8845117747550589,0.11548822192697725
1257,251.56771180787192,0.5,0.5,0.5833333333333333,0.69199898239217,0.30800101760783094,0.8845186007992021,0.11548139185453932
1258,251.76784523015343,0.5,0.5,0.5833333333333333,0.6919983689129757,0.30800163108702516,0.8845254411654322,0.11547454782506125
1259,251.96797865243494,0.5,0.5,0.5833333333333333,0.6919978230436243,0.30800217695637655,0.8845322949406902,0.11546769143172356
1260,252.16811207471648,0.5,0.5,0.5833333333333333,0.6919973440015694,0.30800265599843146,0.8845391611418447,0.11546082426200197
1261,252.368245496998,0.5,0.5,0.5833333333333333,0.6919969310228055,0.30800306897719537,0.8845460384901682,0.1154539478361182
1262,252.5683789192795,0.5,0.5,0.5833333333333333,0.6919965834192188,0.30800341658078206,0.8845529244970044,0.1154470633990106
1263,252.76851234156103,0.5,0.5,0.5833333333333333,0.691996300460267,0.30800369953973383,0.8845598173501269,0.115440172349519
1264,252.96864576384255,0.5,0.5,0.5833333333333333,0.6919960814086457,0.3080039185913552,0.8845667153451181,0.11543327611101196
1265,253.16877918612408,0.5,0.5,0.5833333333333333,0.6919959255192043,0.3080040744807965,0.8845736168464331,0.11542637609298194
1266,253.3689126084056,0.5,0.5,0.5833333333333333,0.6919958320010741,0.3080041679989267,0.8845805206198446,0.11541947362406538
1267,253.5690460306871,0.5,0.5,0.5833333333333333,0.6919958000850945,0.3080041999149063,0.8845874252405671,0.11541257007129177
1268,253.76917945296864,0.5,0.5,0.5833333333333333,0.6919958290077795,0.3080041709922213,0.8845943292340073,0.11540566681172564
1269,253.96931287525015,0.5,0.5,0.5833333333333333,0.691995918001128,0.30800408199887275,0.8846012311700724,0.11539876521212708
1270,254.16944629753166,0.5,0.5,0.5833333333333333,0.6919960662587298,0.308003933741271,0.8846081299972746,0.11539186655158769
1271,254.3695797198132,0.5,0.5,0.5833333333333333,0.6919962729889537,0.30800372701104706,0.8846150245184439,0.11538497214293268
1272,254.5697131420947,0.5,0.5,0.5833333333333333,0.6919965374065815,0.3080034625934193,0.8846219134732012,0.1153780833136239
1273,254.76984656437625,0.5,0.5,0.5833333333333333,0.6919968587262915,0.3080031412737093,0.8846287956045521,0.11537120137896466
1274,254.96997998665776,0.5,0.5,0.5833333333333333,0.691997236161449,0.3080027638385517,0.8846356696985955,0.11536432749947481
1275,255.17011340893927,0.5,0.5,0.5833333333333333,0.6919976689258709,0.30800233107412994,0.8846425345266167,0.11535746288888249
1276,255.3702468312208,0.5,0.5,0.5833333333333333,0.6919981562336783,0.3080018437663225,0.8846493888498993,0.11535060879683948
1277,255.57038025350232,0.5,0.5,0.5833333333333333,0.6919986972989929,0.30800130270100795,0.884656231429727,0.1153437664729976
1278,255.77051367578383,0.5,0.5,0.5833333333333333,0.6919992913354182,0.3080007086645826,0.8846630610519913,0.11533693713480068
1279,255.97064709806537,0.5,0.5,0.5833333333333333,0.6919999375537297,0.30800006244627115,0.8846698766369755,0.11533012182379142
1280,256.1707805203469,0.5,0.5,0.5833333333333333,0.69200063516625,0.30799936483375084,0.884676677031444,0.115323321677739
1281,256.3709139426284,0.5,0.5,0.5833333333333333,0.6920013833856632,0.3079986166143377,0.8846834610649841,0.11531653785689526
1282,256.57104736490993,0.5,0.5,0.5833333333333333,0.6920021814246533,0.3079978185753476,0.8846902275671827,0.11530977152151206
1283,256.77118078719144,0.5,0.5,0.5833333333333333,0.6920030284957348,0.30799697150426597,0.884696975431192,0.11530302377719151
1284,256.97131420947295,0.5,0.5,0.5833333333333333,0.6920039238109819,0.307996076189019,0.8847037037153396,0.11529629558752587
1285,257.1714476317545,0.5,0.5,0.5833333333333333,0.6920048665827934,0.30799513341720736,0.8847104113560255,0.11528958802093463
1286,257.371581054036,0.5,0.5,0.5833333333333333,0.692005856023595,0.3079941439764058,0.8847170972798104,0.11528290215429664
1287,257.57171447631754,0.5,0.5,0.5833333333333333,0.6920068913458121,0.3079931086541887,0.8847237604132552,0.11527623906449075
1288,257.77184789859905,0.5,0.5,0.5833333333333333,0.6920079717663549,0.30799202823364585,0.8847303997720579,0.11526959973966547
1289,257.97198132088056,0.5,0.5,0.5833333333333333,0.6920090965071873,0.30799090349281344,0.8847370144723448,0.11526298506799913
1290,258.1721147431621,0.5,0.5,0.5833333333333333,0.69201026478509,0.30798973521491074,0.8847436035272365,0.11525639604020586
1291,258.37224816544364,0.5,0.5,0.5833333333333333,0.6920114758167705,0.3079885241832302,0.8847501659483993,0.11524983364844757
1292,258.57238158772515,0.5,0.5,0.5833333333333333,0.6920127288190115,0.3079872711809891,0.8847567007481654,0.11524329888420023
1293,258.77251501000666,0.5,0.5,0.5833333333333333,0.6920140230366303,0.3079859769633704,0.884763207187602,0.11523679248286017
1294,258.97264843228817,0.5,0.5,0.5833333333333333,0.6920153577155016,0.30798464228449907,0.8847696845371609,0.11523031517016219
1295,259.1727818545697,0.5,0.5,0.5833333333333333,0.6920167320816267,0.307983267918374,0.8847761318909652,0.11522386785337628
1296,259.37291527685124,0.5,0.5,0.5833333333333333,0.6920181453610067,0.307981854638994,0.8847825483431381,0.11521745143977238
1297,259.57304869913276,0.5,0.5,0.5833333333333333,0.6920195967796428,0.3079804032203579,0.8847889329878028,0.11521106683662047
1298,259.77318212141427,0.5,0.5,0.5833333333333333,0.6920210855635361,0.3079789144364645,0.8847952849190825,0.11520471495119051
1299,259.9733155436958,0.5,0.5,0.5833333333333333,0.692022610938688,0.3079773890613127,0.8848016032311006,0.11519839669075248
1300,260.1734489659773,0.5,0.5,0.5833333333333333,0.6920241721310995,0.3079758278689012,0.8848078870179802,0.11519211296257631
1301,260.37358238825885,0.5,0.5,0.5833333333333333,0.6920257683667719,0.30797423163322885,0.8848141353738445,0.11518586467393199
1302,260.57371581054036,0.5,0.5,0.5833333333333333,0.6920273988717063,0.30797260112829444,0.8848203473928166,0.1151796527320895
1303,260.7738492328219,0.5,0.5,0.5833333333333333,0.6920290629176915,0.30797093708230916,0.8848265224826882,0.11517347772613196
1304,260.9739826551034,0.5,0.5,0.5833333333333333,0.6920307598309462,0.3079692401690544,0.8848326604241219,0.11516733986690035
1305,261.1741160773849,0.5,0.5,0.5833333333333333,0.692032488864272,0.3079675111357286,0.8848387604948373,0.11516123987542325
1306,261.37424949966646,0.5,0.5,0.5833333333333333,0.6920342492685662,0.30796575073143445,0.8848448219595082,0.11515517848596346
1307,261.574382921948,0.5,0.5,0.5833333333333333,0.6920360402947259,0.3079639597052747,0.8848508440828079,0.11514915643278384
1308,261.7745163442295,0.5,0.5,0.5833333333333333,0.6920378611936484,0.30796213880635215,0.8848568261294101,0.11514317445014718
1309,261.974649766511,0.5,0.5,0.5833333333333333,0.692039711216231,0.30796028878376963,0.8848627673639883,0.11513723327231636
1310,262.1747831887925,0.5,0.5,0.5833333333333333,0.6920415896133707,0.30795841038662986,0.8848686670512159,0.11513133363355417
1311,262.374916611074,0.5,0.5,0.5833333333333333,0.692043495635965,0.3079565043640356,0.8848745244557666,0.11512547626812346
1312,262.5750500333556,0.5,0.5,0.5833333333333333,0.6920454285349109,0.3079545714650897,0.884880338842314,0.11511966191028705
1313,262.7751834556371,0.5,0.5,0.5833333333333333,0.6920473875955947,0.3079526124044059,0.8848861096327362,0.11511389113780589
1314,262.9753168779186,0.5,0.5,0.5833333333333333,0.6920493722282625,0.30795062777173804,0.8848918368180395,0.11510816396185797
1315,263.1754503002001,0.5,0.5,0.5833333333333333,0.6920513817352023,0.30794861826479825,0.8848975198971425,0.11510248088350848
1316,263.3755837224816,0.5,0.5,0.5833333333333333,0.6920534154038523,0.3079465845961482,0.8849031583012773,0.11509684247120643
1317,263.5757171447632,0.5,0.5,0.5833333333333333,0.6920554725216509,0.30794452747834966,0.884908751461676,0.11509124929340078
1318,263.7758505670447,0.5,0.5,0.5833333333333333,0.6920575523760362,0.30794244762396433,0.8849142988095707,0.11508570191854055
1319,263.9759839893262,0.5,0.5,0.5833333333333333,0.6920596542544466,0.307940345745554,0.8849197997761936,0.11508020091507472
1320,264.1761174116077,0.5,0.5,0.5833333333333333,0.6920617774443202,0.30793822255568043,0.8849252537927768,0.1150747468514523
1321,264.37625083388923,0.5,0.5,0.5833333333333333,0.6920639212330953,0.30793607876690526,0.8849306602905523,0.11506934029612227
1322,264.5763842561708,0.5,0.5,0.5833333333333333,0.6920660849082103,0.3079339150917903,0.8849360187007524,0.11506398181753365
1323,264.7765176784523,0.5,0.5,0.5833333333333333,0.6920682695478004,0.3079317304522001,0.8849413346056162,0.11505866589800812
1324,264.9766511007338,0.5,0.5,0.5833333333333333,0.6920704704635515,0.3079295295364491,0.8849465937797493,0.11505340661857362
1325,265.17678452301533,0.5,0.5,0.5833333333333333,0.6920726896033268,0.30792731039667376,0.884951804792888,0.11504819550556601
1326,265.37691794529684,0.5,0.5,0.5833333333333333,0.6920749262629591,0.30792507373704153,0.8849569671050993,0.11504303309890392
1327,265.57705136757835,0.5,0.5,0.5833333333333333,0.6920771797427795,0.30792282025722106,0.8849620801919023,0.11503791992321621
1328,265.7771847898599,0.5,0.5,0.5833333333333333,0.692079449347618,0.30792055065238255,0.8849671435442691,0.11503285648784214
1329,265.9773182121414,0.5,0.5,0.5833333333333333,0.6920817343868032,0.30791826561319735,0.8849721566686245,0.11502784328683122
1330,266.17745163442294,0.5,0.5,0.5833333333333333,0.6920840341741621,0.3079159658258384,0.8849771190868458,0.11502288079894327
1331,266.37758505670445,0.5,0.5,0.5833333333333333,0.6920863480280206,0.30791365197197995,0.8849820303362631,0.11501796948764843
1332,266.57771847898596,0.5,0.5,0.5833333333333333,0.6920886752712031,0.3079113247287975,0.8849868899696591,0.11501310980112718
1333,266.7778519012675,0.5,0.5,0.5833333333333333,0.6920910152331157,0.307908984766885,0.8849916975602701,0.11500830216722775
1334,266.97798532354904,0.5,0.5,0.5833333333333333,0.69209336739356,0.3079066326064407,0.8849964530470258,0.115003546645336
1335,267.17811874583055,0.5,0.5,0.5833333333333333,0.692095731209725,0.30790426879027555,0.885001156319225,0.11499884334517668
1336,267.37825216811206,0.5,0.5,0.5833333333333333,0.6920981060664966,0.307901893933504,0.8850058070972481,0.1149941925470992
1337,267.57838559039357,0.5,0.5,0.5833333333333333,0.6921004913556607,0.30789950864434,0.8850104051226936,0.11498959451034935
1338,267.77851901267513,0.5,0.5,0.5833333333333333,0.6921028864759035,0.3078971135240971,0.8850149501583786,0.11498504947306927
1339,267.97865243495664,0.5,0.5,0.5833333333333333,0.6921052908328121,0.30789470916718853,0.8850194419883387,0.11498055765229742
1340,268.17878585723815,0.5,0.5,0.5833333333333333,0.6921077038388735,0.307892296161127,0.8850238804178275,0.11497611924396862
1341,268.37891927951966,0.5,0.5,0.5833333333333333,0.6921101249134757,0.307889875086525,0.8850282652733175,0.11497173442291402
1342,268.5790527018012,0.5,0.5,0.5833333333333333,0.6921125534829062,0.3078874465170944,0.8850325964024991,0.1149674033428611
1343,268.7791861240827,0.5,0.5,0.5833333333333333,0.6921149889803537,0.3078850110196468,0.8850368736742814,0.1149631261364337
1344,268.97931954636425,0.5,0.5,0.5833333333333333,0.692117430845907,0.3078825691540935,0.8850410969787917,0.11495890291515198
1345,269.17945296864576,0.5,0.5,0.5833333333333333,0.6921198785265554,0.3078801214734452,0.8850452662273761,0.11495473376943248
1346,269.3795863909273,0.5,0.5,0.5833333333333333,0.6921223314761883,0.30787766852381226,0.8850493813525985,0.11495061876858802
1347,269.5797198132088,0.5,0.5,0.5833333333333333,0.6921247891555958,0.3078752108444047,0.8850534423082415,0.11494655796082781
1348,269.7798532354903,0.5,0.5,0.5833333333333333,0.6921272510324684,0.3078727489675322,0.8850574490693062,0.11494255137325739
1349,269.97998665777186,0.5,0.5,0.5833333333333333,0.6921297165813968,0.30787028341860384,0.8850614016320117,0.1149385990118786
1350,270.18012008005337,0.5,0.5,0.5833333333333333,0.6921321852807178,0.3078678147192827,0.8850652999608749,0.1149347009130658
1351,270.3802535023349,0.5,0.5,0.5833333333333333,0.6921346565906137,0.3078653434093869,0.8850691436212731,0.11493085750096858
1352,270.5803869246164,0.5,0.5,0.5833333333333333,0.6921371299944357,0.30786287000556495,0.8850729324727509,0.1149270689131374
1353,270.7805203468979,0.5,0.5,0.5833333333333333,0.6921396049875367,0.30786039501246387,0.8850766664816524,0.11492333518277485
1354,270.98065376917947,0.5,0.5,0.5833333333333333,0.692142081071803,0.3078579189281976,0.885080345629383,0.11491965632796902
1355,271.180787191461,0.5,0.5,0.5833333333333333,0.6921445577556543,0.3078554422443463,0.8850839699124087,0.11491603235169363
1356,271.3809206137425,0.5,0.5,0.5833333333333333,0.6921470345540435,0.307852965445957,0.885087539342257,0.11491246324180801
1357,271.581054036024,0.5,0.5,0.5833333333333333,0.6921495109884571,0.3078504890115434,0.885091053945516,0.11490894897105705
1358,271.7811874583055,0.5,0.5,0.5833333333333333,0.692151986586915,0.30784801341308554,0.885094513763835,0.1149054894970712
1359,271.981320880587,0.5,0.5,0.5833333333333333,0.6921544608839703,0.30784553911603024,0.8850979188539241,0.11490208476236656
1360,272.1814543028686,0.5,0.5,0.5833333333333333,0.6921569334207096,0.307843066579291,0.8851012692875547,0.11489873469434476
1361,272.3815877251501,0.5,0.5,0.5833333333333333,0.6921594037447528,0.3078405962552477,0.8851045651515592,0.11489543920529306
1362,272.5817211474316,0.5,0.5,0.5833333333333333,0.6921618714102535,0.307838128589747,0.8851078065478306,0.11489219819238428
1363,272.7818545697131,0.5,0.5,0.5833333333333333,0.6921643359778983,0.3078356640221022,0.8851109935933235,0.11488901153767685
1364,272.98198799199463,0.5,0.5,0.5833333333333333,0.6921667970149075,0.3078332029850931,0.8851141264200528,0.11488587910811475
1365,273.1821214142762,0.5,0.5,0.5833333333333333,0.6921692540950344,0.3078307459049661,0.8851172051750951,0.11488280075552758
1366,273.3822548365577,0.5,0.5,0.5833333333333333,0.6921717067985662,0.30782829320143434,0.8851202300205876,0.11487977631663053
1367,273.5823882588392,0.5,0.5,0.5833333333333333,0.6921741547073524,0.30782584529264817,0.8851232010134574,0.11487680573057749
1368,273.7825216811207,0.5,0.5,0.5833333333333333,0.6921765973992464,0.30782340260075414,0.885126117970917,0.11487388917042612
1369,273.98265510340224,0.5,0.5,0.5833333333333333,0.6921790344697614,0.30782096553023913,0.8851289809944539,0.11487102653098936
1370,274.1827885256838,0.5,0.5,0.5833333333333333,0.6921814655215035,0.30781853447849705,0.8851317902141573,0.11486821767873119
1371,274.3829219479653,0.5,0.5,0.5833333333333333,0.6921838901634108,0.30781610983658986,0.8851345457703006,0.11486546246976789
1372,274.5830553702468,0.5,0.5,0.5833333333333333,0.6921863080107529,0.3078136919892477,0.8851372478133409,0.11486276074986808
1373,274.78318879252834,0.5,0.5,0.5833333333333333,0.6921887186851315,0.307811281314869,0.8851398965039198,0.11486011235445259
1374,274.98332221480985,0.5,0.5,0.5833333333333333,0.6921911218144804,0.3078088781855202,0.8851424920128627,0.11485751710859457
1375,275.18345563709136,0.5,0.5,0.5833333333333333,0.6921935170330645,0.307806482966936,0.8851450345211793,0.11485497482701945
1376,275.3835890593729,0.5,0.5,0.5833333333333333,0.6921959039814812,0.3078040960185194,0.8851475242200634,0.11485248531410494
1377,275.58372248165443,0.5,0.5,0.5833333333333333,0.6921982823066594,0.30780171769334114,0.8851499613108926,0.11485004836388103
1378,275.78385590393594,0.5,0.5,0.5833333333333333,0.69220065166186,0.3077993483381406,0.8851523460052291,0.11484766376003001
1379,275.98398932621745,0.5,0.5,0.5833333333333333,0.6922030117066755,0.3077969882933251,0.8851546785248187,0.11484533127588645
1380,276.18412274849896,0.5,0.5,0.5833333333333333,0.6922053621070304,0.30779463789297007,0.8851569591015916,0.11484305067443715
1381,276.38425617078053,0.5,0.5,0.5833333333333333,0.6922077025351813,0.30779229746481934,0.8851591879776621,0.11484082170832127
1382,276.58438959306204,0.5,0.5,0.5833333333333333,0.6922100326697159,0.30778996733028463,0.8851613654053285,0.11483864411983023
1383,276.78452301534355,0.5,0.5,0.5833333333333333,0.6922123521955544,0.30778764780444606,0.885163491647073,0.11483651764090784
1384,276.98465643762506,0.5,0.5,0.5833333333333333,0.6922146607916776,0.30778533920832296,0.885165566862321,0.1148344421196874
1385,277.1847898599066,0.5,0.5,0.5833333333333333,0.6922169581405596,0.307783041859441,0.8851675911944915,0.11483241742321998
1386,277.38492328218814,0.5,0.5,0.5833333333333333,0.6922192439415993,0.3077807560584013,0.8851695648949383,0.11483044329898105
1387,277.58505670446965,0.5,0.5,0.5833333333333333,0.6922215179002793,0.30777848209972125,0.8851714882229106,0.11482851948665558
1388,277.78519012675116,0.5,0.5,0.5833333333333333,0.6922237797281662,0.3077762202718344,0.8851733614455533,0.11482664571813811
1389,277.98532354903267,0.5,0.5,0.5833333333333333,0.6922260291429101,0.30777397085709046,0.8851751848379067,0.11482482171753276
1390,278.1854569713142,0.5,0.5,0.5833333333333333,0.6922282658682453,0.30777173413175524,0.8851769586829068,0.1148230472011532
1391,278.3855903935957,0.5,0.5,0.5833333333333333,0.6922304896339897,0.30776951036601086,0.8851786832713849,0.11482132187752264
1392,278.58572381587726,0.5,0.5,0.5833333333333333,0.6922327001760452,0.3077672998239554,0.885180358902068,0.11481964544737389
1393,278.78585723815877,0.5,0.5,0.5833333333333333,0.6922348972363973,0.30776510276360325,0.8851819858815786,0.11481801760364928
1394,278.9859906604403,0.5,0.5,0.5833333333333333,0.6922370805631156,0.30776291943688494,0.8851835645244347,0.11481643803150071
1395,279.1861240827218,0.5,0.5,0.5833333333333333,0.6922392499103535,0.3077607500896471,0.8851850951530499,0.11481490640828967
1396,279.3862575050033,0.5,0.5,0.5833333333333333,0.6922414050383479,0.30775859496165264,0.8851865780977332,0.11481342240358716
1397,279.58639092728487,0.5,0.5,0.5833333333333333,0.6922435457134201,0.30775645428658055,0.8851880136966892,0.11481198567917378
1398,279.7865243495664,0.5,0.5,0.5833333333333333,0.6922456717079746,0.307754328292026,0.8851894022960181,0.11481059588903968
1399,279.9866577718479,0.5,0.5,0.5833333333333333,0.6922477828005004,0.30775221719950024,0.8851907442497156,0.11480925267938452
1400,280.1867911941294,0.5,0.5,0.5833333333333333,0.6922498787745097,0.30775012122549084,0.8851920399125565,0.11480795569739
1401,280.3869246164109,0.5,0.5,0.5833333333333333,0.6922519594015344,0.3077480405984662,0.8851932895259335,0.11480670473194714
1402,280.5870580386925,0.5,0.5,0.5833333333333333,0.6922540244676227,0.30774597553237776,0.8851944933957505,0.11480549949436614
1403,280.787191460974,0.5,0.5,0.5833333333333333,0.6922560737706556,0.30774392622934493,0.8851956518743973,0.11480433964059591
1404,280.9873248832555,0.5,0.5,0.5833333333333333,0.69225810711433,0.30774189288567055,0.8851967653203655,0.11480322482100623
1405,281.187458305537,0.5,0.5,0.5833333333333333,0.6922601243081598,0.30773987569184075,0.8851978340982485,0.11480215468038768
1406,281.3875917278185,0.5,0.5,0.5833333333333333,0.6922621251674755,0.30773787483252507,0.885198858578741,0.11480112885795168
1407,281.5877251501,0.5,0.5,0.5833333333333333,0.6922641095134242,0.30773589048657635,0.88519983913864,0.11480014698733051
1408,281.7878585723816,0.5,0.5,0.5833333333333333,0.6922660771729696,0.3077339228270309,0.8852007761608437,0.11479920869657725
1409,281.9879919946631,0.5,0.5,0.5833333333333333,0.6922680279788923,0.3077319720211083,0.8852016700343521,0.11479831360816586
1410,282.1881254169446,0.5,0.5,0.5833333333333333,0.692269961769789,0.3077300382302115,0.8852025211542671,0.1147974613389911
1411,282.3882588392261,0.5,0.5,0.5833333333333333,0.6922718783900736,0.30772812160992685,0.885203329921792,0.11479665150036857
1412,282.58839226150764,0.5,0.5,0.5833333333333333,0.6922737776899766,0.30772622231002406,0.885204096744232,0.11479588369803474
1413,282.7885256837892,0.5,0.5,0.5833333333333333,0.6922756595255444,0.3077243404744561,0.8852048220349938,0.11479515753214688
1414,282.9886591060707,0.5,0.5,0.5833333333333333,0.692277523758641,0.30772247624135957,0.8852055062135863,0.11479447259728309
1415,283.1887925283522,0.5,0.5,0.5833333333333333,0.6922793702569465,0.30772062974305403,0.8852061497056193,0.11479382848244236
1416,283.38892595063373,0.5,0.5,0.5833333333333333,0.6922811988939578,0.30771880110604277,0.8852067529428049,0.11479322477104449
1417,283.58905937291524,0.5,0.5,0.5833333333333333,0.6922830095423832,0.3077169904576173,0.8852073163275395,0.1147926610693777
1418,283.7891927951968,0.5,0.5,0.5833333333333333,0.6922848020546694,0.3077151979453312,0.8852078401284843,0.11479213709046972
1419,283.9893262174783,0.5,0.5,0.5833333333333333,0.6922865763103664,0.3077134236896341,0.8852083247345466,0.11479165245008699
1420,284.18945963975983,0.5,0.5,0.5833333333333333,0.6922883321976431,0.30771166780235754,0.8852087705557591,0.11479120674634964
1421,284.38959306204134,0.5,0.5,0.5833333333333333,0.692290069609985,0.30770993039001565,0.885209178005577,0.11479079957395034
1422,284.58972648432285,0.5,0.5,0.5833333333333333,0.6922917884461949,0.30770821155380573,0.8852095475008784,0.11479043052415443
1423,284.7898599066044,0.5,0.5,0.5833333333333333,0.6922934886103925,0.30770651138960803,0.8852098794619642,0.11479009918479977
1424,284.98999332888593,0.5,0.5,0.5833333333333333,0.6922951700120149,0.3077048299879857,0.885210174312558,0.11478980514029688
1425,285.19012675116744,0.5,0.5,0.5833333333333333,0.6922968325658156,0.30770316743418497,0.885210432479806,0.11478954797162885
1426,285.39026017344895,0.5,0.5,0.5833333333333333,0.6922984761918657,0.3077015238081349,0.8852106543942775,0.1147893272563514
1427,285.59039359573046,0.5,0.5,0.5833333333333333,0.6923001008155529,0.3076998991844476,0.885210840489964,0.11478914256859281
1428,285.79052701801197,0.5,0.5,0.5833333333333333,0.6923017063675824,0.3076982936324182,0.8852109912042805,0.11478899347905401
1429,285.99066044029354,0.5,0.5,0.5833333333333333,0.692303292783976,0.30769670721602466,0.8852111069780639,0.11478887955500848
1430,286.19079386257505,0.5,0.5,0.5833333333333333,0.6923048600060726,0.30769513999392795,0.8852111882555747,0.11478880036030234
1431,286.39092728485656,0.5,0.5,0.5833333333333333,0.6923064079805284,0.3076935920194721,0.8852112354844953,0.11478875545535429
1432,286.59106070713807,0.5,0.5,0.5833333333333333,0.6923079366554491,0.3076920633445515,0.8852112490921095,0.11478874440800814
1433,286.7911941294196,0.5,0.5,0.5833333333333333,0.6923094459572434,0.3076905540427573,0.8852112293427336,0.11478876685848209
1434,286.99132755170115,0.5,0.5,0.5833333333333333,0.6923109358354903,0.30768906416451036,0.8852111766140719,0.11478882239347028
1435,287.19146097398266,0.5,0.5,0.5833333333333333,0.6923124062499029,0.30768759375009785,0.8852110913169211,0.11478891058272311
1436,287.39159439626417,0.5,0.5,0.5833333333333333,0.69231385716503,0.30768614283497064,0.885210973862539,0.11478903099391283
1437,287.5917278185457,0.5,0.5,0.5833333333333333,0.6923152885502573,0.3076847114497434,0.8852108246626443,0.1147891831926334
1438,287.7918612408272,0.5,0.5,0.5833333333333333,0.6923167003798061,0.3076832996201946,0.8852106441294174,0.11478936674240064
1439,287.99199466310876,0.5,0.5,0.5833333333333333,0.6923180926327342,0.3076819073672664,0.8852104326754994,0.11478958120465216
1440,288.19212808539027,0.5,0.5,0.5833333333333333,0.6923194652929358,0.3076805347070649,0.8852101907139927,0.11478982613874733
1441,288.3922615076718,0.5,0.5,0.5833333333333333,0.6923208183491407,0.3076791816508599,0.8852099186584608,0.11479010110196736
1442,288.5923949299533,0.5,0.5,0.5833333333333333,0.6923221517949157,0.3076778482050849,0.8852096169229287,0.11479040564951523
1443,288.7925283522348,0.5,0.5,0.5833333333333333,0.6923234656286633,0.3076765343713373,0.8852092859218821,0.11479073933451572
1444,288.9926617745163,0.5,0.5,0.5833333333333333,0.6923247598536224,0.30767524014637826,0.8852089260702682,0.11479110170801543
1445,289.1927951967979,0.5,0.5,0.5833333333333333,0.692326034477868,0.3076739655221327,0.8852085377834955,0.11479149231898274
1446,289.3929286190794,0.5,0.5,0.5833333333333333,0.6923272895143113,0.30767271048568934,0.8852081214774331,0.11479191071430779
1447,289.5930620413609,0.5,0.5,0.5833333333333333,0.6923285249775118,0.3076714750224888,0.8852076775658352,0.11479235644536724
1448,289.7931954636424,0.5,0.5,0.5833333333333333,0.6923297408436918,0.30767025915630886,0.8852072064280236,0.1147928291503559
1449,289.9933288859239,0.5,0.5,0.5833333333333333,0.6923309371154764,0.30766906288452417,0.8852067084612123,0.11479332842098297
1450,290.1934623082055,0.5,0.5,0.5833333333333333,0.6923321138121687,0.3076678861878319,0.8852061840726464,0.11479385382249753
1451,290.393595730487,0.5,0.5,0.5833333333333333,0.6923332709571435,0.3076667290428572,0.8852056336694146,0.11479440491964372
1452,290.5937291527685,0.5,0.5,0.5833333333333333,0.6923344085778478,0.30766559142215283,0.8852050576584495,0.11479498127666084
1453,290.79386257505,0.5,0.5,0.5833333333333333,0.692335526705801,0.30766447329419966,0.8852044564465268,0.11479558245728325
1454,290.9939959973315,0.5,0.5,0.5833333333333333,0.6923366253765942,0.30766337462340637,0.8852038304402665,0.11479620802474043
1455,291.1941294196131,0.5,0.5,0.5833333333333333,0.6923377046298912,0.3076622953701095,0.8852031800461316,0.11479685754175703
1456,291.3942628418946,0.5,0.5,0.5833333333333333,0.6923387645094272,0.30766123549057345,0.8852025056704292,0.11479753057055274
1457,291.5943962641761,0.5,0.5,0.5833333333333333,0.6923398050630102,0.3076601949369905,0.8852018077193098,0.11479822667284241
1458,291.7945296864576,0.5,0.5,0.5833333333333333,0.6923408263425198,0.30765917365748086,0.8852010865987674,0.11479894540983596
1459,291.99466310873913,0.5,0.5,0.5833333333333333,0.692341828403908,0.3076581715960926,0.8852003427146399,0.11479968634223847
1460,292.19479653102064,0.5,0.5,0.5833333333333333,0.6923428113071991,0.3076571886928016,0.8851995764726087,0.11480044903025009
1461,292.3949299533022,0.5,0.5,0.5833333333333333,0.6923437751164889,0.3076562248835117,0.8851987882781989,0.11480123303356612
1462,292.5950633755837,0.5,0.5,0.5833333333333333,0.6923447198984043,0.30765528010159643,0.8851979785482127,0.11480203791398544
1463,292.79519679786523,0.5,0.5,0.5833333333333333,0.6923456456602437,0.307654354339757,0.8851971481694406,0.11480286334006007
1464,292.99533022014674,0.5,0.5,0.5833333333333333,0.69234655239261,0.3076534476073907,0.8851962981825233,0.11480370901497207
1465,293.19546364242825,0.5,0.5,0.5833333333333333,0.6923474400934004,0.3076525599066003,0.8851954296040504,0.11480457463594725
1466,293.3955970647098,0.5,0.5,0.5833333333333333,0.6923483087640505,0.3076516912359502,0.8851945434282514,0.11480545990044222
1467,293.59573048699133,0.5,0.5,0.5833333333333333,0.6923491585465218,0.3076508414534789,0.885193639364164,0.11480636427281286
1468,293.79586390927284,0.5,0.5,0.5833333333333333,0.692349989572027,0.3076500104279737,0.8851927172301732,0.11480728724198133
1469,293.99599733155435,0.5,0.5,0.5833333333333333,0.6923508019706271,0.30764919802937346,0.8851917768655402,0.11480822830508901
1470,294.19613075383586,0.5,0.5,0.5833333333333333,0.6923515958682893,0.3076484041317112,0.8851908181837296,0.11480918697261262
1471,294.3962641761174,0.5,0.5,0.5833333333333333,0.6923523713082863,0.30764762869171425,0.8851898419828214,0.11481016290258575
1472,294.59639759839894,0.5,0.5,0.5833333333333333,0.6923531283714456,0.307646871628555,0.8851888487056777,0.11481115569525578
1473,294.79653102068045,0.5,0.5,0.5833333333333333,0.6923538671434416,0.30764613285655895,0.8851878387771781,0.11481216494893723
1474,294.99666444296196,0.5,0.5,0.5833333333333333,0.6923545877082088,0.30764541229179176,0.8851868126580271,0.11481319027009947
1475,295.19679786524347,0.5,0.5,0.5833333333333333,0.6923552901473331,0.3076447098526674,0.885185770838766,0.11481423127339696
1476,295.396931287525,0.5,0.5,0.5833333333333333,0.6923559745417,0.30764402545830055,0.8851847138559948,0.11481528758158753
1477,295.59706470980655,0.5,0.5,0.5833333333333333,0.6923566409307923,0.3076433590692082,0.88518364254203,0.11481635884542328
1478,295.79719813208806,0.5,0.5,0.5833333333333333,0.6923572895249023,0.30764271047509817,0.8851825565569889,0.11481744461151389
1479,295.99733155436957,0.5,0.5,0.5833333333333333,0.692357920351189,0.30764207964881146,0.8851814566915742,0.11481854450760053
1480,296.1974649766511,0.5,0.5,0.5833333333333333,0.6923585335310912,0.3076414664689093,0.8851803431811105,0.1148196581261066
1481,296.3975983989326,0.5,0.5,0.5833333333333333,0.6923591291851159,0.30764087081488467,0.8851792162720756,0.11482078506144607
1482,296.59773182121415,0.5,0.5,0.5833333333333333,0.6923597074172171,0.3076402925827835,0.8851780764091256,0.11482192494340086
1483,296.79786524349566,0.5,0.5,0.5833333333333333,0.6923602683357778,0.30763973166422276,0.8851769239838906,0.11482307739228967
1484,296.9979986657772,0.5,0.5,0.5833333333333333,0.6923608120537815,0.307639187946219,0.885175759332923,0.11482424201860164
1485,297.1981320880587,0.5,0.5,0.5833333333333333,0.6923613386842119,0.30763866131578865,0.8851745827927754,0.11482541843282595
1486,297.3982655103402,0.5,0.5,0.5833333333333333,0.6923618483404554,0.3076381516595451,0.8851733947132301,0.11482660625040012
1487,297.59839893262176,0.5,0.5,0.5833333333333333,0.6923623411391361,0.3076376588608644,0.8851721955502919,0.11482780512649118
1488,297.7985323549033,0.5,0.5,0.5833333333333333,0.6923628171954024,0.30763718280459806,0.8851709857115576,0.11482901469816054
1489,297.9986657771848,0.5,0.5,0.5833333333333333,0.6923632766238429,0.30763672337615766,0.8851697655862409,0.11483023459559391
1490,298.1987991994663,0.5,0.5,0.5833333333333333,0.6923637195390457,0.30763628046095476,0.885168535563556,0.11483146444897709
1491,298.3989326217478,0.5,0.5,0.5833333333333333,0.6923641460600978,0.30763585393990284,0.8851672960185559,0.11483270389303249
1492,298.5990660440293,0.5,0.5,0.5833333333333333,0.6923645563250533,0.30763544367494733,0.8851660472665828,0.11483395258161233
1493,298.7991994663109,0.5,0.5,0.5833333333333333,0.6923649504603382,0.3076350495396624,0.8851647896595858,0.11483521015684091
1494,298.9993328885924,0.5,0.5,0.5833333333333333,0.6923653285904541,0.30763467140954653,0.8851635235555719,0.11483647625890185
1495,299.1994663108739,0.5,0.5,0.5833333333333333,0.6923656908399025,0.3076343091600981,0.8851622493125479,0.1148377505279788
1496,299.3995997331554,0.5,0.5,0.5833333333333333,0.6923660388778906,0.30763396112211,0.8851609712227343,0.1148390285721685
1497,299.5997331554369,0.5,0.5,0.5833333333333333,0.6923663688976803,0.30763363110232017,0.8851596794695291,0.11484032043125952
1498,299.7998665777185,0.5,0.5,0.5833333333333333,0.6923666838543366,0.3076333161456639,0.8851583816293377,0.11484161834906302
1499,300.0,0.5,0.5,0.5833333333333333,0.6923669837478594,0.3076330162521411,0.8851570777021598,0.11484292232557898
