,time,beta,alpha,sigma_D,sigma_C,S_c,S_d,I_c,I_d,R0
0,0.0,4.583333333333334,0.2,0.5,0.3333333333333333,0.09995999999999998,0.89964,3.999999999999999e-05,0.00036,20.31102638392506
1,0.200133422281521,4.583333333333334,0.2,0.5,0.3333333333333333,0.09991661445067074,0.8992495300560368,8.338554932923825e-05,0.0007504699439631445,20.31102638392506
2,0.400266844563042,4.583333333333334,0.2,0.5,0.3333333333333333,0.09982626378451886,0.89843637406067,0.0001737362154811006,0.0015636259393299057,20.31102638392506
3,0.600400266844563,4.583333333333334,0.2,0.5,0.3333333333333333,0.0996383846029931,0.896745461426938,0.00036161539700688947,0.0032545385730620054,20.31102638392506
4,0.800533689126084,4.583333333333334,0.2,0.5,0.3333333333333333,0.09924891927175987,0.8932402734458388,0.0007510807282401346,0.006759726554161213,20.31102638392506
5,1.0006671114076051,4.583333333333334,0.2,0.5,0.3333333333333333,0.09844679425117878,0.886021148260609,0.0015532057488212294,0.013978851739391063,20.31102638392506
6,1.200800533689126,4.583333333333334,0.2,0.5,0.3333333333333333,0.0968165848544508,0.8713492636900572,0.003183415145549203,0.028650736309942824,20.31102638392506
7,1.400933955970647,4.583333333333334,0.2,0.5,0.3333333333333333,0.09359113922656608,0.8423202530390949,0.006408860773433924,0.057679746960905304,20.31102638392506
8,1.601067378252168,4.583333333333334,0.2,0.5,0.3333333333333333,0.08753532589388295,0.7878179330449466,0.012464674106117062,0.11218206695505356,20.31102638392506
9,1.801200800533689,4.583333333333334,0.2,0.5,0.3333333333333333,0.0772088247197504,0.6948794224777534,0.022791175280249643,0.20512057752224674,20.31102638392506
10,2.0013342228152102,4.583333333333334,0.2,0.5,0.3333333333333333,0.0621878424600992,0.5596905821408928,0.037812157539900804,0.3403094178591072,20.31102638392506
11,2.201467645096731,4.583333333333334,0.2,0.5,0.3333333333333333,0.04471679762346828,0.40245117861121454,0.055283202376531726,0.49754882138878553,20.31102638392506
12,2.401601067378252,4.583333333333334,0.2,0.5,0.3333333333333333,0.028982504751991073,0.2608425427679197,0.0710174952480089,0.6391574572320805,20.31102638392506
13,2.601734489659773,4.583333333333334,0.2,0.5,0.3333333333333333,0.01775875326392713,0.15982877937534418,0.08224124673607285,0.7401712206246559,20.31102638392506
14,2.801867911941294,4.583333333333334,0.2,0.5,0.3333333333333333,0.01101530081212065,0.09913770730908587,0.08898469918787932,0.8008622926909144,20.31102638392506
15,3.002001334222815,4.583333333333334,0.2,0.5,0.3333333333333333,0.007373445425257066,0.06636100882731359,0.09262655457474292,0.8336389911726866,20.31102638392506
16,3.202134756504336,4.583333333333334,0.2,0.5,0.3333333333333333,0.005519294630991807,0.04967365167892627,0.09448070536900817,0.8503263483210739,20.31102638392506
17,3.402268178785857,4.583333333333334,0.2,0.5,0.3333333333333333,0.004603631869895672,0.04143268682906107,0.0953963681301043,0.858567313170939,20.31102638392506
18,3.602401601067378,4.583333333333334,0.2,0.5,0.3333333333333333,0.004158240616632307,0.03742416554969079,0.09584175938336764,0.8625758344503093,20.31102638392506
19,3.802535023348899,4.583333333333334,0.2,0.5,0.3333333333333333,0.003943194348894923,0.03548874914005433,0.09605680565110503,0.8645112508599457,20.31102638392506
20,4.0026684456304205,4.583333333333334,0.2,0.5,0.3333333333333333,0.0038397355886634664,0.03455762029797122,0.09616026441133646,0.8654423797020289,20.31102638392506
21,4.202801867911941,4.583333333333334,0.2,0.5,0.3333333333333333,0.0037900474369363863,0.034110426932427496,0.09620995256306354,0.8658895730675726,20.31102638392506
22,4.402935290193462,4.583333333333334,0.2,0.5,0.3333333333333333,0.0037662034633767962,0.03389583117039119,0.09623379653662313,0.8661041688296091,20.31102638392506
23,4.603068712474983,4.583333333333334,0.2,0.5,0.3333333333333333,0.0037547660522600818,0.03379289447034077,0.09624523394773986,0.8662071055296596,20.31102638392506
24,4.803202134756504,4.583333333333334,0.2,0.5,0.3333333333333333,0.003749280746558604,0.03374352671902748,0.09625071925344135,0.866256473280973,20.31102638392506
25,5.003335557038025,4.583333333333334,0.2,0.5,0.3333333333333333,0.0037466503082169904,0.03371985277395295,0.09625334969178297,0.8662801472260474,20.31102638392506
26,5.203468979319546,4.583333333333334,0.2,0.5,0.3333333333333333,0.0037453887996015092,0.03370849919641361,0.09625461120039845,0.8662915008035869,20.31102638392506
27,5.403602401601067,4.583333333333334,0.2,0.5,0.3333333333333333,0.003744783913339682,0.03370305522005716,0.09625521608666028,0.8662969447799432,20.31102638392506
28,5.603735823882588,4.583333333333334,0.2,0.5,0.3333333333333333,0.0037444938681865944,0.03370044481367938,0.09625550613181336,0.8662995551863211,20.31102638392506
29,5.803869246164109,4.583333333333334,0.2,0.5,0.3333333333333333,0.0037443546998415047,0.03369919229857357,0.09625564530015844,0.8663008077014269,20.31102638392506
30,6.00400266844563,4.583333333333334,0.2,0.5,0.3333333333333333,0.0037442881840738956,0.03369859365666509,0.09625571181592606,0.8663014063433353,20.31102638392506
31,6.204136090727151,4.583333333333334,0.2,0.5,0.3333333333333333,0.003744256286564727,0.03369830657908257,0.09625574371343523,0.8663016934209178,20.31102638392506
32,6.404269513008672,4.583333333333334,0.2,0.5,0.3333333333333333,0.0037442409442349006,0.03369816849811414,0.09625575905576507,0.8663018315018863,20.31102638392506
33,6.604402935290193,4.583333333333334,0.2,0.5,0.3333333333333333,0.0037442334151009597,0.03369810073590867,0.09625576658489901,0.8663018992640916,20.31102638392506
34,6.804536357571714,4.583333333333334,0.2,0.5,0.3333333333333333,0.0037442298458558094,0.03369806861270231,0.09625577015414415,0.8663019313872979,20.31102638392506
35,7.004669779853235,4.583333333333334,0.2,0.5,0.3333333333333333,0.0037442282469968002,0.03369805422297123,0.09625577175300315,0.866301945777029,20.31102638392506
36,7.204803202134756,4.583333333333334,0.2,0.5,0.3333333333333333,0.003744227481765695,0.03369804733589129,0.09625577251823426,0.866301952664109,20.31102638392506
37,7.404936624416277,4.583333333333334,0.2,0.5,0.3333333333333333,0.003744227090763085,0.03369804381686779,0.09625577290923687,0.8663019561831324,20.31102638392506
38,7.605070046697798,4.583333333333334,0.2,0.5,0.3333333333333333,0.0037442268980576645,0.033698042082519,0.09625577310194229,0.8663019579174812,20.31102638392506
39,7.805203468979319,4.583333333333334,0.2,0.5,0.3333333333333333,0.003744226804159766,0.033698041237437915,0.0962557731958402,0.8663019587625623,20.31102638392506
40,8.005336891260841,4.583333333333334,0.2,0.5,0.3333333333333333,0.0037442267408193245,0.03369804066737394,0.09625577325918062,0.8663019593326263,20.31102638392506
41,8.205470313542362,4.583333333333334,0.2,0.5,0.3333333333333333,0.0037442266888188165,0.03369804019936937,0.09625577331118114,0.8663019598006308,20.31102638392506
42,8.405603735823883,4.583333333333334,0.2,0.5,0.3333333333333333,0.0037442266624814033,0.03369803996233265,0.09625577333751854,0.8663019600376676,20.31102638392506
43,8.605737158105404,4.583333333333334,0.2,0.5,0.3333333333333333,0.0037442266618070846,0.03369803995626378,0.09625577333819287,0.8663019600437365,20.31102638392506
44,8.805870580386925,4.583333333333334,0.2,0.5,0.3333333333333333,0.0037442266709190064,0.033698040038271086,0.09625577332908095,0.8663019599617291,20.31102638392506
45,9.006004002668446,4.583333333333334,0.2,0.5,0.3333333333333333,0.0037442266661901237,0.03369803999571114,0.09625577333380982,0.866301960004289,20.31102638392506
46,9.206137424949967,4.583333333333334,0.2,0.5,0.3333333333333333,0.003744226668314831,0.0336980400148335,0.09625577333168511,0.8663019599851667,20.31102638392506
47,9.406270847231488,4.583333333333334,0.2,0.5,0.3333333333333333,0.0037442266772931268,0.03369804009563816,0.09625577332270682,0.866301959904362,20.31102638392506
48,9.606404269513009,4.583333333333334,0.2,0.5,0.3333333333333333,0.0037442266882566026,0.033698040194309435,0.09625577331174334,0.8663019598056908,20.31102638392506
49,9.80653769179453,4.583333333333334,0.2,0.5,0.3333333333333333,0.003744226692924614,0.033698040236321544,0.09625577330707533,0.8663019597636787,20.31102638392506
50,10.00667111407605,4.583333333333334,0.2,0.5,0.3333333333333333,0.003744226697592626,0.03369804027833365,0.09625577330240732,0.8663019597216666,20.31102638392506
51,10.206804536357572,4.583333333333334,0.2,0.5,0.3333333333333333,0.0037442267022606375,0.03369804032034576,0.09625577329773931,0.8663019596796545,20.31102638392506
52,10.406937958639093,4.583333333333334,0.2,0.5,0.3333333333333333,0.003744226706510718,0.03369804035859649,0.09625577329348924,0.8663019596414038,20.31102638392506
53,10.607071380920614,4.583333333333334,0.2,0.5,0.3333333333333333,0.0037442267066592184,0.03369804035993299,0.09625577329334073,0.8663019596400673,20.31102638392506
54,10.807204803202135,4.583333333333334,0.2,0.5,0.3333333333333333,0.0037442267068077194,0.0336980403612695,0.09625577329319222,0.8663019596387308,20.31102638392506
55,11.007338225483656,4.583333333333334,0.2,0.5,0.3333333333333333,0.00374422670695622,0.033698040362606006,0.09625577329304373,0.8663019596373943,20.31102638392506
56,11.207471647765177,4.583333333333334,0.2,0.5,0.3333333333333333,0.0037442267071047205,0.033698040363942514,0.09625577329289522,0.8663019596360577,20.31102638392506
57,11.407605070046698,4.583333333333334,0.2,0.5,0.3333333333333333,0.003744226707253221,0.03369804036527902,0.09625577329274672,0.8663019596347212,20.31102638392506
58,11.607738492328219,4.583333333333334,0.2,0.5,0.3333333333333333,0.003744226707401722,0.03369804036661553,0.09625577329259823,0.8663019596333847,20.31102638392506
59,11.80787191460974,4.583333333333334,0.2,0.5,0.3333333333333333,0.0037442267075502226,0.033698040367952035,0.09625577329244972,0.8663019596320483,20.31102638392506
60,12.00800533689126,4.583333333333334,0.2,0.5,0.3333333333333333,0.003744226707698723,0.033698040369288536,0.09625577329230123,0.8663019596307118,20.31102638392506
61,12.208138759172781,4.583333333333334,0.2,0.5,0.3333333333333333,0.003744226707847224,0.03369804037062504,0.09625577329215272,0.8663019596293753,20.31102638392506
62,12.408272181454302,4.583333333333334,0.2,0.5,0.3333333333333333,0.003744226707995725,0.03369804037196155,0.09625577329200422,0.8663019596280387,20.31102638392506
63,12.608405603735823,4.583333333333334,0.2,0.5,0.3333333333333333,0.0037442267081442254,0.03369804037329806,0.09625577329185572,0.8663019596267022,20.31102638392506
64,12.808539026017344,4.583333333333334,0.2,0.5,0.3333333333333333,0.0037442267082927264,0.033698040374634565,0.09625577329170722,0.8663019596253657,20.31102638392506
65,13.008672448298865,4.583333333333334,0.2,0.5,0.3333333333333333,0.003744226708441227,0.03369804037597107,0.09625577329155872,0.8663019596240292,20.31102638392506
66,13.208805870580386,4.583333333333334,0.2,0.5,0.3333333333333333,0.0037442267085897275,0.03369804037730757,0.09625577329141022,0.8663019596226927,20.31102638392506
67,13.408939292861907,4.583333333333334,0.2,0.5,0.3333333333333333,0.003744226708738228,0.03369804037864408,0.09625577329126171,0.8663019596213561,20.31102638392506
68,13.609072715143428,4.583333333333334,0.2,0.5,0.3333333333333333,0.003744226708886729,0.03369804037998059,0.09625577329111322,0.8663019596200197,20.31102638392506
69,13.80920613742495,4.583333333333334,0.2,0.5,0.3333333333333333,0.0037442267090352296,0.033698040381317095,0.09625577329096471,0.8663019596186832,20.31102638392506
70,14.00933955970647,4.583333333333334,0.2,0.5,0.3333333333333333,0.00374422670918373,0.0336980403826536,0.09625577329081622,0.8663019596173467,20.31102638392506
71,14.209472981987991,4.583333333333334,0.2,0.5,0.3333333333333333,0.003744226709332231,0.03369804038399011,0.09625577329066771,0.8663019596160102,20.31102638392506
72,14.409606404269512,4.583333333333334,0.2,0.5,0.3333333333333333,0.0037442267094807318,0.03369804038532661,0.09625577329051921,0.8663019596146737,20.31102638392506
73,14.609739826551033,4.583333333333334,0.2,0.5,0.3333333333333333,0.0037442267096292324,0.03369804038666312,0.09625577329037072,0.8663019596133371,20.31102638392506
74,14.809873248832554,4.583333333333334,0.2,0.5,0.3333333333333333,0.0037442267097777334,0.033698040387999624,0.09625577329022221,0.8663019596120006,20.31102638392506
75,15.010006671114075,4.583333333333334,0.2,0.5,0.3333333333333333,0.003744226709926234,0.03369804038933613,0.09625577329007372,0.8663019596106641,20.31102638392506
76,15.210140093395596,4.583333333333334,0.2,0.5,0.3333333333333333,0.0037442267100747345,0.03369804039067264,0.09625577328992521,0.8663019596093277,20.31102638392506
77,15.410273515677117,4.583333333333334,0.2,0.5,0.3333333333333333,0.003744226710223235,0.033698040392009146,0.0962557732897767,0.8663019596079912,20.31102638392506
78,15.610406937958638,4.583333333333334,0.2,0.5,0.3333333333333333,0.003744226710371736,0.033698040393345646,0.09625577328962821,0.8663019596066547,20.31102638392506
79,15.810540360240159,4.583333333333334,0.2,0.5,0.3333333333333333,0.0037442267105202366,0.033698040394682154,0.0962557732894797,0.8663019596053181,20.31102638392506
80,16.010673782521682,4.583333333333334,0.2,0.5,0.3333333333333333,0.003744226710668737,0.03369804039601866,0.09625577328933121,0.8663019596039816,20.31102638392506
81,16.210807204803203,4.583333333333334,0.2,0.5,0.3333333333333333,0.003744226710817238,0.03369804039735517,0.09625577328918271,0.8663019596026451,20.31102638392506
82,16.410940627084724,4.583333333333334,0.2,0.5,0.3333333333333333,0.0037442267109657388,0.033698040398691675,0.0962557732890342,0.8663019596013086,20.31102638392506
83,16.611074049366245,4.583333333333334,0.2,0.5,0.3333333333333333,0.0037442267111142393,0.03369804040002818,0.09625577328888571,0.8663019595999721,20.31102638392506
84,16.811207471647766,4.583333333333334,0.2,0.5,0.3333333333333333,0.0037442267112627403,0.03369804040136469,0.0962557732887372,0.8663019595986355,20.31102638392506
85,17.011340893929287,4.583333333333334,0.2,0.5,0.3333333333333333,0.003744226711411241,0.03369804040270119,0.09625577328858871,0.866301959597299,20.31102638392506
86,17.211474316210808,4.583333333333334,0.2,0.5,0.3333333333333333,0.0037442267115597415,0.0336980404040377,0.0962557732884402,0.8663019595959626,20.31102638392506
87,17.41160773849233,4.583333333333334,0.2,0.5,0.3333333333333333,0.003744226711708242,0.033698040405374205,0.0962557732882917,0.8663019595946261,20.31102638392506
88,17.61174116077385,4.583333333333334,0.2,0.5,0.3333333333333333,0.003744226711856743,0.03369804040671071,0.0962557732881432,0.8663019595932896,20.31102638392506
89,17.81187458305537,4.583333333333334,0.2,0.5,0.3333333333333333,0.0037442267120052436,0.03369804040804722,0.0962557732879947,0.8663019595919531,20.31102638392506
90,18.01200800533689,4.583333333333334,0.2,0.5,0.3333333333333333,0.003744226712153744,0.03369804040938373,0.09625577328784621,0.8663019595906165,20.31102638392506
91,18.212141427618413,4.583333333333334,0.2,0.5,0.3333333333333333,0.003744226712302245,0.03369804041072023,0.0962557732876977,0.86630195958928,20.31102638392506
92,18.412274849899934,4.583333333333334,0.2,0.5,0.3333333333333333,0.0037442267124507458,0.033698040412056735,0.0962557732875492,0.8663019595879435,20.31102638392506
93,18.612408272181455,4.583333333333334,0.2,0.5,0.3333333333333333,0.0037442267125992463,0.03369804041339324,0.0962557732874007,0.866301959586607,20.31102638392506
94,18.812541694462976,4.583333333333334,0.2,0.5,0.3333333333333333,0.003744226712649234,0.03369804041384314,0.0962557732873507,0.8663019595861572,20.31102638392506
95,19.012675116744497,4.583333333333334,0.2,0.5,0.3333333333333333,0.0037442267126539587,0.03369804041388566,0.09625577328734598,0.8663019595861147,20.31102638392506
96,19.212808539026017,4.583333333333334,0.2,0.5,0.3333333333333333,0.0037442267126586827,0.033698040413928175,0.09625577328734125,0.8663019595860721,20.31102638392506
97,19.41294196130754,4.583333333333334,0.2,0.5,0.3333333333333333,0.003744226712663407,0.0336980404139707,0.09625577328733653,0.8663019595860296,20.31102638392506
98,19.61307538358906,4.583333333333334,0.2,0.5,0.3333333333333333,0.003744226712668131,0.03369804041401321,0.09625577328733181,0.8663019595859871,20.31102638392506
99,19.81320880587058,4.583333333333334,0.2,0.5,0.3333333333333333,0.003744226712672855,0.033698040414055726,0.09625577328732708,0.8663019595859446,20.31102638392506
100,20.0133422281521,4.583333333333334,0.2,0.5,0.3333333333333333,0.003744226712677579,0.03369804041409825,0.09625577328732236,0.8663019595859021,20.31102638392506
101,20.213475650433622,4.583333333333334,0.2,0.5,0.3333333333333333,0.0037442267126823036,0.03369804041414076,0.09625577328731763,0.8663019595858595,20.31102638392506
102,20.413609072715143,4.583333333333334,0.2,0.5,0.3333333333333333,0.0037442267126870277,0.03369804041418328,0.09625577328731291,0.866301959585817,20.31102638392506
103,20.613742494996664,4.583333333333334,0.2,0.5,0.3333333333333333,0.0037442267126917518,0.0336980404142258,0.0962557732873082,0.8663019595857745,20.31102638392506
104,20.813875917278185,4.583333333333334,0.2,0.5,0.3333333333333333,0.003744226712696476,0.03369804041426832,0.09625577328730346,0.866301959585732,20.31102638392506
105,21.014009339559706,4.583333333333334,0.2,0.5,0.3333333333333333,0.0037442267127012,0.033698040414310834,0.09625577328729874,0.8663019595856896,20.31102638392506
106,21.214142761841227,4.583333333333334,0.2,0.5,0.3333333333333333,0.0037442267127059245,0.03369804041435335,0.09625577328729401,0.866301959585647,20.31102638392506
107,21.41427618412275,4.583333333333334,0.2,0.5,0.3333333333333333,0.0037442267127106485,0.03369804041439587,0.09625577328728929,0.8663019595856045,20.31102638392506
108,21.61440960640427,4.583333333333334,0.2,0.5,0.3333333333333333,0.0037442267127153726,0.033698040414438385,0.09625577328728457,0.866301959585562,20.31102638392506
109,21.81454302868579,4.583333333333334,0.2,0.5,0.3333333333333333,0.0037442267127200967,0.033698040414480906,0.09625577328727984,0.8663019595855195,20.31102638392506
110,22.01467645096731,4.583333333333334,0.2,0.5,0.3333333333333333,0.003744226712724821,0.03369804041452342,0.09625577328727512,0.866301959585477,20.31102638392506
111,22.214809873248832,4.583333333333334,0.2,0.5,0.3333333333333333,0.0037442267127295453,0.03369804041456594,0.09625577328727039,0.8663019595854344,20.31102638392506
112,22.414943295530353,4.583333333333334,0.2,0.5,0.3333333333333333,0.0037442267127342694,0.03369804041460846,0.09625577328726567,0.8663019595853919,20.31102638392506
113,22.615076717811874,4.583333333333334,0.2,0.5,0.3333333333333333,0.0037442267127389935,0.03369804041465097,0.09625577328726094,0.8663019595853494,20.31102638392506
114,22.815210140093395,4.583333333333334,0.2,0.5,0.3333333333333333,0.0037442267127437176,0.03369804041469349,0.09625577328725622,0.8663019595853069,20.31102638392506
115,23.015343562374916,4.583333333333334,0.2,0.5,0.3333333333333333,0.0037442267127484417,0.03369804041473601,0.0962557732872515,0.8663019595852643,20.31102638392506
116,23.215476984656437,4.583333333333334,0.2,0.5,0.3333333333333333,0.0037442267127531658,0.03369804041477853,0.09625577328724677,0.8663019595852218,20.31102638392506
117,23.415610406937958,4.583333333333334,0.2,0.5,0.3333333333333333,0.0037442267127578903,0.033698040414821044,0.09625577328724205,0.8663019595851793,20.31102638392506
118,23.61574382921948,4.583333333333334,0.2,0.5,0.3333333333333333,0.0037442267127626144,0.03369804041486356,0.09625577328723732,0.8663019595851368,20.31102638392506
119,23.815877251501,4.583333333333334,0.2,0.5,0.3333333333333333,0.0037442267127673384,0.03369804041490608,0.0962557732872326,0.8663019595850943,20.31102638392506
120,24.01601067378252,4.583333333333334,0.2,0.5,0.3333333333333333,0.0037442267127720625,0.033698040414948595,0.09625577328722788,0.8663019595850517,20.31102638392506
121,24.216144096064042,4.583333333333334,0.2,0.5,0.3333333333333333,0.0037442267127767866,0.033698040414991116,0.09625577328722315,0.8663019595850092,20.31102638392506
122,24.416277518345563,4.583333333333334,0.2,0.5,0.3333333333333333,0.003744226712781511,0.03369804041503363,0.09625577328721843,0.8663019595849667,20.31102638392506
123,24.616410940627084,4.583333333333334,0.2,0.5,0.3333333333333333,0.0037442267127862352,0.03369804041507615,0.0962557732872137,0.8663019595849242,20.31102638392506
124,24.816544362908605,4.583333333333334,0.2,0.5,0.3333333333333333,0.0037442267127909593,0.03369804041511867,0.09625577328720898,0.8663019595848817,20.31102638392506
125,25.016677785190126,4.583333333333334,0.2,0.5,0.3333333333333333,0.0037442267127956834,0.03369804041516118,0.09625577328720426,0.8663019595848391,20.31102638392506
126,25.216811207471647,4.583333333333334,0.2,0.5,0.3333333333333333,0.0037442267128004075,0.0336980404152037,0.09625577328719953,0.8663019595847966,20.31102638392506
127,25.416944629753168,4.583333333333334,0.2,0.5,0.3333333333333333,0.003744226712805132,0.03369804041524622,0.09625577328719481,0.8663019595847541,20.31102638392506
128,25.61707805203469,4.583333333333334,0.2,0.5,0.3333333333333333,0.003744226712809856,0.03369804041528874,0.09625577328719008,0.8663019595847116,20.31102638392506
129,25.81721147431621,4.583333333333334,0.2,0.5,0.3333333333333333,0.00374422671281458,0.033698040415331254,0.09625577328718536,0.866301959584669,20.31102638392506
130,26.01734489659773,4.583333333333334,0.2,0.5,0.3333333333333333,0.0037442267128193043,0.033698040415373776,0.09625577328718063,0.8663019595846265,20.31102638392506
131,26.21747831887925,4.583333333333334,0.2,0.5,0.3333333333333333,0.0037442267128240283,0.03369804041541629,0.09625577328717591,0.866301959584584,20.31102638392506
132,26.417611741160773,4.583333333333334,0.2,0.5,0.3333333333333333,0.0037442267128287524,0.033698040415458805,0.09625577328717119,0.8663019595845415,20.31102638392506
133,26.617745163442294,4.583333333333334,0.2,0.5,0.3333333333333333,0.003744226712833477,0.033698040415501326,0.09625577328716646,0.8663019595844991,20.31102638392506
134,26.817878585723815,4.583333333333334,0.2,0.5,0.3333333333333333,0.003744226712838201,0.03369804041554384,0.09625577328716174,0.8663019595844565,20.31102638392506
135,27.018012008005336,4.583333333333334,0.2,0.5,0.3333333333333333,0.0037442267128416167,0.03369804041557459,0.09625577328715833,0.8663019595844258,20.31102638392506
136,27.218145430286857,4.583333333333334,0.2,0.5,0.3333333333333333,0.003744226712841632,0.033698040415574726,0.09625577328715831,0.8663019595844257,20.31102638392506
137,27.418278852568378,4.583333333333334,0.2,0.5,0.3333333333333333,0.0037442267128416475,0.033698040415574865,0.0962557732871583,0.8663019595844255,20.31102638392506
138,27.6184122748499,4.583333333333334,0.2,0.5,0.3333333333333333,0.003744226712841663,0.033698040415575004,0.09625577328715829,0.8663019595844254,20.31102638392506
139,27.81854569713142,4.583333333333334,0.2,0.5,0.3333333333333333,0.0037442267128416783,0.03369804041557514,0.09625577328715827,0.8663019595844252,20.31102638392506
140,28.01867911941294,4.583333333333334,0.2,0.5,0.3333333333333333,0.003744226712841694,0.03369804041557528,0.09625577328715826,0.8663019595844251,20.31102638392506
141,28.21881254169446,4.583333333333334,0.2,0.5,0.3333333333333333,0.0037442267128417095,0.03369804041557542,0.09625577328715824,0.8663019595844249,20.31102638392506
142,28.418945963975982,4.583333333333334,0.2,0.5,0.3333333333333333,0.0037442267128417247,0.03369804041557556,0.09625577328715823,0.8663019595844248,20.31102638392506
143,28.619079386257503,4.583333333333334,0.2,0.5,0.3333333333333333,0.0037442267128417403,0.0336980404155757,0.0962557732871582,0.8663019595844247,20.31102638392506
144,28.819212808539024,4.583333333333334,0.2,0.5,0.3333333333333333,0.003744226712841756,0.03369804041557584,0.09625577328715819,0.8663019595844246,20.31102638392506
145,29.019346230820545,4.583333333333334,0.2,0.5,0.3333333333333333,0.003744226712841771,0.03369804041557598,0.09625577328715818,0.8663019595844244,20.31102638392506
146,29.219479653102066,4.583333333333334,0.2,0.5,0.3333333333333333,0.0037442267128417867,0.03369804041557612,0.09625577328715816,0.8663019595844242,20.31102638392506
147,29.419613075383587,4.583333333333334,0.2,0.5,0.3333333333333333,0.0037442267128418023,0.03369804041557626,0.09625577328715815,0.8663019595844241,20.31102638392506
148,29.61974649766511,4.583333333333334,0.2,0.5,0.3333333333333333,0.003744226712841818,0.0336980404155764,0.09625577328715813,0.866301959584424,20.31102638392506
149,29.81987991994663,4.583333333333334,0.2,0.5,0.3333333333333333,0.003744226712841833,0.03369804041557654,0.09625577328715812,0.8663019595844238,20.31102638392506
150,30.02001334222815,4.583333333333334,0.2,0.5,0.3333333333333333,0.0037442267128418487,0.033698040415576676,0.0962557732871581,0.8663019595844237,20.31102638392506
151,30.22014676450967,4.583333333333334,0.2,0.5,0.3333333333333333,0.0037442267128418643,0.033698040415576815,0.09625577328715808,0.8663019595844236,20.31102638392506
152,30.420280186791192,4.583333333333334,0.2,0.5,0.3333333333333333,0.0037442267128418795,0.03369804041557695,0.09625577328715806,0.8663019595844235,20.31102638392506
153,30.620413609072713,4.583333333333334,0.2,0.5,0.3333333333333333,0.003744226712841895,0.03369804041557709,0.09625577328715805,0.8663019595844232,20.31102638392506
154,30.820547031354234,4.583333333333334,0.2,0.5,0.3333333333333333,0.0037442267128419107,0.03369804041557723,0.09625577328715804,0.8663019595844231,20.31102638392506
155,31.020680453635755,4.583333333333334,0.2,0.5,0.3333333333333333,0.003744226712841926,0.03369804041557737,0.09625577328715802,0.866301959584423,20.31102638392506
156,31.220813875917276,4.583333333333334,0.2,0.5,0.3333333333333333,0.0037442267128419415,0.03369804041557751,0.09625577328715801,0.8663019595844229,20.31102638392506
157,31.420947298198797,4.583333333333334,0.2,0.5,0.3333333333333333,0.003744226712841957,0.03369804041557765,0.096255773287158,0.8663019595844227,20.31102638392506
158,31.621080720480318,4.583333333333334,0.2,0.5,0.3333333333333333,0.0037442267128419723,0.033698040415577786,0.09625577328715798,0.8663019595844226,20.31102638392506
159,31.82121414276184,4.583333333333334,0.2,0.5,0.3333333333333333,0.003744226712841988,0.03369804041557793,0.09625577328715797,0.8663019595844225,20.31102638392506
160,32.021347565043364,4.583333333333334,0.2,0.5,0.3333333333333333,0.0037442267128420035,0.03369804041557807,0.09625577328715794,0.8663019595844224,20.31102638392506
161,32.22148098732488,4.583333333333334,0.2,0.5,0.3333333333333333,0.0037442267128420187,0.03369804041557821,0.09625577328715793,0.8663019595844221,20.31102638392506
162,32.421614409606406,4.583333333333334,0.2,0.5,0.3333333333333333,0.0037442267128420343,0.03369804041557835,0.09625577328715791,0.866301959584422,20.31102638392506
163,32.62174783188792,4.583333333333334,0.2,0.5,0.3333333333333333,0.00374422671284205,0.03369804041557849,0.0962557732871579,0.8663019595844219,20.31102638392506
164,32.82188125416945,4.583333333333334,0.2,0.5,0.3333333333333333,0.003744226712842065,0.033698040415578626,0.09625577328715788,0.8663019595844218,20.31102638392506
165,33.022014676450965,4.583333333333334,0.2,0.5,0.3333333333333333,0.0037442267128420807,0.033698040415578764,0.09625577328715787,0.8663019595844216,20.31102638392506
166,33.22214809873249,4.583333333333334,0.2,0.5,0.3333333333333333,0.0037442267128420964,0.0336980404155789,0.09625577328715786,0.8663019595844215,20.31102638392506
167,33.42228152101401,4.583333333333334,0.2,0.5,0.3333333333333333,0.0037442267128421115,0.03369804041557904,0.09625577328715784,0.8663019595844214,20.31102638392506
168,33.62241494329553,4.583333333333334,0.2,0.5,0.3333333333333333,0.003744226712842127,0.03369804041557918,0.09625577328715783,0.8663019595844212,20.31102638392506
169,33.82254836557705,4.583333333333334,0.2,0.5,0.3333333333333333,0.0037442267128421428,0.03369804041557932,0.0962557732871578,0.866301959584421,20.31102638392506
170,34.02268178785857,4.583333333333334,0.2,0.5,0.3333333333333333,0.003744226712842158,0.03369804041557946,0.09625577328715779,0.8663019595844209,20.31102638392506
171,34.22281521014009,4.583333333333334,0.2,0.5,0.3333333333333333,0.0037442267128421735,0.0336980404155796,0.09625577328715777,0.8663019595844208,20.31102638392506
172,34.422948632421615,4.583333333333334,0.2,0.5,0.3333333333333333,0.003744226712842189,0.033698040415579736,0.09625577328715776,0.8663019595844207,20.31102638392506
173,34.62308205470313,4.583333333333334,0.2,0.5,0.3333333333333333,0.0037442267128422043,0.033698040415579875,0.09625577328715774,0.8663019595844205,20.31102638392506
174,34.82321547698466,4.583333333333334,0.2,0.5,0.3333333333333333,0.00374422671284222,0.03369804041558002,0.09625577328715773,0.8663019595844204,20.31102638392506
175,35.023348899266175,4.583333333333334,0.2,0.5,0.3333333333333333,0.0037442267128422356,0.03369804041558016,0.09625577328715772,0.8663019595844202,20.31102638392506
176,35.2234823215477,4.583333333333334,0.2,0.5,0.3333333333333333,0.0037442267128422507,0.0336980404155803,0.0962557732871577,0.8663019595844201,20.31102638392506
177,35.42361574382922,4.583333333333334,0.2,0.5,0.3333333333333333,0.0037442267128422664,0.03369804041558044,0.09625577328715768,0.8663019595844199,20.31102638392506
178,35.62374916611074,4.583333333333334,0.2,0.5,0.3333333333333333,0.003744226712842282,0.033698040415580575,0.09625577328715766,0.8663019595844198,20.31102638392506
179,35.82388258839226,4.583333333333334,0.2,0.5,0.3333333333333333,0.003744226712842297,0.033698040415580714,0.09625577328715765,0.8663019595844197,20.31102638392506
180,36.02401601067378,4.583333333333334,0.2,0.5,0.3333333333333333,0.0037442267128423128,0.03369804041558085,0.09625577328715763,0.8663019595844196,20.31102638392506
181,36.2241494329553,4.583333333333334,0.2,0.5,0.3333333333333333,0.0037442267128423284,0.03369804041558099,0.09625577328715762,0.8663019595844194,20.31102638392506
182,36.424282855236825,4.583333333333334,0.2,0.5,0.3333333333333333,0.0037442267128423436,0.03369804041558113,0.0962557732871576,0.8663019595844192,20.31102638392506
183,36.62441627751834,4.583333333333334,0.2,0.5,0.3333333333333333,0.003744226712842359,0.03369804041558127,0.09625577328715759,0.8663019595844191,20.31102638392506
184,36.82454969979987,4.583333333333334,0.2,0.5,0.3333333333333333,0.0037442267128423748,0.03369804041558141,0.09625577328715758,0.8663019595844189,20.31102638392506
185,37.024683122081385,4.583333333333334,0.2,0.5,0.3333333333333333,0.00374422671284239,0.03369804041558155,0.09625577328715756,0.8663019595844188,20.31102638392506
186,37.22481654436291,4.583333333333334,0.2,0.5,0.3333333333333333,0.0037442267128424056,0.033698040415581686,0.09625577328715754,0.8663019595844187,20.31102638392506
187,37.42494996664443,4.583333333333334,0.2,0.5,0.3333333333333333,0.003744226712842421,0.033698040415581824,0.09625577328715752,0.8663019595844186,20.31102638392506
188,37.62508338892595,4.583333333333334,0.2,0.5,0.3333333333333333,0.003744226712842437,0.03369804041558196,0.09625577328715751,0.8663019595844184,20.31102638392506
189,37.82521681120747,4.583333333333334,0.2,0.5,0.3333333333333333,0.003744226712842452,0.03369804041558211,0.0962557732871575,0.8663019595844182,20.31102638392506
190,38.02535023348899,4.583333333333334,0.2,0.5,0.3333333333333333,0.0037442267128424676,0.03369804041558225,0.09625577328715748,0.8663019595844181,20.31102638392506
191,38.22548365577051,4.583333333333334,0.2,0.5,0.3333333333333333,0.003744226712842483,0.033698040415582386,0.09625577328715747,0.866301959584418,20.31102638392506
192,38.425617078052035,4.583333333333334,0.2,0.5,0.3333333333333333,0.0037442267128424984,0.033698040415582525,0.09625577328715745,0.8663019595844178,20.31102638392506
193,38.62575050033355,4.583333333333334,0.2,0.5,0.3333333333333333,0.003744226712842514,0.033698040415582664,0.09625577328715744,0.8663019595844177,20.31102638392506
194,38.82588392261508,4.583333333333334,0.2,0.5,0.3333333333333333,0.0037442267128425296,0.0336980404155828,0.09625577328715743,0.8663019595844176,20.31102638392506
195,39.026017344896594,4.583333333333334,0.2,0.5,0.3333333333333333,0.0037442267128425448,0.03369804041558294,0.0962557732871574,0.8663019595844175,20.31102638392506
196,39.22615076717812,4.583333333333334,0.2,0.5,0.3333333333333333,0.0037442267128425604,0.03369804041558308,0.09625577328715738,0.8663019595844172,20.31102638392506
197,39.426284189459636,4.583333333333334,0.2,0.5,0.3333333333333333,0.003744226712842576,0.03369804041558322,0.09625577328715737,0.8663019595844171,20.31102638392506
198,39.62641761174116,4.583333333333334,0.2,0.5,0.3333333333333333,0.003744226712842591,0.03369804041558336,0.09625577328715736,0.866301959584417,20.31102638392506
199,39.82655103402268,4.583333333333334,0.2,0.5,0.3333333333333333,0.003744226712842607,0.0336980404155835,0.09625577328715734,0.8663019595844169,20.31102638392506
200,40.0266844563042,4.583333333333334,0.2,0.5,0.3333333333333333,0.0037442267128426224,0.033698040415583635,0.09625577328715733,0.8663019595844167,20.31102638392506
201,40.22681787858572,4.583333333333334,0.2,0.5,0.3333333333333333,0.0037442267128426376,0.033698040415583774,0.09625577328715731,0.8663019595844166,20.31102638392506
202,40.426951300867245,4.583333333333334,0.2,0.5,0.3333333333333333,0.003744226712842653,0.03369804041558391,0.0962557732871573,0.8663019595844165,20.31102638392506
203,40.62708472314876,4.583333333333334,0.2,0.5,0.3333333333333333,0.003744226712842669,0.03369804041558405,0.09625577328715729,0.8663019595844164,20.31102638392506
204,40.82721814543029,4.583333333333334,0.2,0.5,0.3333333333333333,0.003744226712842684,0.03369804041558419,0.09625577328715726,0.8663019595844161,20.31102638392506
205,41.027351567711804,4.583333333333334,0.2,0.5,0.3333333333333333,0.0037442267128426996,0.033698040415584336,0.09625577328715725,0.866301959584416,20.31102638392506
206,41.22748498999333,4.583333333333334,0.2,0.5,0.3333333333333333,0.003744226712842715,0.033698040415584475,0.09625577328715723,0.8663019595844159,20.31102638392506
207,41.427618412274846,4.583333333333334,0.2,0.5,0.3333333333333333,0.0037442267128427304,0.033698040415584614,0.09625577328715722,0.8663019595844158,20.31102638392506
208,41.62775183455637,4.583333333333334,0.2,0.5,0.3333333333333333,0.003744226712842746,0.03369804041558475,0.0962557732871572,0.8663019595844156,20.31102638392506
209,41.82788525683789,4.583333333333334,0.2,0.5,0.3333333333333333,0.0037442267128427616,0.03369804041558489,0.09625577328715719,0.8663019595844155,20.31102638392506
210,42.02801867911941,4.583333333333334,0.2,0.5,0.3333333333333333,0.003744226712842777,0.03369804041558503,0.09625577328715718,0.8663019595844154,20.31102638392506
211,42.22815210140093,4.583333333333334,0.2,0.5,0.3333333333333333,0.0037442267128427924,0.03369804041558517,0.09625577328715716,0.8663019595844152,20.31102638392506
212,42.428285523682455,4.583333333333334,0.2,0.5,0.3333333333333333,0.003744226712842808,0.03369804041558531,0.09625577328715713,0.866301959584415,20.31102638392506
213,42.62841894596397,4.583333333333334,0.2,0.5,0.3333333333333333,0.003744226712842823,0.03369804041558545,0.09625577328715712,0.8663019595844149,20.31102638392506
214,42.8285523682455,4.583333333333334,0.2,0.5,0.3333333333333333,0.003744226712842839,0.033698040415585585,0.0962557732871571,0.8663019595844148,20.31102638392506
215,43.028685790527014,4.583333333333334,0.2,0.5,0.3333333333333333,0.0037442267128428544,0.033698040415585724,0.09625577328715709,0.8663019595844147,20.31102638392506
216,43.22881921280854,4.583333333333334,0.2,0.5,0.3333333333333333,0.0037442267128428696,0.03369804041558586,0.09625577328715708,0.8663019595844145,20.31102638392506
217,43.428952635090056,4.583333333333334,0.2,0.5,0.3333333333333333,0.0037442267128428852,0.033698040415586,0.09625577328715706,0.8663019595844144,20.31102638392506
218,43.62908605737158,4.583333333333334,0.2,0.5,0.3333333333333333,0.003744226712842901,0.03369804041558614,0.09625577328715705,0.8663019595844142,20.31102638392506
219,43.8292194796531,4.583333333333334,0.2,0.5,0.3333333333333333,0.003744226712842916,0.03369804041558628,0.09625577328715704,0.8663019595844141,20.31102638392506
220,44.02935290193462,4.583333333333334,0.2,0.5,0.3333333333333333,0.0037442267128429316,0.033698040415586425,0.09625577328715702,0.8663019595844139,20.31102638392506
221,44.22948632421614,4.583333333333334,0.2,0.5,0.3333333333333333,0.0037442267128429472,0.033698040415586564,0.096255773287157,0.8663019595844138,20.31102638392506
222,44.429619746497664,4.583333333333334,0.2,0.5,0.3333333333333333,0.0037442267128429624,0.0336980404155867,0.09625577328715698,0.8663019595844137,20.31102638392506
223,44.62975316877918,4.583333333333334,0.2,0.5,0.3333333333333333,0.003744226712842978,0.03369804041558684,0.09625577328715697,0.8663019595844136,20.31102638392506
224,44.829886591060706,4.583333333333334,0.2,0.5,0.3333333333333333,0.0037442267128429936,0.03369804041558698,0.09625577328715695,0.8663019595844134,20.31102638392506
225,45.030020013342224,4.583333333333334,0.2,0.5,0.3333333333333333,0.0037442267128430093,0.03369804041558712,0.09625577328715694,0.8663019595844133,20.31102638392506
226,45.23015343562375,4.583333333333334,0.2,0.5,0.3333333333333333,0.0037442267128430244,0.03369804041558726,0.09625577328715693,0.8663019595844131,20.31102638392506
227,45.430286857905266,4.583333333333334,0.2,0.5,0.3333333333333333,0.00374422671284304,0.033698040415587396,0.09625577328715691,0.866301959584413,20.31102638392506
228,45.63042028018679,4.583333333333334,0.2,0.5,0.3333333333333333,0.0037442267128430557,0.033698040415587535,0.0962557732871569,0.8663019595844128,20.31102638392506
229,45.83055370246831,4.583333333333334,0.2,0.5,0.3333333333333333,0.003744226712843071,0.033698040415587674,0.09625577328715688,0.8663019595844127,20.31102638392506
230,46.03068712474983,4.583333333333334,0.2,0.5,0.3333333333333333,0.0037442267128430864,0.03369804041558781,0.09625577328715686,0.8663019595844126,20.31102638392506
231,46.23082054703135,4.583333333333334,0.2,0.5,0.3333333333333333,0.003744226712843102,0.03369804041558795,0.09625577328715684,0.8663019595844125,20.31102638392506
232,46.430953969312874,4.583333333333334,0.2,0.5,0.3333333333333333,0.0037442267128431172,0.03369804041558809,0.09625577328715683,0.8663019595844123,20.31102638392506
233,46.63108739159439,4.583333333333334,0.2,0.5,0.3333333333333333,0.003744226712843133,0.03369804041558823,0.09625577328715682,0.8663019595844121,20.31102638392506
234,46.831220813875916,4.583333333333334,0.2,0.5,0.3333333333333333,0.0037442267128431485,0.03369804041558837,0.0962557732871568,0.866301959584412,20.31102638392506
235,47.03135423615743,4.583333333333334,0.2,0.5,0.3333333333333333,0.0037442267128431636,0.033698040415588514,0.09625577328715679,0.8663019595844119,20.31102638392506
236,47.23148765843896,4.583333333333334,0.2,0.5,0.3333333333333333,0.0037442267128431793,0.03369804041558865,0.09625577328715677,0.8663019595844117,20.31102638392506
237,47.431621080720475,4.583333333333334,0.2,0.5,0.3333333333333333,0.003744226712843195,0.03369804041558879,0.09625577328715676,0.8663019595844116,20.31102638392506
238,47.631754503002,4.583333333333334,0.2,0.5,0.3333333333333333,0.00374422671284321,0.03369804041558893,0.09625577328715673,0.8663019595844115,20.31102638392506
239,47.83188792528352,4.583333333333334,0.2,0.5,0.3333333333333333,0.0037442267128432257,0.03369804041558907,0.09625577328715672,0.8663019595844114,20.31102638392506
240,48.03202134756504,4.583333333333334,0.2,0.5,0.3333333333333333,0.0037442267128432413,0.03369804041558921,0.0962557732871567,0.8663019595844111,20.31102638392506
241,48.23215476984656,4.583333333333334,0.2,0.5,0.3333333333333333,0.0037442267128432564,0.033698040415589346,0.09625577328715669,0.866301959584411,20.31102638392506
242,48.432288192128084,4.583333333333334,0.2,0.5,0.3333333333333333,0.003744226712843272,0.033698040415589485,0.09625577328715668,0.8663019595844109,20.31102638392506
243,48.6324216144096,4.583333333333334,0.2,0.5,0.3333333333333333,0.0037442267128432877,0.033698040415589624,0.09625577328715666,0.8663019595844107,20.31102638392506
244,48.832555036691126,4.583333333333334,0.2,0.5,0.3333333333333333,0.003744226712843303,0.03369804041558976,0.09625577328715665,0.8663019595844106,20.31102638392506
245,49.03268845897264,4.583333333333334,0.2,0.5,0.3333333333333333,0.0037442267128433185,0.0336980404155899,0.09625577328715663,0.8663019595844105,20.31102638392506
246,49.23282188125417,4.583333333333334,0.2,0.5,0.3333333333333333,0.003744226712843334,0.03369804041559004,0.09625577328715662,0.8663019595844104,20.31102638392506
247,49.432955303535685,4.583333333333334,0.2,0.5,0.3333333333333333,0.0037442267128433493,0.03369804041559018,0.09625577328715659,0.8663019595844101,20.31102638392506
248,49.63308872581721,4.583333333333334,0.2,0.5,0.3333333333333333,0.003744226712843365,0.03369804041559032,0.09625577328715658,0.86630195958441,20.31102638392506
249,49.83322214809873,4.583333333333334,0.2,0.5,0.3333333333333333,0.0037442267128433805,0.033698040415590456,0.09625577328715657,0.8663019595844099,20.31102638392506
250,50.03335557038025,4.583333333333334,0.2,0.5,0.3333333333333333,0.0037442267128433957,0.0336980404155906,0.09625577328715655,0.8663019595844098,20.31102638392506
251,50.23348899266177,4.583333333333334,0.2,0.5,0.3333333333333333,0.0037442267128434113,0.03369804041559074,0.09625577328715654,0.8663019595844096,20.31102638392506
252,50.433622414943294,4.583333333333334,0.2,0.5,0.3333333333333333,0.003744226712843427,0.03369804041559088,0.09625577328715652,0.8663019595844095,20.31102638392506
253,50.63375583722481,4.583333333333334,0.2,0.5,0.3333333333333333,0.003744226712843442,0.03369804041559102,0.09625577328715651,0.8663019595844094,20.31102638392506
254,50.833889259506336,4.583333333333334,0.2,0.5,0.3333333333333333,0.0037442267128434577,0.03369804041559116,0.0962557732871565,0.8663019595844093,20.31102638392506
255,51.03402268178785,4.583333333333334,0.2,0.5,0.3333333333333333,0.0037442267128434733,0.033698040415591296,0.09625577328715648,0.866301959584409,20.31102638392506
256,51.23415610406938,4.583333333333334,0.2,0.5,0.3333333333333333,0.0037442267128434885,0.033698040415591435,0.09625577328715645,0.8663019595844089,20.31102638392506
257,51.4342895263509,4.583333333333334,0.2,0.5,0.3333333333333333,0.003744226712843504,0.033698040415591574,0.09625577328715644,0.8663019595844088,20.31102638392506
258,51.63442294863242,4.583333333333334,0.2,0.5,0.3333333333333333,0.0037442267128435197,0.03369804041559171,0.09625577328715643,0.8663019595844087,20.31102638392506
259,51.834556370913944,4.583333333333334,0.2,0.5,0.3333333333333333,0.003744226712843535,0.03369804041559185,0.09625577328715641,0.8663019595844085,20.31102638392506
260,52.03468979319546,4.583333333333334,0.2,0.5,0.3333333333333333,0.0037442267128435505,0.03369804041559199,0.0962557732871564,0.8663019595844084,20.31102638392506
261,52.234823215476986,4.583333333333334,0.2,0.5,0.3333333333333333,0.003744226712843566,0.03369804041559213,0.09625577328715638,0.8663019595844083,20.31102638392506
262,52.4349566377585,4.583333333333334,0.2,0.5,0.3333333333333333,0.0037442267128435813,0.03369804041559227,0.09625577328715637,0.8663019595844081,20.31102638392506
263,52.63509006004003,4.583333333333334,0.2,0.5,0.3333333333333333,0.003744226712843597,0.033698040415592406,0.09625577328715636,0.8663019595844079,20.31102638392506
264,52.835223482321545,4.583333333333334,0.2,0.5,0.3333333333333333,0.0037442267128436125,0.033698040415592545,0.09625577328715634,0.8663019595844078,20.31102638392506
265,53.03535690460307,4.583333333333334,0.2,0.5,0.3333333333333333,0.003744226712843628,0.033698040415592684,0.09625577328715632,0.8663019595844077,20.31102638392506
266,53.23549032688459,4.583333333333334,0.2,0.5,0.3333333333333333,0.0037442267128436433,0.03369804041559283,0.0962557732871563,0.8663019595844076,20.31102638392506
267,53.43562374916611,4.583333333333334,0.2,0.5,0.3333333333333333,0.003744226712843659,0.03369804041559297,0.09625577328715629,0.8663019595844074,20.31102638392506
268,53.63575717144763,4.583333333333334,0.2,0.5,0.3333333333333333,0.0037442267128436745,0.03369804041559311,0.09625577328715627,0.8663019595844073,20.31102638392506
269,53.835890593729154,4.583333333333334,0.2,0.5,0.3333333333333333,0.0037442267128436897,0.033698040415593246,0.09625577328715626,0.8663019595844071,20.31102638392506
270,54.03602401601067,4.583333333333334,0.2,0.5,0.3333333333333333,0.0037442267128437053,0.033698040415593385,0.09625577328715625,0.866301959584407,20.31102638392506
271,54.236157438292196,4.583333333333334,0.2,0.5,0.3333333333333333,0.003744226712843721,0.03369804041559352,0.09625577328715623,0.8663019595844068,20.31102638392506
272,54.43629086057371,4.583333333333334,0.2,0.5,0.3333333333333333,0.003744226712843736,0.03369804041559366,0.09625577328715622,0.8663019595844067,20.31102638392506
273,54.63642428285524,4.583333333333334,0.2,0.5,0.3333333333333333,0.0037442267128437517,0.0336980404155938,0.09625577328715619,0.8663019595844066,20.31102638392506
274,54.836557705136755,4.583333333333334,0.2,0.5,0.3333333333333333,0.0037442267128437673,0.03369804041559394,0.09625577328715618,0.8663019595844065,20.31102638392506
275,55.03669112741828,4.583333333333334,0.2,0.5,0.3333333333333333,0.0037442267128437825,0.03369804041559408,0.09625577328715616,0.8663019595844063,20.31102638392506
276,55.2368245496998,4.583333333333334,0.2,0.5,0.3333333333333333,0.003744226712843798,0.03369804041559422,0.09625577328715615,0.8663019595844061,20.31102638392506
277,55.43695797198132,4.583333333333334,0.2,0.5,0.3333333333333333,0.0037442267128438137,0.033698040415594356,0.09625577328715614,0.866301959584406,20.31102638392506
278,55.63709139426284,4.583333333333334,0.2,0.5,0.3333333333333333,0.003744226712843829,0.033698040415594495,0.09625577328715612,0.8663019595844059,20.31102638392506
279,55.837224816544364,4.583333333333334,0.2,0.5,0.3333333333333333,0.0037442267128438445,0.033698040415594634,0.09625577328715611,0.8663019595844057,20.31102638392506
280,56.03735823882588,4.583333333333334,0.2,0.5,0.3333333333333333,0.00374422671284386,0.03369804041559477,0.0962557732871561,0.8663019595844056,20.31102638392506
281,56.237491661107406,4.583333333333334,0.2,0.5,0.3333333333333333,0.0037442267128438753,0.03369804041559492,0.09625577328715608,0.8663019595844055,20.31102638392506
282,56.43762508338892,4.583333333333334,0.2,0.5,0.3333333333333333,0.003744226712843891,0.03369804041559506,0.09625577328715605,0.8663019595844054,20.31102638392506
283,56.63775850567045,4.583333333333334,0.2,0.5,0.3333333333333333,0.0037442267128439065,0.033698040415595196,0.09625577328715604,0.8663019595844051,20.31102638392506
284,56.837891927951965,4.583333333333334,0.2,0.5,0.3333333333333333,0.0037442267128439217,0.033698040415595334,0.09625577328715602,0.866301959584405,20.31102638392506
285,57.03802535023349,4.583333333333334,0.2,0.5,0.3333333333333333,0.0037442267128439373,0.03369804041559547,0.09625577328715601,0.8663019595844049,20.31102638392506
286,57.23815877251501,4.583333333333334,0.2,0.5,0.3333333333333333,0.003744226712843953,0.03369804041559561,0.096255773287156,0.8663019595844048,20.31102638392506
287,57.43829219479653,4.583333333333334,0.2,0.5,0.3333333333333333,0.003744226712843968,0.03369804041559575,0.09625577328715598,0.8663019595844046,20.31102638392506
288,57.63842561707805,4.583333333333334,0.2,0.5,0.3333333333333333,0.0037442267128439837,0.03369804041559589,0.09625577328715597,0.8663019595844045,20.31102638392506
289,57.83855903935957,4.583333333333334,0.2,0.5,0.3333333333333333,0.0037442267128439993,0.03369804041559603,0.09625577328715595,0.8663019595844044,20.31102638392506
290,58.03869246164109,4.583333333333334,0.2,0.5,0.3333333333333333,0.0037442267128440145,0.03369804041559617,0.09625577328715594,0.8663019595844043,20.31102638392506
291,58.238825883922615,4.583333333333334,0.2,0.5,0.3333333333333333,0.00374422671284403,0.033698040415596306,0.09625577328715591,0.866301959584404,20.31102638392506
292,58.43895930620413,4.583333333333334,0.2,0.5,0.3333333333333333,0.0037442267128440457,0.033698040415596445,0.0962557732871559,0.8663019595844039,20.31102638392506
293,58.63909272848566,4.583333333333334,0.2,0.5,0.3333333333333333,0.003744226712844061,0.033698040415596583,0.09625577328715589,0.8663019595844038,20.31102638392506
294,58.839226150767175,4.583333333333334,0.2,0.5,0.3333333333333333,0.0037442267128440765,0.03369804041559672,0.09625577328715587,0.8663019595844037,20.31102638392506
295,59.0393595730487,4.583333333333334,0.2,0.5,0.3333333333333333,0.003744226712844092,0.03369804041559686,0.09625577328715586,0.8663019595844035,20.31102638392506
296,59.23949299533022,4.583333333333334,0.2,0.5,0.3333333333333333,0.0037442267128441073,0.03369804041559701,0.09625577328715584,0.8663019595844034,20.31102638392506
297,59.43962641761174,4.583333333333334,0.2,0.5,0.3333333333333333,0.003744226712844123,0.033698040415597146,0.09625577328715583,0.8663019595844033,20.31102638392506
298,59.63975983989326,4.583333333333334,0.2,0.5,0.3333333333333333,0.0037442267128441386,0.033698040415597284,0.09625577328715582,0.8663019595844031,20.31102638392506
299,59.83989326217478,4.583333333333334,0.2,0.5,0.3333333333333333,0.0037442267128441537,0.03369804041559742,0.09625577328715579,0.8663019595844029,20.31102638392506
300,60.0400266844563,4.583333333333334,0.2,0.5,0.3333333333333333,0.0037442267128441693,0.03369804041559756,0.09625577328715577,0.8663019595844028,20.31102638392506
301,60.240160106737825,4.583333333333334,0.2,0.5,0.3333333333333333,0.003744226712844185,0.0336980404155977,0.09625577328715576,0.8663019595844027,20.31102638392506
302,60.44029352901934,4.583333333333334,0.2,0.5,0.3333333333333333,0.0037442267128442006,0.03369804041559784,0.09625577328715575,0.8663019595844026,20.31102638392506
303,60.64042695130087,4.583333333333334,0.2,0.5,0.3333333333333333,0.0037442267128442158,0.03369804041559798,0.09625577328715573,0.8663019595844024,20.31102638392506
304,60.840560373582385,4.583333333333334,0.2,0.5,0.3333333333333333,0.0037442267128442314,0.03369804041559812,0.09625577328715572,0.8663019595844023,20.31102638392506
305,61.04069379586391,4.583333333333334,0.2,0.5,0.3333333333333333,0.003744226712844247,0.033698040415598256,0.0962557732871557,0.8663019595844021,20.31102638392506
306,61.24082721814543,4.583333333333334,0.2,0.5,0.3333333333333333,0.003744226712844262,0.033698040415598395,0.09625577328715569,0.8663019595844019,20.31102638392506
307,61.44096064042695,4.583333333333334,0.2,0.5,0.3333333333333333,0.0037442267128442778,0.03369804041559853,0.09625577328715568,0.8663019595844018,20.31102638392506
308,61.64109406270847,4.583333333333334,0.2,0.5,0.3333333333333333,0.0037442267128442934,0.03369804041559867,0.09625577328715565,0.8663019595844017,20.31102638392506
309,61.84122748498999,4.583333333333334,0.2,0.5,0.3333333333333333,0.0037442267128443086,0.03369804041559881,0.09625577328715564,0.8663019595844016,20.31102638392506
310,62.04136090727151,4.583333333333334,0.2,0.5,0.3333333333333333,0.003744226712844324,0.03369804041559895,0.09625577328715562,0.8663019595844014,20.31102638392506
311,62.241494329553035,4.583333333333334,0.2,0.5,0.3333333333333333,0.00374422671284434,0.033698040415599095,0.09625577328715561,0.8663019595844013,20.31102638392506
312,62.44162775183455,4.583333333333334,0.2,0.5,0.3333333333333333,0.003744226712844355,0.033698040415599234,0.0962557732871556,0.8663019595844011,20.31102638392506
313,62.64176117411608,4.583333333333334,0.2,0.5,0.3333333333333333,0.0037442267128443706,0.03369804041559937,0.09625577328715558,0.866301959584401,20.31102638392506
314,62.841894596397594,4.583333333333334,0.2,0.5,0.3333333333333333,0.003744226712844386,0.03369804041559951,0.09625577328715557,0.8663019595844008,20.31102638392506
315,63.04202801867912,4.583333333333334,0.2,0.5,0.3333333333333333,0.0037442267128444014,0.03369804041559965,0.09625577328715555,0.8663019595844007,20.31102638392506
316,63.242161440960636,4.583333333333334,0.2,0.5,0.3333333333333333,0.003744226712844417,0.03369804041559979,0.09625577328715554,0.8663019595844006,20.31102638392506
317,63.44229486324216,4.583333333333334,0.2,0.5,0.3333333333333333,0.0037442267128444326,0.03369804041559993,0.09625577328715551,0.8663019595844005,20.31102638392506
318,63.64242828552368,4.583333333333334,0.2,0.5,0.3333333333333333,0.0037442267128444478,0.03369804041560007,0.0962557732871555,0.8663019595844003,20.31102638392506
319,63.8425617078052,4.583333333333334,0.2,0.5,0.3333333333333333,0.0037442267128444634,0.033698040415600206,0.09625577328715548,0.8663019595844001,20.31102638392506
320,64.04269513008673,4.583333333333334,0.2,0.5,0.3333333333333333,0.003744226712844479,0.033698040415600344,0.09625577328715547,0.8663019595844,20.31102638392506
321,64.24282855236824,4.583333333333334,0.2,0.5,0.3333333333333333,0.003744226712844494,0.03369804041560048,0.09625577328715545,0.8663019595843999,20.31102638392506
322,64.44296197464976,4.583333333333334,0.2,0.5,0.3333333333333333,0.00374422671284451,0.03369804041560062,0.09625577328715544,0.8663019595843997,20.31102638392506
323,64.64309539693129,4.583333333333334,0.2,0.5,0.3333333333333333,0.0037442267128445254,0.03369804041560076,0.09625577328715543,0.8663019595843996,20.31102638392506
324,64.84322881921281,4.583333333333334,0.2,0.5,0.3333333333333333,0.0037442267128445406,0.0336980404156009,0.09625577328715541,0.8663019595843995,20.31102638392506
325,65.04336224149432,4.583333333333334,0.2,0.5,0.3333333333333333,0.003744226712844556,0.03369804041560104,0.09625577328715539,0.8663019595843994,20.31102638392506
326,65.24349566377585,4.583333333333334,0.2,0.5,0.3333333333333333,0.003744226712844572,0.03369804041560118,0.09625577328715537,0.8663019595843992,20.31102638392506
327,65.44362908605737,4.583333333333334,0.2,0.5,0.3333333333333333,0.003744226712844587,0.03369804041560132,0.09625577328715536,0.866301959584399,20.31102638392506
328,65.6437625083389,4.583333333333334,0.2,0.5,0.3333333333333333,0.0037442267128446026,0.03369804041560146,0.09625577328715534,0.8663019595843989,20.31102638392506
329,65.8438959306204,4.583333333333334,0.2,0.5,0.3333333333333333,0.003744226712844618,0.0336980404156016,0.09625577328715533,0.8663019595843988,20.31102638392506
330,66.04402935290193,4.583333333333334,0.2,0.5,0.3333333333333333,0.0037442267128446334,0.03369804041560174,0.09625577328715532,0.8663019595843986,20.31102638392506
331,66.24416277518345,4.583333333333334,0.2,0.5,0.3333333333333333,0.003744226712844649,0.03369804041560188,0.0962557732871553,0.8663019595843985,20.31102638392506
332,66.44429619746498,4.583333333333334,0.2,0.5,0.3333333333333333,0.0037442267128446646,0.03369804041560202,0.09625577328715529,0.8663019595843984,20.31102638392506
333,66.64442961974649,4.583333333333334,0.2,0.5,0.3333333333333333,0.00374422671284468,0.033698040415602155,0.09625577328715527,0.8663019595843983,20.31102638392506
334,66.84456304202801,4.583333333333334,0.2,0.5,0.3333333333333333,0.0037442267128446954,0.033698040415602294,0.09625577328715525,0.866301959584398,20.31102638392506
335,67.04469646430954,4.583333333333334,0.2,0.5,0.3333333333333333,0.003744226712844711,0.03369804041560243,0.09625577328715523,0.8663019595843979,20.31102638392506
336,67.24482988659106,4.583333333333334,0.2,0.5,0.3333333333333333,0.003744226712844726,0.03369804041560257,0.09625577328715522,0.8663019595843978,20.31102638392506
337,67.44496330887257,4.583333333333334,0.2,0.5,0.3333333333333333,0.003744226712844742,0.03369804041560271,0.0962557732871552,0.8663019595843977,20.31102638392506
338,67.6450967311541,4.583333333333334,0.2,0.5,0.3333333333333333,0.0037442267128447574,0.03369804041560285,0.09625577328715519,0.8663019595843975,20.31102638392506
339,67.84523015343562,4.583333333333334,0.2,0.5,0.3333333333333333,0.0037442267128447726,0.03369804041560299,0.09625577328715518,0.8663019595843974,20.31102638392506
340,68.04536357571715,4.583333333333334,0.2,0.5,0.3333333333333333,0.003744226712844788,0.03369804041560313,0.09625577328715516,0.8663019595843973,20.31102638392506
341,68.24549699799866,4.583333333333334,0.2,0.5,0.3333333333333333,0.003744226712844804,0.033698040415603266,0.09625577328715515,0.8663019595843972,20.31102638392506
342,68.44563042028018,4.583333333333334,0.2,0.5,0.3333333333333333,0.0037442267128448194,0.03369804041560341,0.09625577328715514,0.8663019595843969,20.31102638392506
343,68.6457638425617,4.583333333333334,0.2,0.5,0.3333333333333333,0.0037442267128448346,0.03369804041560355,0.09625577328715511,0.8663019595843968,20.31102638392506
344,68.84589726484323,4.583333333333334,0.2,0.5,0.3333333333333333,0.0037442267128448502,0.03369804041560369,0.0962557732871551,0.8663019595843967,20.31102638392506
345,69.04603068712474,4.583333333333334,0.2,0.5,0.3333333333333333,0.003744226712844866,0.03369804041560383,0.09625577328715508,0.8663019595843966,20.31102638392506
346,69.24616410940627,4.583333333333334,0.2,0.5,0.3333333333333333,0.003744226712844881,0.033698040415603966,0.09625577328715507,0.8663019595843964,20.31102638392506
347,69.44629753168779,4.583333333333334,0.2,0.5,0.3333333333333333,0.0037442267128448966,0.033698040415604105,0.09625577328715505,0.8663019595843963,20.31102638392506
348,69.64643095396931,4.583333333333334,0.2,0.5,0.3333333333333333,0.0037442267128449122,0.033698040415604244,0.09625577328715504,0.8663019595843962,20.31102638392506
349,69.84656437625083,4.583333333333334,0.2,0.5,0.3333333333333333,0.0037442267128449274,0.03369804041560438,0.09625577328715502,0.866301959584396,20.31102638392506
350,70.04669779853235,4.583333333333334,0.2,0.5,0.3333333333333333,0.003744226712844943,0.03369804041560452,0.09625577328715501,0.8663019595843958,20.31102638392506
351,70.24683122081387,4.583333333333334,0.2,0.5,0.3333333333333333,0.0037442267128449586,0.03369804041560466,0.096255773287155,0.8663019595843957,20.31102638392506
352,70.4469646430954,4.583333333333334,0.2,0.5,0.3333333333333333,0.003744226712844974,0.0336980404156048,0.09625577328715497,0.8663019595843956,20.31102638392506
353,70.64709806537691,4.583333333333334,0.2,0.5,0.3333333333333333,0.0037442267128449894,0.03369804041560494,0.09625577328715496,0.8663019595843955,20.31102638392506
354,70.84723148765843,4.583333333333334,0.2,0.5,0.3333333333333333,0.003744226712845005,0.03369804041560508,0.09625577328715494,0.8663019595843953,20.31102638392506
355,71.04736490993996,4.583333333333334,0.2,0.5,0.3333333333333333,0.0037442267128450202,0.033698040415605215,0.09625577328715493,0.8663019595843952,20.31102638392506
356,71.24749833222148,4.583333333333334,0.2,0.5,0.3333333333333333,0.003744226712845036,0.033698040415605354,0.09625577328715491,0.866301959584395,20.31102638392506
357,71.44763175450299,4.583333333333334,0.2,0.5,0.3333333333333333,0.0037442267128450515,0.0336980404156055,0.0962557732871549,0.8663019595843949,20.31102638392506
358,71.64776517678452,4.583333333333334,0.2,0.5,0.3333333333333333,0.0037442267128450666,0.03369804041560564,0.09625577328715489,0.8663019595843947,20.31102638392506
359,71.84789859906604,4.583333333333334,0.2,0.5,0.3333333333333333,0.0037442267128450822,0.03369804041560578,0.09625577328715487,0.8663019595843946,20.31102638392506
360,72.04803202134757,4.583333333333334,0.2,0.5,0.3333333333333333,0.003744226712845098,0.033698040415605916,0.09625577328715484,0.8663019595843945,20.31102638392506
361,72.24816544362908,4.583333333333334,0.2,0.5,0.3333333333333333,0.003744226712845113,0.033698040415606055,0.09625577328715483,0.8663019595843944,20.31102638392506
362,72.4482988659106,4.583333333333334,0.2,0.5,0.3333333333333333,0.0037442267128451286,0.033698040415606194,0.09625577328715482,0.8663019595843942,20.31102638392506
363,72.64843228819213,4.583333333333334,0.2,0.5,0.3333333333333333,0.0037442267128451443,0.03369804041560633,0.0962557732871548,0.866301959584394,20.31102638392506
364,72.84856571047365,4.583333333333334,0.2,0.5,0.3333333333333333,0.0037442267128451594,0.03369804041560647,0.09625577328715479,0.8663019595843939,20.31102638392506
365,73.04869913275516,4.583333333333334,0.2,0.5,0.3333333333333333,0.003744226712845175,0.03369804041560661,0.09625577328715477,0.8663019595843937,20.31102638392506
366,73.24883255503669,4.583333333333334,0.2,0.5,0.3333333333333333,0.0037442267128451907,0.03369804041560675,0.09625577328715476,0.8663019595843936,20.31102638392506
367,73.44896597731821,4.583333333333334,0.2,0.5,0.3333333333333333,0.003744226712845206,0.03369804041560689,0.09625577328715475,0.8663019595843935,20.31102638392506
368,73.64909939959973,4.583333333333334,0.2,0.5,0.3333333333333333,0.0037442267128452215,0.033698040415607027,0.09625577328715473,0.8663019595843934,20.31102638392506
369,73.84923282188124,4.583333333333334,0.2,0.5,0.3333333333333333,0.003744226712845237,0.033698040415607165,0.0962557732871547,0.8663019595843932,20.31102638392506
370,74.04936624416277,4.583333333333334,0.2,0.5,0.3333333333333333,0.0037442267128452522,0.033698040415607304,0.09625577328715469,0.866301959584393,20.31102638392506
371,74.2494996664443,4.583333333333334,0.2,0.5,0.3333333333333333,0.003744226712845268,0.03369804041560744,0.09625577328715468,0.8663019595843929,20.31102638392506
372,74.44963308872582,4.583333333333334,0.2,0.5,0.3333333333333333,0.0037442267128452835,0.03369804041560759,0.09625577328715466,0.8663019595843928,20.31102638392506
373,74.64976651100733,4.583333333333334,0.2,0.5,0.3333333333333333,0.0037442267128452987,0.03369804041560773,0.09625577328715465,0.8663019595843926,20.31102638392506
374,74.84989993328885,4.583333333333334,0.2,0.5,0.3333333333333333,0.0037442267128453143,0.033698040415607866,0.09625577328715464,0.8663019595843925,20.31102638392506
375,75.05003335557038,4.583333333333334,0.2,0.5,0.3333333333333333,0.00374422671284533,0.033698040415608005,0.09625577328715462,0.8663019595843924,20.31102638392506
376,75.2501667778519,4.583333333333334,0.2,0.5,0.3333333333333333,0.003744226712845345,0.033698040415608144,0.09625577328715461,0.8663019595843923,20.31102638392506
377,75.45030020013341,4.583333333333334,0.2,0.5,0.3333333333333333,0.0037442267128453607,0.03369804041560828,0.0962557732871546,0.866301959584392,20.31102638392506
378,75.65043362241494,4.583333333333334,0.2,0.5,0.3333333333333333,0.0037442267128453763,0.03369804041560842,0.09625577328715457,0.8663019595843919,20.31102638392506
379,75.85056704469646,4.583333333333334,0.2,0.5,0.3333333333333333,0.003744226712845392,0.03369804041560856,0.09625577328715455,0.8663019595843918,20.31102638392506
380,76.05070046697799,4.583333333333334,0.2,0.5,0.3333333333333333,0.003744226712845407,0.0336980404156087,0.09625577328715454,0.8663019595843917,20.31102638392506
381,76.2508338892595,4.583333333333334,0.2,0.5,0.3333333333333333,0.0037442267128454227,0.03369804041560884,0.09625577328715453,0.8663019595843915,20.31102638392506
382,76.45096731154102,4.583333333333334,0.2,0.5,0.3333333333333333,0.0037442267128454383,0.033698040415608976,0.09625577328715451,0.8663019595843914,20.31102638392506
383,76.65110073382255,4.583333333333334,0.2,0.5,0.3333333333333333,0.0037442267128454535,0.033698040415609115,0.0962557732871545,0.8663019595843913,20.31102638392506
384,76.85123415610407,4.583333333333334,0.2,0.5,0.3333333333333333,0.003744226712845469,0.033698040415609254,0.09625577328715448,0.8663019595843912,20.31102638392506
385,77.0513675783856,4.583333333333334,0.2,0.5,0.3333333333333333,0.0037442267128454847,0.03369804041560939,0.09625577328715447,0.8663019595843909,20.31102638392506
386,77.2515010006671,4.583333333333334,0.2,0.5,0.3333333333333333,0.0037442267128455,0.03369804041560953,0.09625577328715444,0.8663019595843908,20.31102638392506
387,77.45163442294863,4.583333333333334,0.2,0.5,0.3333333333333333,0.0037442267128455155,0.03369804041560967,0.09625577328715443,0.8663019595843907,20.31102638392506
388,77.65176784523015,4.583333333333334,0.2,0.5,0.3333333333333333,0.003744226712845531,0.033698040415609816,0.09625577328715441,0.8663019595843906,20.31102638392506
389,77.85190126751168,4.583333333333334,0.2,0.5,0.3333333333333333,0.0037442267128455463,0.033698040415609955,0.0962557732871544,0.8663019595843904,20.31102638392506
390,78.05203468979319,4.583333333333334,0.2,0.5,0.3333333333333333,0.003744226712845562,0.033698040415610094,0.09625577328715439,0.8663019595843903,20.31102638392506
391,78.25216811207471,4.583333333333334,0.2,0.5,0.3333333333333333,0.0037442267128455775,0.03369804041561023,0.09625577328715437,0.8663019595843902,20.31102638392506
392,78.45230153435624,4.583333333333334,0.2,0.5,0.3333333333333333,0.0037442267128455927,0.03369804041561037,0.09625577328715436,0.86630195958439,20.31102638392506
393,78.65243495663776,4.583333333333334,0.2,0.5,0.3333333333333333,0.0037442267128456083,0.03369804041561051,0.09625577328715434,0.8663019595843898,20.31102638392506
394,78.85256837891927,4.583333333333334,0.2,0.5,0.3333333333333333,0.003744226712845624,0.03369804041561065,0.09625577328715433,0.8663019595843897,20.31102638392506
395,79.0527018012008,4.583333333333334,0.2,0.5,0.3333333333333333,0.003744226712845639,0.03369804041561079,0.0962557732871543,0.8663019595843896,20.31102638392506
396,79.25283522348232,4.583333333333334,0.2,0.5,0.3333333333333333,0.0037442267128456547,0.033698040415610926,0.09625577328715429,0.8663019595843895,20.31102638392506
397,79.45296864576385,4.583333333333334,0.2,0.5,0.3333333333333333,0.0037442267128456703,0.033698040415611065,0.09625577328715428,0.8663019595843893,20.31102638392506
398,79.65310206804536,4.583333333333334,0.2,0.5,0.3333333333333333,0.0037442267128456855,0.033698040415611204,0.09625577328715426,0.8663019595843892,20.31102638392506
399,79.85323549032688,4.583333333333334,0.2,0.5,0.3333333333333333,0.003744226712845701,0.03369804041561134,0.09625577328715425,0.866301959584389,20.31102638392506
400,80.0533689126084,4.583333333333334,0.2,0.5,0.3333333333333333,0.0037442267128457167,0.03369804041561148,0.09625577328715423,0.8663019595843889,20.31102638392506
401,80.25350233488993,4.583333333333334,0.2,0.5,0.3333333333333333,0.003744226712845732,0.03369804041561162,0.09625577328715422,0.8663019595843887,20.31102638392506
402,80.45363575717144,4.583333333333334,0.2,0.5,0.3333333333333333,0.0037442267128457475,0.03369804041561176,0.0962557732871542,0.8663019595843886,20.31102638392506
403,80.65376917945296,4.583333333333334,0.2,0.5,0.3333333333333333,0.003744226712845763,0.033698040415611905,0.09625577328715419,0.8663019595843885,20.31102638392506
404,80.85390260173449,4.583333333333334,0.2,0.5,0.3333333333333333,0.0037442267128457783,0.03369804041561204,0.09625577328715416,0.8663019595843884,20.31102638392506
405,81.05403602401601,4.583333333333334,0.2,0.5,0.3333333333333333,0.003744226712845794,0.03369804041561218,0.09625577328715415,0.8663019595843882,20.31102638392506
406,81.25416944629752,4.583333333333334,0.2,0.5,0.3333333333333333,0.0037442267128458095,0.03369804041561232,0.09625577328715414,0.866301959584388,20.31102638392506
407,81.45430286857905,4.583333333333334,0.2,0.5,0.3333333333333333,0.0037442267128458247,0.03369804041561246,0.09625577328715412,0.8663019595843879,20.31102638392506
408,81.65443629086057,4.583333333333334,0.2,0.5,0.3333333333333333,0.0037442267128458403,0.0336980404156126,0.09625577328715411,0.8663019595843878,20.31102638392506
409,81.8545697131421,4.583333333333334,0.2,0.5,0.3333333333333333,0.003744226712845856,0.03369804041561274,0.0962557732871541,0.8663019595843876,20.31102638392506
410,82.05470313542361,4.583333333333334,0.2,0.5,0.3333333333333333,0.003744226712845871,0.033698040415612876,0.09625577328715408,0.8663019595843875,20.31102638392506
411,82.25483655770513,4.583333333333334,0.2,0.5,0.3333333333333333,0.0037442267128458867,0.033698040415613015,0.09625577328715407,0.8663019595843874,20.31102638392506
412,82.45496997998666,4.583333333333334,0.2,0.5,0.3333333333333333,0.0037442267128459023,0.033698040415613154,0.09625577328715405,0.8663019595843873,20.31102638392506
413,82.65510340226818,4.583333333333334,0.2,0.5,0.3333333333333333,0.0037442267128459175,0.03369804041561329,0.09625577328715403,0.866301959584387,20.31102638392506
414,82.85523682454969,4.583333333333334,0.2,0.5,0.3333333333333333,0.003744226712845933,0.03369804041561343,0.09625577328715401,0.8663019595843869,20.31102638392506
415,83.05537024683122,4.583333333333334,0.2,0.5,0.3333333333333333,0.0037442267128459487,0.03369804041561357,0.096255773287154,0.8663019595843868,20.31102638392506
416,83.25550366911274,4.583333333333334,0.2,0.5,0.3333333333333333,0.003744226712845964,0.03369804041561371,0.09625577328715398,0.8663019595843867,20.31102638392506
417,83.45563709139427,4.583333333333334,0.2,0.5,0.3333333333333333,0.0037442267128459795,0.03369804041561385,0.09625577328715397,0.8663019595843865,20.31102638392506
418,83.65577051367578,4.583333333333334,0.2,0.5,0.3333333333333333,0.003744226712845995,0.03369804041561399,0.09625577328715396,0.8663019595843864,20.31102638392506
419,83.8559039359573,4.583333333333334,0.2,0.5,0.3333333333333333,0.0037442267128460108,0.03369804041561413,0.09625577328715394,0.8663019595843863,20.31102638392506
420,84.05603735823883,4.583333333333334,0.2,0.5,0.3333333333333333,0.003744226712846026,0.03369804041561427,0.09625577328715393,0.8663019595843862,20.31102638392506
421,84.25617078052035,4.583333333333334,0.2,0.5,0.3333333333333333,0.0037442267128460415,0.03369804041561441,0.0962557732871539,0.8663019595843859,20.31102638392506
422,84.45630420280186,4.583333333333334,0.2,0.5,0.3333333333333333,0.003744226712846057,0.03369804041561455,0.09625577328715389,0.8663019595843858,20.31102638392506
423,84.65643762508338,4.583333333333334,0.2,0.5,0.3333333333333333,0.0037442267128460723,0.03369804041561469,0.09625577328715387,0.8663019595843857,20.31102638392506
424,84.85657104736491,4.583333333333334,0.2,0.5,0.3333333333333333,0.003744226712846088,0.033698040415614826,0.09625577328715386,0.8663019595843856,20.31102638392506
425,85.05670446964643,4.583333333333334,0.2,0.5,0.3333333333333333,0.0037442267128461036,0.033698040415614965,0.09625577328715385,0.8663019595843854,20.31102638392506
426,85.25683789192794,4.583333333333334,0.2,0.5,0.3333333333333333,0.0037442267128461187,0.0336980404156151,0.09625577328715383,0.8663019595843853,20.31102638392506
427,85.45697131420947,4.583333333333334,0.2,0.5,0.3333333333333333,0.0037442267128461344,0.03369804041561524,0.09625577328715382,0.8663019595843852,20.31102638392506
428,85.657104736491,4.583333333333334,0.2,0.5,0.3333333333333333,0.00374422671284615,0.03369804041561538,0.0962557732871538,0.8663019595843849,20.31102638392506
429,85.85723815877252,4.583333333333334,0.2,0.5,0.3333333333333333,0.003744226712846165,0.03369804041561552,0.09625577328715379,0.8663019595843848,20.31102638392506
430,86.05737158105403,4.583333333333334,0.2,0.5,0.3333333333333333,0.0037442267128461808,0.03369804041561566,0.09625577328715376,0.8663019595843847,20.31102638392506
431,86.25750500333555,4.583333333333334,0.2,0.5,0.3333333333333333,0.0037442267128461964,0.0336980404156158,0.09625577328715375,0.8663019595843846,20.31102638392506
432,86.45763842561708,4.583333333333334,0.2,0.5,0.3333333333333333,0.0037442267128462116,0.033698040415615936,0.09625577328715373,0.8663019595843844,20.31102638392506
433,86.6577718478986,4.583333333333334,0.2,0.5,0.3333333333333333,0.003744226712846227,0.03369804041561608,0.09625577328715372,0.8663019595843843,20.31102638392506
434,86.85790527018011,4.583333333333334,0.2,0.5,0.3333333333333333,0.0037442267128462428,0.03369804041561622,0.0962557732871537,0.8663019595843842,20.31102638392506
435,87.05803869246164,4.583333333333334,0.2,0.5,0.3333333333333333,0.003744226712846258,0.03369804041561636,0.09625577328715369,0.866301959584384,20.31102638392506
436,87.25817211474316,4.583333333333334,0.2,0.5,0.3333333333333333,0.0037442267128462736,0.0336980404156165,0.09625577328715368,0.8663019595843838,20.31102638392506
437,87.45830553702469,4.583333333333334,0.2,0.5,0.3333333333333333,0.003744226712846289,0.03369804041561664,0.09625577328715366,0.8663019595843837,20.31102638392506
438,87.6584389593062,4.583333333333334,0.2,0.5,0.3333333333333333,0.0037442267128463044,0.033698040415616776,0.09625577328715365,0.8663019595843836,20.31102638392506
439,87.85857238158772,4.583333333333334,0.2,0.5,0.3333333333333333,0.00374422671284632,0.033698040415616914,0.09625577328715362,0.8663019595843835,20.31102638392506
440,88.05870580386924,4.583333333333334,0.2,0.5,0.3333333333333333,0.0037442267128463356,0.03369804041561705,0.09625577328715361,0.8663019595843833,20.31102638392506
441,88.25883922615077,4.583333333333334,0.2,0.5,0.3333333333333333,0.0037442267128463508,0.03369804041561719,0.0962557732871536,0.8663019595843832,20.31102638392506
442,88.45897264843228,4.583333333333334,0.2,0.5,0.3333333333333333,0.0037442267128463664,0.03369804041561733,0.09625577328715358,0.866301959584383,20.31102638392506
443,88.6591060707138,4.583333333333334,0.2,0.5,0.3333333333333333,0.003744226712846382,0.03369804041561747,0.09625577328715357,0.8663019595843829,20.31102638392506
444,88.85923949299533,4.583333333333334,0.2,0.5,0.3333333333333333,0.003744226712846397,0.03369804041561761,0.09625577328715355,0.8663019595843827,20.31102638392506
445,89.05937291527685,4.583333333333334,0.2,0.5,0.3333333333333333,0.0037442267128464128,0.03369804041561775,0.09625577328715354,0.8663019595843826,20.31102638392506
446,89.25950633755836,4.583333333333334,0.2,0.5,0.3333333333333333,0.0037442267128464284,0.033698040415617886,0.09625577328715353,0.8663019595843825,20.31102638392506
447,89.45963975983989,4.583333333333334,0.2,0.5,0.3333333333333333,0.0037442267128464436,0.033698040415618025,0.0962557732871535,0.8663019595843824,20.31102638392506
448,89.65977318212141,4.583333333333334,0.2,0.5,0.3333333333333333,0.003744226712846459,0.03369804041561816,0.09625577328715348,0.8663019595843822,20.31102638392506
449,89.85990660440294,4.583333333333334,0.2,0.5,0.3333333333333333,0.003744226712846475,0.03369804041561831,0.09625577328715347,0.866301959584382,20.31102638392506
450,90.06004002668445,4.583333333333334,0.2,0.5,0.3333333333333333,0.00374422671284649,0.03369804041561845,0.09625577328715346,0.8663019595843819,20.31102638392506
451,90.26017344896597,4.583333333333334,0.2,0.5,0.3333333333333333,0.0037442267128465056,0.03369804041561859,0.09625577328715344,0.8663019595843818,20.31102638392506
452,90.4603068712475,4.583333333333334,0.2,0.5,0.3333333333333333,0.003744226712846521,0.033698040415618725,0.09625577328715343,0.8663019595843816,20.31102638392506
453,90.66044029352902,4.583333333333334,0.2,0.5,0.3333333333333333,0.0037442267128465364,0.033698040415618864,0.09625577328715341,0.8663019595843815,20.31102638392506
454,90.86057371581053,4.583333333333334,0.2,0.5,0.3333333333333333,0.003744226712846552,0.033698040415619,0.0962557732871534,0.8663019595843814,20.31102638392506
455,91.06070713809206,4.583333333333334,0.2,0.5,0.3333333333333333,0.0037442267128465676,0.03369804041561914,0.09625577328715339,0.8663019595843813,20.31102638392506
456,91.26084056037358,4.583333333333334,0.2,0.5,0.3333333333333333,0.003744226712846583,0.03369804041561928,0.09625577328715336,0.866301959584381,20.31102638392506
457,91.4609739826551,4.583333333333334,0.2,0.5,0.3333333333333333,0.0037442267128465984,0.03369804041561942,0.09625577328715335,0.8663019595843809,20.31102638392506
458,91.66110740493662,4.583333333333334,0.2,0.5,0.3333333333333333,0.003744226712846614,0.03369804041561956,0.09625577328715333,0.8663019595843808,20.31102638392506
459,91.86124082721814,4.583333333333334,0.2,0.5,0.3333333333333333,0.0037442267128466296,0.0336980404156197,0.09625577328715332,0.8663019595843807,20.31102638392506
460,92.06137424949966,4.583333333333334,0.2,0.5,0.3333333333333333,0.003744226712846645,0.033698040415619836,0.0962557732871533,0.8663019595843805,20.31102638392506
461,92.26150767178119,4.583333333333334,0.2,0.5,0.3333333333333333,0.0037442267128466604,0.033698040415619974,0.09625577328715329,0.8663019595843804,20.31102638392506
462,92.4616410940627,4.583333333333334,0.2,0.5,0.3333333333333333,0.003744226712846676,0.03369804041562011,0.09625577328715328,0.8663019595843803,20.31102638392506
463,92.66177451634422,4.583333333333334,0.2,0.5,0.3333333333333333,0.003744226712846691,0.03369804041562025,0.09625577328715326,0.8663019595843802,20.31102638392506
464,92.86190793862575,4.583333333333334,0.2,0.5,0.3333333333333333,0.003744226712846707,0.0336980404156204,0.09625577328715325,0.8663019595843799,20.31102638392506
465,93.06204136090727,4.583333333333334,0.2,0.5,0.3333333333333333,0.0037442267128467224,0.03369804041562054,0.09625577328715322,0.8663019595843798,20.31102638392506
466,93.26217478318878,4.583333333333334,0.2,0.5,0.3333333333333333,0.0037442267128467376,0.033698040415620675,0.0962557732871532,0.8663019595843797,20.31102638392506
467,93.46230820547031,4.583333333333334,0.2,0.5,0.3333333333333333,0.0037442267128467532,0.033698040415620814,0.09625577328715319,0.8663019595843796,20.31102638392506
468,93.66244162775183,4.583333333333334,0.2,0.5,0.3333333333333333,0.003744226712846769,0.03369804041562095,0.09625577328715318,0.8663019595843794,20.31102638392506
469,93.86257505003336,4.583333333333334,0.2,0.5,0.3333333333333333,0.003744226712846784,0.03369804041562109,0.09625577328715317,0.8663019595843793,20.31102638392506
470,94.06270847231487,4.583333333333334,0.2,0.5,0.3333333333333333,0.0037442267128467996,0.03369804041562123,0.09625577328715315,0.8663019595843792,20.31102638392506
471,94.26284189459639,4.583333333333334,0.2,0.5,0.3333333333333333,0.0037442267128468152,0.03369804041562137,0.09625577328715314,0.866301959584379,20.31102638392506
472,94.46297531687792,4.583333333333334,0.2,0.5,0.3333333333333333,0.0037442267128468304,0.03369804041562151,0.09625577328715312,0.8663019595843788,20.31102638392506
473,94.66310873915944,4.583333333333334,0.2,0.5,0.3333333333333333,0.003744226712846846,0.03369804041562165,0.09625577328715311,0.8663019595843787,20.31102638392506
474,94.86324216144095,4.583333333333334,0.2,0.5,0.3333333333333333,0.0037442267128468616,0.033698040415621786,0.09625577328715308,0.8663019595843786,20.31102638392506
475,95.06337558372248,4.583333333333334,0.2,0.5,0.3333333333333333,0.003744226712846877,0.033698040415621924,0.09625577328715307,0.8663019595843785,20.31102638392506
476,95.263509006004,4.583333333333334,0.2,0.5,0.3333333333333333,0.0037442267128468924,0.03369804041562206,0.09625577328715305,0.8663019595843783,20.31102638392506
477,95.46364242828552,4.583333333333334,0.2,0.5,0.3333333333333333,0.003744226712846908,0.0336980404156222,0.09625577328715304,0.8663019595843782,20.31102638392506
478,95.66377585056703,4.583333333333334,0.2,0.5,0.3333333333333333,0.0037442267128469232,0.03369804041562234,0.09625577328715303,0.8663019595843781,20.31102638392506
479,95.86390927284856,4.583333333333334,0.2,0.5,0.3333333333333333,0.003744226712846939,0.033698040415622486,0.09625577328715301,0.866301959584378,20.31102638392506
480,96.06404269513008,4.583333333333334,0.2,0.5,0.3333333333333333,0.0037442267128469544,0.033698040415622625,0.096255773287153,0.8663019595843777,20.31102638392506
481,96.26417611741161,4.583333333333334,0.2,0.5,0.3333333333333333,0.0037442267128469696,0.033698040415622764,0.09625577328715298,0.8663019595843776,20.31102638392506
482,96.46430953969312,4.583333333333334,0.2,0.5,0.3333333333333333,0.0037442267128469852,0.0336980404156229,0.09625577328715296,0.8663019595843775,20.31102638392506
483,96.66444296197464,4.583333333333334,0.2,0.5,0.3333333333333333,0.003744226712847001,0.03369804041562304,0.09625577328715294,0.8663019595843774,20.31102638392506
484,96.86457638425617,4.583333333333334,0.2,0.5,0.3333333333333333,0.003744226712847016,0.03369804041562318,0.09625577328715293,0.8663019595843772,20.31102638392506
485,97.06470980653769,4.583333333333334,0.2,0.5,0.3333333333333333,0.0037442267128470316,0.03369804041562332,0.09625577328715292,0.8663019595843771,20.31102638392506
486,97.2648432288192,4.583333333333334,0.2,0.5,0.3333333333333333,0.0037442267128470473,0.03369804041562346,0.0962557732871529,0.866301959584377,20.31102638392506
487,97.46497665110073,4.583333333333334,0.2,0.5,0.3333333333333333,0.0037442267128470624,0.0336980404156236,0.09625577328715289,0.8663019595843767,20.31102638392506
488,97.66511007338225,4.583333333333334,0.2,0.5,0.3333333333333333,0.003744226712847078,0.033698040415623735,0.09625577328715287,0.8663019595843766,20.31102638392506
489,97.86524349566378,4.583333333333334,0.2,0.5,0.3333333333333333,0.0037442267128470937,0.033698040415623874,0.09625577328715286,0.8663019595843765,20.31102638392506
490,98.06537691794529,4.583333333333334,0.2,0.5,0.3333333333333333,0.003744226712847109,0.03369804041562401,0.09625577328715285,0.8663019595843764,20.31102638392506
491,98.26551034022681,4.583333333333334,0.2,0.5,0.3333333333333333,0.0037442267128471244,0.03369804041562415,0.09625577328715282,0.8663019595843762,20.31102638392506
492,98.46564376250834,4.583333333333334,0.2,0.5,0.3333333333333333,0.00374422671284714,0.03369804041562429,0.0962557732871528,0.8663019595843761,20.31102638392506
493,98.66577718478986,4.583333333333334,0.2,0.5,0.3333333333333333,0.0037442267128471552,0.03369804041562443,0.09625577328715279,0.866301959584376,20.31102638392506
494,98.86591060707137,4.583333333333334,0.2,0.5,0.3333333333333333,0.003744226712847171,0.033698040415624575,0.09625577328715278,0.8663019595843758,20.31102638392506
495,99.0660440293529,4.583333333333334,0.2,0.5,0.3333333333333333,0.0037442267128471865,0.033698040415624714,0.09625577328715276,0.8663019595843756,20.31102638392506
496,99.26617745163442,4.583333333333334,0.2,0.5,0.3333333333333333,0.003744226712847202,0.03369804041562485,0.09625577328715275,0.8663019595843755,20.31102638392506
497,99.46631087391594,4.583333333333334,0.2,0.5,0.3333333333333333,0.0037442267128472173,0.03369804041562499,0.09625577328715273,0.8663019595843754,20.31102638392506
498,99.66644429619745,4.583333333333334,0.2,0.5,0.3333333333333333,0.003744226712847233,0.03369804041562513,0.09625577328715272,0.8663019595843753,20.31102638392506
499,99.86657771847898,4.583333333333334,0.2,0.5,0.3333333333333333,0.0037442267128472485,0.03369804041562527,0.09625577328715271,0.8663019595843751,20.31102638392506
500,100.0667111407605,4.583333333333334,0.2,0.5,0.3333333333333333,0.0037442267128472637,0.03369804041562541,0.09625577328715268,0.866301959584375,20.31102638392506
501,100.26684456304203,4.583333333333334,0.2,0.5,0.3333333333333333,0.0037442267128472793,0.033698040415625546,0.09625577328715267,0.8663019595843748,20.31102638392506
502,100.46697798532354,4.583333333333334,0.2,0.5,0.3333333333333333,0.003744226712847295,0.033698040415625685,0.09625577328715265,0.8663019595843747,20.31102638392506
503,100.66711140760506,4.583333333333334,0.2,0.5,0.3333333333333333,0.00374422671284731,0.033698040415625824,0.09625577328715264,0.8663019595843745,20.31102638392506
504,100.86724482988659,4.583333333333334,0.2,0.5,0.3333333333333333,0.0037442267128473257,0.03369804041562596,0.09625577328715262,0.8663019595843744,20.31102638392506
505,101.06737825216811,4.583333333333334,0.2,0.5,0.3333333333333333,0.0037442267128473413,0.0336980404156261,0.09625577328715261,0.8663019595843743,20.31102638392506
506,101.26751167444962,4.583333333333334,0.2,0.5,0.3333333333333333,0.0037442267128473565,0.03369804041562624,0.0962557732871526,0.8663019595843742,20.31102638392506
507,101.46764509673115,4.583333333333334,0.2,0.5,0.3333333333333333,0.003744226712847372,0.03369804041562638,0.09625577328715258,0.866301959584374,20.31102638392506
508,101.66777851901267,4.583333333333334,0.2,0.5,0.3333333333333333,0.0037442267128473877,0.03369804041562652,0.09625577328715255,0.8663019595843738,20.31102638392506
509,101.8679119412942,4.583333333333334,0.2,0.5,0.3333333333333333,0.003744226712847403,0.03369804041562666,0.09625577328715254,0.8663019595843737,20.31102638392506
510,102.0680453635757,4.583333333333334,0.2,0.5,0.3333333333333333,0.0037442267128474185,0.0336980404156268,0.09625577328715253,0.8663019595843736,20.31102638392506
511,102.26817878585723,4.583333333333334,0.2,0.5,0.3333333333333333,0.003744226712847434,0.03369804041562694,0.09625577328715251,0.8663019595843734,20.31102638392506
512,102.46831220813876,4.583333333333334,0.2,0.5,0.3333333333333333,0.0037442267128474493,0.03369804041562708,0.0962557732871525,0.8663019595843733,20.31102638392506
513,102.66844563042028,4.583333333333334,0.2,0.5,0.3333333333333333,0.003744226712847465,0.03369804041562722,0.09625577328715249,0.8663019595843732,20.31102638392506
514,102.8685790527018,4.583333333333334,0.2,0.5,0.3333333333333333,0.0037442267128474805,0.03369804041562736,0.09625577328715247,0.8663019595843731,20.31102638392506
515,103.06871247498331,4.583333333333334,0.2,0.5,0.3333333333333333,0.0037442267128474957,0.033698040415627496,0.09625577328715246,0.8663019595843728,20.31102638392506
516,103.26884589726484,4.583333333333334,0.2,0.5,0.3333333333333333,0.0037442267128475113,0.033698040415627635,0.09625577328715244,0.8663019595843727,20.31102638392506
517,103.46897931954636,4.583333333333334,0.2,0.5,0.3333333333333333,0.003744226712847527,0.033698040415627774,0.09625577328715242,0.8663019595843726,20.31102638392506
518,103.66911274182789,4.583333333333334,0.2,0.5,0.3333333333333333,0.003744226712847542,0.03369804041562791,0.0962557732871524,0.8663019595843725,20.31102638392506
519,103.8692461641094,4.583333333333334,0.2,0.5,0.3333333333333333,0.0037442267128475577,0.03369804041562805,0.09625577328715239,0.8663019595843723,20.31102638392506
520,104.06937958639092,4.583333333333334,0.2,0.5,0.3333333333333333,0.0037442267128475733,0.03369804041562819,0.09625577328715237,0.8663019595843722,20.31102638392506
521,104.26951300867245,4.583333333333334,0.2,0.5,0.3333333333333333,0.0037442267128475885,0.03369804041562833,0.09625577328715236,0.8663019595843721,20.31102638392506
522,104.46964643095397,4.583333333333334,0.2,0.5,0.3333333333333333,0.003744226712847604,0.03369804041562847,0.09625577328715235,0.866301959584372,20.31102638392506
523,104.66977985323548,4.583333333333334,0.2,0.5,0.3333333333333333,0.0037442267128476197,0.033698040415628606,0.09625577328715233,0.8663019595843717,20.31102638392506
524,104.869913275517,4.583333333333334,0.2,0.5,0.3333333333333333,0.003744226712847635,0.033698040415628745,0.09625577328715232,0.8663019595843716,20.31102638392506
525,105.07004669779853,4.583333333333334,0.2,0.5,0.3333333333333333,0.0037442267128476505,0.03369804041562889,0.0962557732871523,0.8663019595843715,20.31102638392506
526,105.27018012008006,4.583333333333334,0.2,0.5,0.3333333333333333,0.003744226712847666,0.03369804041562903,0.09625577328715228,0.8663019595843714,20.31102638392506
527,105.47031354236157,4.583333333333334,0.2,0.5,0.3333333333333333,0.0037442267128476813,0.03369804041562917,0.09625577328715226,0.8663019595843712,20.31102638392506
528,105.67044696464309,4.583333333333334,0.2,0.5,0.3333333333333333,0.003744226712847697,0.03369804041562931,0.09625577328715225,0.8663019595843711,20.31102638392506
529,105.87058038692462,4.583333333333334,0.2,0.5,0.3333333333333333,0.0037442267128477125,0.033698040415629446,0.09625577328715224,0.866301959584371,20.31102638392506
530,106.07071380920614,4.583333333333334,0.2,0.5,0.3333333333333333,0.0037442267128477277,0.033698040415629585,0.09625577328715222,0.8663019595843708,20.31102638392506
531,106.27084723148765,4.583333333333334,0.2,0.5,0.3333333333333333,0.0037442267128477433,0.033698040415629724,0.09625577328715221,0.8663019595843706,20.31102638392506
532,106.47098065376917,4.583333333333334,0.2,0.5,0.3333333333333333,0.003744226712847759,0.03369804041562986,0.0962557732871522,0.8663019595843705,20.31102638392506
533,106.6711140760507,4.583333333333334,0.2,0.5,0.3333333333333333,0.0037442267128477745,0.03369804041563,0.09625577328715218,0.8663019595843704,20.31102638392506
534,106.87124749833222,4.583333333333334,0.2,0.5,0.3333333333333333,0.0037442267128477897,0.03369804041563014,0.09625577328715215,0.8663019595843703,20.31102638392506
535,107.07138092061373,4.583333333333334,0.2,0.5,0.3333333333333333,0.0037442267128478053,0.03369804041563028,0.09625577328715214,0.8663019595843701,20.31102638392506
536,107.27151434289526,4.583333333333334,0.2,0.5,0.3333333333333333,0.003744226712847821,0.03369804041563042,0.09625577328715212,0.86630195958437,20.31102638392506
537,107.47164776517678,4.583333333333334,0.2,0.5,0.3333333333333333,0.003744226712847836,0.033698040415630556,0.09625577328715211,0.8663019595843698,20.31102638392506
538,107.67178118745831,4.583333333333334,0.2,0.5,0.3333333333333333,0.0037442267128478517,0.033698040415630695,0.0962557732871521,0.8663019595843697,20.31102638392506
539,107.87191460973982,4.583333333333334,0.2,0.5,0.3333333333333333,0.0037442267128478673,0.033698040415630834,0.09625577328715208,0.8663019595843695,20.31102638392506
540,108.07204803202134,4.583333333333334,0.2,0.5,0.3333333333333333,0.0037442267128478825,0.03369804041563098,0.09625577328715207,0.8663019595843694,20.31102638392506
541,108.27218145430287,4.583333333333334,0.2,0.5,0.3333333333333333,0.003744226712847898,0.03369804041563112,0.09625577328715205,0.8663019595843693,20.31102638392506
542,108.47231487658439,4.583333333333334,0.2,0.5,0.3333333333333333,0.0037442267128479137,0.03369804041563126,0.09625577328715204,0.8663019595843692,20.31102638392506
543,108.6724482988659,4.583333333333334,0.2,0.5,0.3333333333333333,0.003744226712847929,0.033698040415631396,0.09625577328715201,0.866301959584369,20.31102638392506
544,108.87258172114743,4.583333333333334,0.2,0.5,0.3333333333333333,0.0037442267128479445,0.033698040415631535,0.096255773287152,0.8663019595843688,20.31102638392506
545,109.07271514342895,4.583333333333334,0.2,0.5,0.3333333333333333,0.00374422671284796,0.03369804041563167,0.09625577328715199,0.8663019595843687,20.31102638392506
546,109.27284856571048,4.583333333333334,0.2,0.5,0.3333333333333333,0.0037442267128479753,0.03369804041563181,0.09625577328715197,0.8663019595843686,20.31102638392506
547,109.47298198799199,4.583333333333334,0.2,0.5,0.3333333333333333,0.003744226712847991,0.03369804041563195,0.09625577328715196,0.8663019595843684,20.31102638392506
548,109.67311541027351,4.583333333333334,0.2,0.5,0.3333333333333333,0.0037442267128480066,0.03369804041563209,0.09625577328715194,0.8663019595843683,20.31102638392506
549,109.87324883255503,4.583333333333334,0.2,0.5,0.3333333333333333,0.0037442267128480183,0.0336980404156322,0.09625577328715192,0.8663019595843683,20.31102638392506
550,110.07338225483656,4.583333333333334,0.2,0.5,0.3333333333333333,0.0037442267128480183,0.03369804041563221,0.09625577328715192,0.8663019595843683,20.31102638392506
551,110.27351567711807,4.583333333333334,0.2,0.5,0.3333333333333333,0.0037442267128480187,0.03369804041563221,0.09625577328715192,0.8663019595843683,20.31102638392506
552,110.4736490993996,4.583333333333334,0.2,0.5,0.3333333333333333,0.0037442267128480187,0.03369804041563221,0.09625577328715192,0.8663019595843683,20.31102638392506
553,110.67378252168112,4.583333333333334,0.2,0.5,0.3333333333333333,0.0037442267128480187,0.03369804041563221,0.09625577328715192,0.8663019595843683,20.31102638392506
554,110.87391594396264,4.583333333333334,0.2,0.5,0.3333333333333333,0.0037442267128480187,0.03369804041563221,0.09625577328715192,0.8663019595843683,20.31102638392506
555,111.07404936624415,4.583333333333334,0.2,0.5,0.3333333333333333,0.0037442267128480187,0.03369804041563221,0.09625577328715192,0.8663019595843683,20.31102638392506
556,111.27418278852568,4.583333333333334,0.2,0.5,0.3333333333333333,0.0037442267128480187,0.03369804041563221,0.09625577328715192,0.8663019595843683,20.31102638392506
557,111.4743162108072,4.583333333333334,0.2,0.5,0.3333333333333333,0.0037442267128480187,0.03369804041563221,0.09625577328715192,0.8663019595843683,20.31102638392506
558,111.67444963308873,4.583333333333334,0.2,0.5,0.3333333333333333,0.0037442267128480187,0.03369804041563221,0.09625577328715192,0.8663019595843683,20.31102638392506
559,111.87458305537024,4.583333333333334,0.2,0.5,0.3333333333333333,0.003744226712848019,0.03369804041563221,0.09625577328715192,0.8663019595843683,20.31102638392506
560,112.07471647765176,4.583333333333334,0.2,0.5,0.3333333333333333,0.003744226712848019,0.03369804041563221,0.09625577328715192,0.8663019595843683,20.31102638392506
561,112.27484989993329,4.583333333333334,0.2,0.5,0.3333333333333333,0.003744226712848019,0.03369804041563221,0.09625577328715192,0.8663019595843683,20.31102638392506
562,112.47498332221481,4.583333333333334,0.2,0.5,0.3333333333333333,0.003744226712848019,0.03369804041563221,0.09625577328715192,0.8663019595843683,20.31102638392506
563,112.67511674449632,4.583333333333334,0.2,0.5,0.3333333333333333,0.003744226712848019,0.03369804041563221,0.09625577328715192,0.8663019595843683,20.31102638392506
564,112.87525016677785,4.583333333333334,0.2,0.5,0.3333333333333333,0.003744226712848019,0.03369804041563221,0.09625577328715192,0.8663019595843683,20.31102638392506
565,113.07538358905937,4.583333333333334,0.2,0.5,0.3333333333333333,0.003744226712848019,0.033698040415632215,0.09625577328715192,0.8663019595843683,20.31102638392506
566,113.2755170113409,4.583333333333334,0.2,0.5,0.3333333333333333,0.003744226712848019,0.033698040415632215,0.09625577328715192,0.8663019595843683,20.31102638392506
567,113.4756504336224,4.583333333333334,0.2,0.5,0.3333333333333333,0.003744226712848019,0.033698040415632215,0.09625577328715192,0.8663019595843683,20.31102638392506
568,113.67578385590393,4.583333333333334,0.2,0.5,0.3333333333333333,0.0037442267128480196,0.033698040415632215,0.09625577328715192,0.8663019595843683,20.31102638392506
569,113.87591727818545,4.583333333333334,0.2,0.5,0.3333333333333333,0.0037442267128480196,0.033698040415632215,0.09625577328715192,0.8663019595843683,20.31102638392506
570,114.07605070046698,4.583333333333334,0.2,0.5,0.3333333333333333,0.0037442267128480196,0.033698040415632215,0.09625577328715192,0.8663019595843683,20.31102638392506
571,114.27618412274849,4.583333333333334,0.2,0.5,0.3333333333333333,0.0037442267128480196,0.033698040415632215,0.09625577328715192,0.8663019595843683,20.31102638392506
572,114.47631754503001,4.583333333333334,0.2,0.5,0.3333333333333333,0.0037442267128480196,0.033698040415632215,0.09625577328715192,0.8663019595843683,20.31102638392506
573,114.67645096731154,4.583333333333334,0.2,0.5,0.3333333333333333,0.0037442267128480196,0.033698040415632215,0.09625577328715192,0.8663019595843683,20.31102638392506
574,114.87658438959306,4.583333333333334,0.2,0.5,0.3333333333333333,0.0037442267128480196,0.033698040415632215,0.09625577328715192,0.8663019595843683,20.31102638392506
575,115.07671781187457,4.583333333333334,0.2,0.5,0.3333333333333333,0.0037442267128480196,0.033698040415632215,0.09625577328715192,0.8663019595843683,20.31102638392506
576,115.2768512341561,4.583333333333334,0.2,0.5,0.3333333333333333,0.0037442267128480196,0.033698040415632215,0.09625577328715192,0.8663019595843683,20.31102638392506
577,115.47698465643762,4.583333333333334,0.2,0.5,0.3333333333333333,0.00374422671284802,0.033698040415632215,0.09625577328715192,0.8663019595843683,20.31102638392506
578,115.67711807871915,4.583333333333334,0.2,0.5,0.3333333333333333,0.00374422671284802,0.033698040415632215,0.09625577328715192,0.8663019595843683,20.31102638392506
579,115.87725150100066,4.583333333333334,0.2,0.5,0.3333333333333333,0.00374422671284802,0.033698040415632215,0.09625577328715192,0.8663019595843683,20.31102638392506
580,116.07738492328218,4.583333333333334,0.2,0.5,0.3333333333333333,0.00374422671284802,0.033698040415632215,0.09625577328715192,0.8663019595843683,20.31102638392506
581,116.2775183455637,4.583333333333334,0.2,0.5,0.3333333333333333,0.00374422671284802,0.03369804041563222,0.09625577328715192,0.8663019595843683,20.31102638392506
582,116.47765176784523,4.583333333333334,0.2,0.5,0.3333333333333333,0.00374422671284802,0.03369804041563222,0.09625577328715192,0.8663019595843683,20.31102638392506
583,116.67778519012674,4.583333333333334,0.2,0.5,0.3333333333333333,0.00374422671284802,0.03369804041563222,0.09625577328715192,0.8663019595843683,20.31102638392506
584,116.87791861240827,4.583333333333334,0.2,0.5,0.3333333333333333,0.00374422671284802,0.03369804041563222,0.09625577328715192,0.8663019595843683,20.31102638392506
585,117.07805203468979,4.583333333333334,0.2,0.5,0.3333333333333333,0.0037442267128480204,0.03369804041563222,0.09625577328715192,0.8663019595843683,20.31102638392506
586,117.27818545697131,4.583333333333334,0.2,0.5,0.3333333333333333,0.0037442267128480204,0.03369804041563222,0.09625577328715192,0.8663019595843683,20.31102638392506
587,117.47831887925283,4.583333333333334,0.2,0.5,0.3333333333333333,0.0037442267128480204,0.03369804041563222,0.09625577328715192,0.8663019595843683,20.31102638392506
588,117.67845230153435,4.583333333333334,0.2,0.5,0.3333333333333333,0.0037442267128480204,0.03369804041563222,0.09625577328715192,0.8663019595843683,20.31102638392506
589,117.87858572381587,4.583333333333334,0.2,0.5,0.3333333333333333,0.0037442267128480204,0.03369804041563222,0.09625577328715192,0.8663019595843682,20.31102638392506
590,118.0787191460974,4.583333333333334,0.2,0.5,0.3333333333333333,0.0037442267128480204,0.03369804041563222,0.09625577328715192,0.8663019595843682,20.31102638392506
591,118.27885256837891,4.583333333333334,0.2,0.5,0.3333333333333333,0.0037442267128480204,0.03369804041563222,0.09625577328715192,0.8663019595843682,20.31102638392506
592,118.47898599066043,4.583333333333334,0.2,0.5,0.3333333333333333,0.0037442267128480204,0.03369804041563222,0.09625577328715192,0.8663019595843682,20.31102638392506
593,118.67911941294196,4.583333333333334,0.2,0.5,0.3333333333333333,0.0037442267128480204,0.03369804041563222,0.09625577328715192,0.8663019595843682,20.31102638392506
594,118.87925283522348,4.583333333333334,0.2,0.5,0.3333333333333333,0.003744226712848021,0.03369804041563222,0.09625577328715192,0.8663019595843682,20.31102638392506
595,119.07938625750499,4.583333333333334,0.2,0.5,0.3333333333333333,0.003744226712848021,0.03369804041563222,0.09625577328715192,0.8663019595843682,20.31102638392506
596,119.27951967978652,4.583333333333334,0.2,0.5,0.3333333333333333,0.003744226712848021,0.03369804041563223,0.09625577328715192,0.8663019595843682,20.31102638392506
597,119.47965310206804,4.583333333333334,0.2,0.5,0.3333333333333333,0.003744226712848021,0.03369804041563223,0.09625577328715192,0.8663019595843682,20.31102638392506
598,119.67978652434957,4.583333333333334,0.2,0.5,0.3333333333333333,0.003744226712848021,0.03369804041563223,0.09625577328715192,0.8663019595843682,20.31102638392506
599,119.87991994663108,4.583333333333334,0.2,0.5,0.3333333333333333,0.003744226712848021,0.03369804041563223,0.09625577328715192,0.8663019595843682,20.31102638392506
600,120.0800533689126,4.583333333333334,0.2,0.5,0.3333333333333333,0.003744226712848021,0.03369804041563223,0.09625577328715192,0.8663019595843682,20.31102638392506
601,120.28018679119413,4.583333333333334,0.2,0.5,0.3333333333333333,0.003744226712848021,0.03369804041563223,0.09625577328715192,0.8663019595843682,20.31102638392506
602,120.48032021347565,4.583333333333334,0.2,0.5,0.3333333333333333,0.003744226712848021,0.03369804041563223,0.09625577328715192,0.8663019595843682,20.31102638392506
603,120.68045363575716,4.583333333333334,0.2,0.5,0.3333333333333333,0.0037442267128480213,0.03369804041563223,0.09625577328715192,0.8663019595843682,20.31102638392506
604,120.88058705803869,4.583333333333334,0.2,0.5,0.3333333333333333,0.0037442267128480213,0.03369804041563223,0.09625577328715192,0.8663019595843682,20.31102638392506
605,121.08072048032021,4.583333333333334,0.2,0.5,0.3333333333333333,0.0037442267128480213,0.03369804041563223,0.09625577328715192,0.8663019595843682,20.31102638392506
606,121.28085390260173,4.583333333333334,0.2,0.5,0.3333333333333333,0.0037442267128480213,0.03369804041563223,0.09625577328715192,0.8663019595843682,20.31102638392506
607,121.48098732488324,4.583333333333334,0.2,0.5,0.3333333333333333,0.0037442267128480213,0.03369804041563223,0.09625577328715192,0.8663019595843682,20.31102638392506
608,121.68112074716477,4.583333333333334,0.2,0.5,0.3333333333333333,0.0037442267128480213,0.03369804041563223,0.09625577328715192,0.8663019595843682,20.31102638392506
609,121.8812541694463,4.583333333333334,0.2,0.5,0.3333333333333333,0.0037442267128480213,0.03369804041563223,0.09625577328715192,0.8663019595843682,20.31102638392506
610,122.08138759172782,4.583333333333334,0.2,0.5,0.3333333333333333,0.0037442267128480213,0.03369804041563223,0.09625577328715192,0.8663019595843682,20.31102638392506
611,122.28152101400933,4.583333333333334,0.2,0.5,0.3333333333333333,0.0037442267128480217,0.03369804041563223,0.09625577328715192,0.8663019595843682,20.31102638392506
612,122.48165443629085,4.583333333333334,0.2,0.5,0.3333333333333333,0.0037442267128480217,0.033698040415632236,0.09625577328715192,0.8663019595843682,20.31102638392506
613,122.68178785857238,4.583333333333334,0.2,0.5,0.3333333333333333,0.0037442267128480217,0.033698040415632236,0.09625577328715192,0.8663019595843682,20.31102638392506
614,122.8819212808539,4.583333333333334,0.2,0.5,0.3333333333333333,0.0037442267128480217,0.033698040415632236,0.09625577328715192,0.8663019595843682,20.31102638392506
615,123.08205470313541,4.583333333333334,0.2,0.5,0.3333333333333333,0.0037442267128480217,0.033698040415632236,0.09625577328715192,0.8663019595843682,20.31102638392506
616,123.28218812541694,4.583333333333334,0.2,0.5,0.3333333333333333,0.0037442267128480217,0.033698040415632236,0.09625577328715192,0.8663019595843682,20.31102638392506
617,123.48232154769846,4.583333333333334,0.2,0.5,0.3333333333333333,0.0037442267128480217,0.033698040415632236,0.09625577328715192,0.8663019595843682,20.31102638392506
618,123.68245496997999,4.583333333333334,0.2,0.5,0.3333333333333333,0.0037442267128480217,0.033698040415632236,0.09625577328715192,0.8663019595843682,20.31102638392506
619,123.8825883922615,4.583333333333334,0.2,0.5,0.3333333333333333,0.0037442267128480217,0.033698040415632236,0.09625577328715192,0.8663019595843682,20.31102638392506
620,124.08272181454302,4.583333333333334,0.2,0.5,0.3333333333333333,0.003744226712848022,0.033698040415632236,0.09625577328715192,0.8663019595843682,20.31102638392506
621,124.28285523682455,4.583333333333334,0.2,0.5,0.3333333333333333,0.003744226712848022,0.033698040415632236,0.09625577328715192,0.8663019595843682,20.31102638392506
622,124.48298865910607,4.583333333333334,0.2,0.5,0.3333333333333333,0.003744226712848022,0.033698040415632236,0.09625577328715192,0.8663019595843682,20.31102638392506
623,124.68312208138758,4.583333333333334,0.2,0.5,0.3333333333333333,0.003744226712848022,0.033698040415632236,0.09625577328715192,0.8663019595843682,20.31102638392506
624,124.8832555036691,4.583333333333334,0.2,0.5,0.3333333333333333,0.003744226712848022,0.033698040415632236,0.09625577328715192,0.8663019595843682,20.31102638392506
625,125.08338892595063,4.583333333333334,0.2,0.5,0.3333333333333333,0.003744226712848022,0.033698040415632236,0.09625577328715192,0.8663019595843682,20.31102638392506
626,125.28352234823215,4.583333333333334,0.2,0.5,0.3333333333333333,0.003744226712848022,0.033698040415632236,0.09625577328715192,0.8663019595843682,20.31102638392506
627,125.48365577051366,4.583333333333334,0.2,0.5,0.3333333333333333,0.003744226712848022,0.033698040415632236,0.09625577328715192,0.8663019595843682,20.31102638392506
628,125.68378919279519,4.583333333333334,0.2,0.5,0.3333333333333333,0.003744226712848022,0.03369804041563224,0.09625577328715192,0.8663019595843682,20.31102638392506
629,125.88392261507671,4.583333333333334,0.2,0.5,0.3333333333333333,0.0037442267128480226,0.03369804041563224,0.09625577328715192,0.8663019595843682,20.31102638392506
630,126.08405603735824,4.583333333333334,0.2,0.5,0.3333333333333333,0.0037442267128480226,0.03369804041563224,0.09625577328715192,0.8663019595843682,20.31102638392506
631,126.28418945963975,4.583333333333334,0.2,0.5,0.3333333333333333,0.0037442267128480226,0.03369804041563224,0.09625577328715192,0.8663019595843682,20.31102638392506
632,126.48432288192127,4.583333333333334,0.2,0.5,0.3333333333333333,0.0037442267128480226,0.03369804041563224,0.09625577328715192,0.8663019595843682,20.31102638392506
633,126.6844563042028,4.583333333333334,0.2,0.5,0.3333333333333333,0.0037442267128480226,0.03369804041563224,0.09625577328715192,0.8663019595843682,20.31102638392506
634,126.88458972648432,4.583333333333334,0.2,0.5,0.3333333333333333,0.0037442267128480226,0.03369804041563224,0.09625577328715192,0.8663019595843682,20.31102638392506
635,127.08472314876583,4.583333333333334,0.2,0.5,0.3333333333333333,0.0037442267128480226,0.03369804041563224,0.09625577328715192,0.8663019595843682,20.31102638392506
636,127.28485657104736,4.583333333333334,0.2,0.5,0.3333333333333333,0.0037442267128480226,0.03369804041563224,0.09625577328715192,0.8663019595843682,20.31102638392506
637,127.48498999332888,4.583333333333334,0.2,0.5,0.3333333333333333,0.003744226712848023,0.03369804041563224,0.09625577328715192,0.8663019595843682,20.31102638392506
638,127.6851234156104,4.583333333333334,0.2,0.5,0.3333333333333333,0.003744226712848023,0.03369804041563224,0.09625577328715192,0.8663019595843682,20.31102638392506
639,127.88525683789192,4.583333333333334,0.2,0.5,0.3333333333333333,0.003744226712848023,0.03369804041563224,0.09625577328715192,0.8663019595843682,20.31102638392506
640,128.08539026017345,4.583333333333334,0.2,0.5,0.3333333333333333,0.003744226712848023,0.03369804041563224,0.09625577328715192,0.8663019595843682,20.31102638392506
641,128.28552368245496,4.583333333333334,0.2,0.5,0.3333333333333333,0.003744226712848023,0.03369804041563224,0.09625577328715192,0.8663019595843682,20.31102638392506
642,128.48565710473648,4.583333333333334,0.2,0.5,0.3333333333333333,0.003744226712848023,0.03369804041563224,0.09625577328715192,0.8663019595843682,20.31102638392506
643,128.685790527018,4.583333333333334,0.2,0.5,0.3333333333333333,0.003744226712848023,0.03369804041563225,0.09625577328715192,0.8663019595843682,20.31102638392506
644,128.88592394929952,4.583333333333334,0.2,0.5,0.3333333333333333,0.003744226712848023,0.03369804041563225,0.09625577328715192,0.8663019595843682,20.31102638392506
645,129.08605737158106,4.583333333333334,0.2,0.5,0.3333333333333333,0.003744226712848023,0.03369804041563225,0.09625577328715192,0.8663019595843682,20.31102638392506
646,129.28619079386257,4.583333333333334,0.2,0.5,0.3333333333333333,0.0037442267128480235,0.03369804041563225,0.09625577328715192,0.8663019595843682,20.31102638392506
647,129.48632421614408,4.583333333333334,0.2,0.5,0.3333333333333333,0.0037442267128480235,0.03369804041563225,0.09625577328715192,0.8663019595843682,20.31102638392506
648,129.68645763842562,4.583333333333334,0.2,0.5,0.3333333333333333,0.0037442267128480235,0.03369804041563225,0.09625577328715192,0.8663019595843682,20.31102638392506
649,129.88659106070713,4.583333333333334,0.2,0.5,0.3333333333333333,0.0037442267128480235,0.03369804041563225,0.09625577328715192,0.8663019595843682,20.31102638392506
650,130.08672448298864,4.583333333333334,0.2,0.5,0.3333333333333333,0.0037442267128480235,0.03369804041563225,0.09625577328715192,0.8663019595843682,20.31102638392506
651,130.28685790527018,4.583333333333334,0.2,0.5,0.3333333333333333,0.0037442267128480235,0.03369804041563225,0.09625577328715192,0.8663019595843682,20.31102638392506
652,130.4869913275517,4.583333333333334,0.2,0.5,0.3333333333333333,0.0037442267128480235,0.03369804041563225,0.09625577328715192,0.8663019595843682,20.31102638392506
653,130.68712474983323,4.583333333333334,0.2,0.5,0.3333333333333333,0.0037442267128480235,0.03369804041563225,0.09625577328715192,0.8663019595843682,20.31102638392506
654,130.88725817211474,4.583333333333334,0.2,0.5,0.3333333333333333,0.0037442267128480235,0.03369804041563225,0.09625577328715192,0.8663019595843682,20.31102638392506
655,131.08739159439625,4.583333333333334,0.2,0.5,0.3333333333333333,0.003744226712848024,0.03369804041563225,0.09625577328715192,0.8663019595843682,20.31102638392506
656,131.2875250166778,4.583333333333334,0.2,0.5,0.3333333333333333,0.003744226712848024,0.03369804041563225,0.09625577328715192,0.8663019595843682,20.31102638392506
657,131.4876584389593,4.583333333333334,0.2,0.5,0.3333333333333333,0.003744226712848024,0.03369804041563225,0.09625577328715192,0.8663019595843682,20.31102638392506
658,131.6877918612408,4.583333333333334,0.2,0.5,0.3333333333333333,0.003744226712848024,0.03369804041563225,0.09625577328715192,0.8663019595843682,20.31102638392506
659,131.88792528352235,4.583333333333334,0.2,0.5,0.3333333333333333,0.003744226712848024,0.033698040415632256,0.09625577328715192,0.8663019595843682,20.31102638392506
660,132.08805870580386,4.583333333333334,0.2,0.5,0.3333333333333333,0.003744226712848024,0.033698040415632256,0.09625577328715192,0.8663019595843682,20.31102638392506
661,132.2881921280854,4.583333333333334,0.2,0.5,0.3333333333333333,0.003744226712848024,0.033698040415632256,0.09625577328715192,0.8663019595843682,20.31102638392506
662,132.4883255503669,4.583333333333334,0.2,0.5,0.3333333333333333,0.003744226712848024,0.033698040415632256,0.09625577328715192,0.8663019595843682,20.31102638392506
663,132.68845897264842,4.583333333333334,0.2,0.5,0.3333333333333333,0.003744226712848024,0.033698040415632256,0.09625577328715192,0.8663019595843682,20.31102638392506
664,132.88859239492996,4.583333333333334,0.2,0.5,0.3333333333333333,0.0037442267128480243,0.033698040415632256,0.09625577328715192,0.8663019595843682,20.31102638392506
665,133.08872581721147,4.583333333333334,0.2,0.5,0.3333333333333333,0.0037442267128480243,0.033698040415632256,0.09625577328715192,0.8663019595843682,20.31102638392506
666,133.28885923949298,4.583333333333334,0.2,0.5,0.3333333333333333,0.0037442267128480243,0.033698040415632256,0.09625577328715192,0.8663019595843682,20.31102638392506
667,133.48899266177452,4.583333333333334,0.2,0.5,0.3333333333333333,0.0037442267128480243,0.033698040415632256,0.09625577328715192,0.8663019595843682,20.31102638392506
668,133.68912608405603,4.583333333333334,0.2,0.5,0.3333333333333333,0.0037442267128480243,0.033698040415632256,0.09625577328715192,0.8663019595843682,20.31102638392506
669,133.88925950633757,4.583333333333334,0.2,0.5,0.3333333333333333,0.0037442267128480243,0.033698040415632256,0.09625577328715192,0.8663019595843682,20.31102638392506
670,134.08939292861908,4.583333333333334,0.2,0.5,0.3333333333333333,0.0037442267128480243,0.033698040415632256,0.09625577328715192,0.8663019595843682,20.31102638392506
671,134.2895263509006,4.583333333333334,0.2,0.5,0.3333333333333333,0.0037442267128480243,0.033698040415632256,0.09625577328715192,0.8663019595843682,20.31102638392506
672,134.48965977318213,4.583333333333334,0.2,0.5,0.3333333333333333,0.0037442267128480248,0.033698040415632256,0.09625577328715192,0.8663019595843682,20.31102638392506
673,134.68979319546364,4.583333333333334,0.2,0.5,0.3333333333333333,0.0037442267128480248,0.033698040415632256,0.09625577328715192,0.8663019595843682,20.31102638392506
674,134.88992661774515,4.583333333333334,0.2,0.5,0.3333333333333333,0.0037442267128480248,0.033698040415632256,0.09625577328715192,0.8663019595843682,20.31102638392506
675,135.09006004002669,4.583333333333334,0.2,0.5,0.3333333333333333,0.0037442267128480248,0.03369804041563226,0.09625577328715192,0.8663019595843682,20.31102638392506
676,135.2901934623082,4.583333333333334,0.2,0.5,0.3333333333333333,0.0037442267128480248,0.03369804041563226,0.09625577328715192,0.8663019595843682,20.31102638392506
677,135.49032688458973,4.583333333333334,0.2,0.5,0.3333333333333333,0.0037442267128480248,0.03369804041563226,0.09625577328715192,0.8663019595843682,20.31102638392506
678,135.69046030687124,4.583333333333334,0.2,0.5,0.3333333333333333,0.0037442267128480248,0.03369804041563226,0.09625577328715192,0.8663019595843682,20.31102638392506
679,135.89059372915276,4.583333333333334,0.2,0.5,0.3333333333333333,0.0037442267128480248,0.03369804041563226,0.09625577328715192,0.8663019595843682,20.31102638392506
680,136.0907271514343,4.583333333333334,0.2,0.5,0.3333333333333333,0.0037442267128480248,0.03369804041563226,0.09625577328715192,0.8663019595843682,20.31102638392506
681,136.2908605737158,4.583333333333334,0.2,0.5,0.3333333333333333,0.003744226712848025,0.03369804041563226,0.09625577328715192,0.8663019595843682,20.31102638392506
682,136.49099399599731,4.583333333333334,0.2,0.5,0.3333333333333333,0.003744226712848025,0.03369804041563226,0.09625577328715192,0.8663019595843682,20.31102638392506
683,136.69112741827885,4.583333333333334,0.2,0.5,0.3333333333333333,0.003744226712848025,0.03369804041563226,0.09625577328715192,0.8663019595843682,20.31102638392506
684,136.89126084056036,4.583333333333334,0.2,0.5,0.3333333333333333,0.003744226712848025,0.03369804041563226,0.09625577328715192,0.8663019595843682,20.31102638392506
685,137.0913942628419,4.583333333333334,0.2,0.5,0.3333333333333333,0.003744226712848025,0.03369804041563226,0.09625577328715192,0.8663019595843682,20.31102638392506
686,137.2915276851234,4.583333333333334,0.2,0.5,0.3333333333333333,0.003744226712848025,0.03369804041563226,0.09625577328715192,0.8663019595843682,20.31102638392506
687,137.49166110740492,4.583333333333334,0.2,0.5,0.3333333333333333,0.003744226712848025,0.03369804041563226,0.09625577328715192,0.8663019595843682,20.31102638392506
688,137.69179452968646,4.583333333333334,0.2,0.5,0.3333333333333333,0.003744226712848025,0.03369804041563226,0.09625577328715192,0.8663019595843682,20.31102638392506
689,137.89192795196797,4.583333333333334,0.2,0.5,0.3333333333333333,0.003744226712848025,0.03369804041563226,0.09625577328715192,0.8663019595843682,20.31102638392506
690,138.09206137424948,4.583333333333334,0.2,0.5,0.3333333333333333,0.0037442267128480256,0.03369804041563227,0.09625577328715192,0.8663019595843682,20.31102638392506
691,138.29219479653102,4.583333333333334,0.2,0.5,0.3333333333333333,0.0037442267128480256,0.03369804041563227,0.09625577328715192,0.8663019595843682,20.31102638392506
692,138.49232821881253,4.583333333333334,0.2,0.5,0.3333333333333333,0.0037442267128480256,0.03369804041563227,0.09625577328715192,0.8663019595843682,20.31102638392506
693,138.69246164109407,4.583333333333334,0.2,0.5,0.3333333333333333,0.0037442267128480256,0.03369804041563227,0.09625577328715192,0.8663019595843682,20.31102638392506
694,138.89259506337558,4.583333333333334,0.2,0.5,0.3333333333333333,0.0037442267128480256,0.03369804041563227,0.09625577328715192,0.8663019595843682,20.31102638392506
695,139.0927284856571,4.583333333333334,0.2,0.5,0.3333333333333333,0.0037442267128480256,0.03369804041563227,0.09625577328715192,0.8663019595843682,20.31102638392506
696,139.29286190793863,4.583333333333334,0.2,0.5,0.3333333333333333,0.0037442267128480256,0.03369804041563227,0.09625577328715192,0.8663019595843682,20.31102638392506
697,139.49299533022014,4.583333333333334,0.2,0.5,0.3333333333333333,0.0037442267128480256,0.03369804041563227,0.09625577328715192,0.8663019595843682,20.31102638392506
698,139.69312875250165,4.583333333333334,0.2,0.5,0.3333333333333333,0.003744226712848026,0.03369804041563227,0.09625577328715192,0.8663019595843682,20.31102638392506
699,139.8932621747832,4.583333333333334,0.2,0.5,0.3333333333333333,0.003744226712848026,0.03369804041563227,0.09625577328715192,0.8663019595843682,20.31102638392506
700,140.0933955970647,4.583333333333334,0.2,0.5,0.3333333333333333,0.003744226712848026,0.03369804041563227,0.09625577328715192,0.8663019595843682,20.31102638392506
701,140.29352901934624,4.583333333333334,0.2,0.5,0.3333333333333333,0.003744226712848026,0.03369804041563227,0.09625577328715192,0.8663019595843682,20.31102638392506
702,140.49366244162775,4.583333333333334,0.2,0.5,0.3333333333333333,0.003744226712848026,0.03369804041563227,0.09625577328715192,0.8663019595843682,20.31102638392506
703,140.69379586390926,4.583333333333334,0.2,0.5,0.3333333333333333,0.003744226712848026,0.03369804041563227,0.09625577328715192,0.8663019595843682,20.31102638392506
704,140.8939292861908,4.583333333333334,0.2,0.5,0.3333333333333333,0.003744226712848026,0.03369804041563227,0.09625577328715192,0.8663019595843682,20.31102638392506
705,141.0940627084723,4.583333333333334,0.2,0.5,0.3333333333333333,0.003744226712848026,0.03369804041563227,0.09625577328715192,0.8663019595843682,20.31102638392506
706,141.29419613075382,4.583333333333334,0.2,0.5,0.3333333333333333,0.003744226712848026,0.03369804041563228,0.09625577328715192,0.8663019595843682,20.31102638392506
707,141.49432955303536,4.583333333333334,0.2,0.5,0.3333333333333333,0.0037442267128480265,0.03369804041563228,0.09625577328715192,0.8663019595843682,20.31102638392506
708,141.69446297531687,4.583333333333334,0.2,0.5,0.3333333333333333,0.0037442267128480265,0.03369804041563228,0.09625577328715192,0.8663019595843682,20.31102638392506
709,141.8945963975984,4.583333333333334,0.2,0.5,0.3333333333333333,0.0037442267128480265,0.03369804041563228,0.09625577328715192,0.8663019595843682,20.31102638392506
710,142.09472981987992,4.583333333333334,0.2,0.5,0.3333333333333333,0.0037442267128480265,0.03369804041563228,0.09625577328715192,0.8663019595843682,20.31102638392506
711,142.29486324216143,4.583333333333334,0.2,0.5,0.3333333333333333,0.0037442267128480265,0.03369804041563228,0.09625577328715192,0.8663019595843682,20.31102638392506
712,142.49499666444297,4.583333333333334,0.2,0.5,0.3333333333333333,0.0037442267128480265,0.03369804041563228,0.09625577328715192,0.8663019595843682,20.31102638392506
713,142.69513008672448,4.583333333333334,0.2,0.5,0.3333333333333333,0.0037442267128480265,0.03369804041563228,0.09625577328715192,0.8663019595843682,20.31102638392506
714,142.89526350900599,4.583333333333334,0.2,0.5,0.3333333333333333,0.0037442267128480265,0.03369804041563228,0.09625577328715192,0.8663019595843682,20.31102638392506
715,143.09539693128752,4.583333333333334,0.2,0.5,0.3333333333333333,0.0037442267128480265,0.03369804041563228,0.09625577328715192,0.8663019595843682,20.31102638392506
716,143.29553035356903,4.583333333333334,0.2,0.5,0.3333333333333333,0.003744226712848027,0.03369804041563228,0.09625577328715192,0.8663019595843682,20.31102638392506
717,143.49566377585057,4.583333333333334,0.2,0.5,0.3333333333333333,0.003744226712848027,0.03369804041563228,0.09625577328715192,0.8663019595843682,20.31102638392506
718,143.69579719813208,4.583333333333334,0.2,0.5,0.3333333333333333,0.003744226712848027,0.03369804041563228,0.09625577328715192,0.8663019595843682,20.31102638392506
719,143.8959306204136,4.583333333333334,0.2,0.5,0.3333333333333333,0.003744226712848027,0.03369804041563228,0.09625577328715192,0.8663019595843682,20.31102638392506
720,144.09606404269513,4.583333333333334,0.2,0.5,0.3333333333333333,0.003744226712848027,0.03369804041563228,0.09625577328715192,0.8663019595843682,20.31102638392506
721,144.29619746497664,4.583333333333334,0.2,0.5,0.3333333333333333,0.003744226712848027,0.033698040415632284,0.09625577328715192,0.8663019595843682,20.31102638392506
722,144.49633088725815,4.583333333333334,0.2,0.5,0.3333333333333333,0.003744226712848027,0.033698040415632284,0.09625577328715192,0.8663019595843682,20.31102638392506
723,144.6964643095397,4.583333333333334,0.2,0.5,0.3333333333333333,0.003744226712848027,0.033698040415632284,0.09625577328715192,0.8663019595843682,20.31102638392506
724,144.8965977318212,4.583333333333334,0.2,0.5,0.3333333333333333,0.0037442267128480274,0.033698040415632284,0.09625577328715192,0.8663019595843682,20.31102638392506
725,145.09673115410274,4.583333333333334,0.2,0.5,0.3333333333333333,0.0037442267128480274,0.033698040415632284,0.09625577328715192,0.8663019595843682,20.31102638392506
726,145.29686457638425,4.583333333333334,0.2,0.5,0.3333333333333333,0.0037442267128480274,0.033698040415632284,0.09625577328715192,0.8663019595843682,20.31102638392506
727,145.49699799866576,4.583333333333334,0.2,0.5,0.3333333333333333,0.0037442267128480274,0.033698040415632284,0.09625577328715192,0.8663019595843682,20.31102638392506
728,145.6971314209473,4.583333333333334,0.2,0.5,0.3333333333333333,0.0037442267128480274,0.033698040415632284,0.09625577328715192,0.8663019595843682,20.31102638392506
729,145.8972648432288,4.583333333333334,0.2,0.5,0.3333333333333333,0.0037442267128480274,0.033698040415632284,0.09625577328715192,0.8663019595843682,20.31102638392506
730,146.09739826551032,4.583333333333334,0.2,0.5,0.3333333333333333,0.0037442267128480274,0.033698040415632284,0.09625577328715192,0.8663019595843682,20.31102638392506
731,146.29753168779186,4.583333333333334,0.2,0.5,0.3333333333333333,0.0037442267128480274,0.033698040415632284,0.09625577328715192,0.8663019595843682,20.31102638392506
732,146.49766511007337,4.583333333333334,0.2,0.5,0.3333333333333333,0.0037442267128480274,0.033698040415632284,0.09625577328715192,0.8663019595843682,20.31102638392506
733,146.6977985323549,4.583333333333334,0.2,0.5,0.3333333333333333,0.003744226712848028,0.033698040415632284,0.09625577328715192,0.8663019595843682,20.31102638392506
734,146.89793195463642,4.583333333333334,0.2,0.5,0.3333333333333333,0.003744226712848028,0.033698040415632284,0.09625577328715192,0.8663019595843682,20.31102638392506
735,147.09806537691793,4.583333333333334,0.2,0.5,0.3333333333333333,0.003744226712848028,0.033698040415632284,0.09625577328715192,0.8663019595843682,20.31102638392506
736,147.29819879919947,4.583333333333334,0.2,0.5,0.3333333333333333,0.003744226712848028,0.033698040415632284,0.09625577328715192,0.8663019595843682,20.31102638392506
737,147.49833222148098,4.583333333333334,0.2,0.5,0.3333333333333333,0.003744226712848028,0.03369804041563229,0.09625577328715192,0.8663019595843682,20.31102638392506
738,147.6984656437625,4.583333333333334,0.2,0.5,0.3333333333333333,0.003744226712848028,0.03369804041563229,0.09625577328715192,0.8663019595843682,20.31102638392506
739,147.89859906604403,4.583333333333334,0.2,0.5,0.3333333333333333,0.003744226712848028,0.03369804041563229,0.09625577328715192,0.8663019595843682,20.31102638392506
740,148.09873248832554,4.583333333333334,0.2,0.5,0.3333333333333333,0.003744226712848028,0.03369804041563229,0.09625577328715192,0.8663019595843682,20.31102638392506
741,148.29886591060708,4.583333333333334,0.2,0.5,0.3333333333333333,0.003744226712848028,0.03369804041563229,0.09625577328715192,0.8663019595843682,20.31102638392506
742,148.4989993328886,4.583333333333334,0.2,0.5,0.3333333333333333,0.0037442267128480282,0.03369804041563229,0.09625577328715192,0.8663019595843682,20.31102638392506
743,148.6991327551701,4.583333333333334,0.2,0.5,0.3333333333333333,0.0037442267128480282,0.03369804041563229,0.09625577328715192,0.8663019595843682,20.31102638392506
744,148.89926617745164,4.583333333333334,0.2,0.5,0.3333333333333333,0.0037442267128480282,0.03369804041563229,0.09625577328715192,0.8663019595843682,20.31102638392506
745,149.09939959973315,4.583333333333334,0.2,0.5,0.3333333333333333,0.0037442267128480282,0.03369804041563229,0.09625577328715192,0.8663019595843682,20.31102638392506
746,149.29953302201466,4.583333333333334,0.2,0.5,0.3333333333333333,0.0037442267128480282,0.03369804041563229,0.09625577328715192,0.8663019595843682,20.31102638392506
747,149.4996664442962,4.583333333333334,0.2,0.5,0.3333333333333333,0.0037442267128480282,0.03369804041563229,0.09625577328715192,0.8663019595843682,20.31102638392506
748,149.6997998665777,4.583333333333334,0.2,0.5,0.3333333333333333,0.0037442267128480282,0.03369804041563229,0.09625577328715192,0.8663019595843682,20.31102638392506
749,149.89993328885924,4.583333333333334,0.2,0.5,0.3333333333333333,0.0037442267128480282,0.03369804041563229,0.09625577328715192,0.8663019595843682,20.31102638392506
750,150.10006671114076,4.583333333333334,0.2,0.5,0.3333333333333333,0.0037442267128480287,0.03369804041563229,0.09625577328715192,0.8663019595843682,20.31102638392506
751,150.30020013342227,4.583333333333334,0.2,0.5,0.3333333333333333,0.0037442267128480287,0.03369804041563229,0.09625577328715192,0.8663019595843682,20.31102638392506
752,150.5003335557038,4.583333333333334,0.2,0.5,0.3333333333333333,0.0037442267128480287,0.03369804041563229,0.09625577328715192,0.8663019595843682,20.31102638392506
753,150.70046697798531,4.583333333333334,0.2,0.5,0.3333333333333333,0.0037442267128480287,0.0336980404156323,0.09625577328715192,0.8663019595843682,20.31102638392506
754,150.90060040026682,4.583333333333334,0.2,0.5,0.3333333333333333,0.0037442267128480287,0.0336980404156323,0.09625577328715192,0.8663019595843682,20.31102638392506
755,151.10073382254836,4.583333333333334,0.2,0.5,0.3333333333333333,0.0037442267128480287,0.0336980404156323,0.09625577328715192,0.8663019595843682,20.31102638392506
756,151.30086724482987,4.583333333333334,0.2,0.5,0.3333333333333333,0.0037442267128480287,0.0336980404156323,0.09625577328715192,0.8663019595843682,20.31102638392506
757,151.5010006671114,4.583333333333334,0.2,0.5,0.3333333333333333,0.0037442267128480287,0.0336980404156323,0.09625577328715192,0.8663019595843682,20.31102638392506
758,151.70113408939292,4.583333333333334,0.2,0.5,0.3333333333333333,0.0037442267128480287,0.0336980404156323,0.09625577328715192,0.8663019595843682,20.31102638392506
759,151.90126751167443,4.583333333333334,0.2,0.5,0.3333333333333333,0.003744226712848029,0.0336980404156323,0.09625577328715192,0.8663019595843682,20.31102638392506
760,152.10140093395597,4.583333333333334,0.2,0.5,0.3333333333333333,0.003744226712848029,0.0336980404156323,0.09625577328715192,0.8663019595843682,20.31102638392506
761,152.30153435623748,4.583333333333334,0.2,0.5,0.3333333333333333,0.003744226712848029,0.0336980404156323,0.09625577328715192,0.8663019595843682,20.31102638392506
762,152.501667778519,4.583333333333334,0.2,0.5,0.3333333333333333,0.003744226712848029,0.0336980404156323,0.09625577328715192,0.8663019595843682,20.31102638392506
763,152.70180120080053,4.583333333333334,0.2,0.5,0.3333333333333333,0.003744226712848029,0.0336980404156323,0.09625577328715192,0.8663019595843682,20.31102638392506
764,152.90193462308204,4.583333333333334,0.2,0.5,0.3333333333333333,0.003744226712848029,0.0336980404156323,0.09625577328715192,0.8663019595843682,20.31102638392506
765,153.10206804536358,4.583333333333334,0.2,0.5,0.3333333333333333,0.003744226712848029,0.0336980404156323,0.09625577328715192,0.8663019595843682,20.31102638392506
766,153.3022014676451,4.583333333333334,0.2,0.5,0.3333333333333333,0.003744226712848029,0.0336980404156323,0.09625577328715192,0.8663019595843682,20.31102638392506
767,153.5023348899266,4.583333333333334,0.2,0.5,0.3333333333333333,0.003744226712848029,0.0336980404156323,0.09625577328715192,0.8663019595843682,20.31102638392506
768,153.70246831220814,4.583333333333334,0.2,0.5,0.3333333333333333,0.0037442267128480295,0.033698040415632305,0.09625577328715192,0.8663019595843682,20.31102638392506
769,153.90260173448965,4.583333333333334,0.2,0.5,0.3333333333333333,0.0037442267128480295,0.033698040415632305,0.09625577328715192,0.8663019595843682,20.31102638392506
770,154.1027351567712,4.583333333333334,0.2,0.5,0.3333333333333333,0.0037442267128480295,0.033698040415632305,0.09625577328715192,0.8663019595843682,20.31102638392506
771,154.3028685790527,4.583333333333334,0.2,0.5,0.3333333333333333,0.0037442267128480295,0.033698040415632305,0.09625577328715192,0.8663019595843682,20.31102638392506
772,154.5030020013342,4.583333333333334,0.2,0.5,0.3333333333333333,0.0037442267128480295,0.033698040415632305,0.09625577328715192,0.8663019595843682,20.31102638392506
773,154.70313542361575,4.583333333333334,0.2,0.5,0.3333333333333333,0.0037442267128480295,0.033698040415632305,0.09625577328715192,0.8663019595843682,20.31102638392506
774,154.90326884589726,4.583333333333334,0.2,0.5,0.3333333333333333,0.0037442267128480295,0.033698040415632305,0.09625577328715192,0.8663019595843682,20.31102638392506
775,155.10340226817877,4.583333333333334,0.2,0.5,0.3333333333333333,0.0037442267128480295,0.033698040415632305,0.09625577328715192,0.8663019595843682,20.31102638392506
776,155.3035356904603,4.583333333333334,0.2,0.5,0.3333333333333333,0.0037442267128480295,0.033698040415632305,0.09625577328715192,0.8663019595843682,20.31102638392506
777,155.50366911274182,4.583333333333334,0.2,0.5,0.3333333333333333,0.00374422671284803,0.033698040415632305,0.09625577328715192,0.8663019595843682,20.31102638392506
778,155.70380253502336,4.583333333333334,0.2,0.5,0.3333333333333333,0.00374422671284803,0.033698040415632305,0.09625577328715192,0.8663019595843682,20.31102638392506
779,155.90393595730487,4.583333333333334,0.2,0.5,0.3333333333333333,0.00374422671284803,0.033698040415632305,0.09625577328715192,0.8663019595843682,20.31102638392506
780,156.10406937958638,4.583333333333334,0.2,0.5,0.3333333333333333,0.00374422671284803,0.033698040415632305,0.09625577328715192,0.8663019595843682,20.31102638392506
781,156.30420280186792,4.583333333333334,0.2,0.5,0.3333333333333333,0.00374422671284803,0.033698040415632305,0.09625577328715192,0.8663019595843682,20.31102638392506
782,156.50433622414943,4.583333333333334,0.2,0.5,0.3333333333333333,0.00374422671284803,0.033698040415632305,0.09625577328715192,0.8663019595843682,20.31102638392506
783,156.70446964643094,4.583333333333334,0.2,0.5,0.3333333333333333,0.00374422671284803,0.033698040415632305,0.09625577328715192,0.8663019595843682,20.31102638392506
784,156.90460306871248,4.583333333333334,0.2,0.5,0.3333333333333333,0.00374422671284803,0.03369804041563231,0.09625577328715192,0.8663019595843682,20.31102638392506
785,157.104736490994,4.583333333333334,0.2,0.5,0.3333333333333333,0.0037442267128480304,0.03369804041563231,0.09625577328715192,0.8663019595843682,20.31102638392506
786,157.30486991327552,4.583333333333334,0.2,0.5,0.3333333333333333,0.0037442267128480304,0.03369804041563231,0.09625577328715192,0.8663019595843682,20.31102638392506
787,157.50500333555703,4.583333333333334,0.2,0.5,0.3333333333333333,0.0037442267128480304,0.03369804041563231,0.09625577328715192,0.8663019595843682,20.31102638392506
788,157.70513675783855,4.583333333333334,0.2,0.5,0.3333333333333333,0.0037442267128480304,0.03369804041563231,0.09625577328715192,0.8663019595843682,20.31102638392506
789,157.90527018012008,4.583333333333334,0.2,0.5,0.3333333333333333,0.0037442267128480304,0.03369804041563231,0.09625577328715192,0.8663019595843682,20.31102638392506
790,158.1054036024016,4.583333333333334,0.2,0.5,0.3333333333333333,0.0037442267128480304,0.03369804041563231,0.09625577328715192,0.8663019595843682,20.31102638392506
791,158.3055370246831,4.583333333333334,0.2,0.5,0.3333333333333333,0.0037442267128480304,0.03369804041563231,0.09625577328715192,0.8663019595843682,20.31102638392506
792,158.50567044696464,4.583333333333334,0.2,0.5,0.3333333333333333,0.0037442267128480304,0.03369804041563231,0.09625577328715192,0.8663019595843682,20.31102638392506
793,158.70580386924615,4.583333333333334,0.2,0.5,0.3333333333333333,0.0037442267128480304,0.03369804041563231,0.09625577328715192,0.8663019595843682,20.31102638392506
794,158.9059372915277,4.583333333333334,0.2,0.5,0.3333333333333333,0.003744226712848031,0.03369804041563231,0.09625577328715192,0.8663019595843682,20.31102638392506
795,159.1060707138092,4.583333333333334,0.2,0.5,0.3333333333333333,0.003744226712848031,0.03369804041563231,0.09625577328715192,0.8663019595843682,20.31102638392506
796,159.3062041360907,4.583333333333334,0.2,0.5,0.3333333333333333,0.003744226712848031,0.03369804041563231,0.09625577328715192,0.8663019595843682,20.31102638392506
797,159.50633755837225,4.583333333333334,0.2,0.5,0.3333333333333333,0.003744226712848031,0.03369804041563231,0.09625577328715192,0.8663019595843682,20.31102638392506
798,159.70647098065376,4.583333333333334,0.2,0.5,0.3333333333333333,0.003744226712848031,0.03369804041563231,0.09625577328715192,0.8663019595843682,20.31102638392506
799,159.90660440293527,4.583333333333334,0.2,0.5,0.3333333333333333,0.003744226712848031,0.03369804041563232,0.09625577328715192,0.8663019595843682,20.31102638392506
800,160.1067378252168,4.583333333333334,0.2,0.5,0.3333333333333333,0.003744226712848031,0.03369804041563232,0.09625577328715192,0.8663019595843682,20.31102638392506
801,160.30687124749832,4.583333333333334,0.2,0.5,0.3333333333333333,0.003744226712848031,0.03369804041563232,0.09625577328715192,0.8663019595843682,20.31102638392506
802,160.50700466977986,4.583333333333334,0.2,0.5,0.3333333333333333,0.003744226712848031,0.03369804041563232,0.09625577328715192,0.8663019595843682,20.31102638392506
803,160.70713809206137,4.583333333333334,0.2,0.5,0.3333333333333333,0.0037442267128480313,0.03369804041563232,0.09625577328715192,0.8663019595843682,20.31102638392506
804,160.90727151434288,4.583333333333334,0.2,0.5,0.3333333333333333,0.0037442267128480313,0.03369804041563232,0.09625577328715192,0.8663019595843682,20.31102638392506
805,161.10740493662442,4.583333333333334,0.2,0.5,0.3333333333333333,0.0037442267128480313,0.03369804041563232,0.09625577328715192,0.8663019595843682,20.31102638392506
806,161.30753835890593,4.583333333333334,0.2,0.5,0.3333333333333333,0.0037442267128480313,0.03369804041563232,0.09625577328715192,0.8663019595843682,20.31102638392506
807,161.50767178118744,4.583333333333334,0.2,0.5,0.3333333333333333,0.0037442267128480313,0.03369804041563232,0.09625577328715192,0.8663019595843682,20.31102638392506
808,161.70780520346898,4.583333333333334,0.2,0.5,0.3333333333333333,0.0037442267128480313,0.03369804041563232,0.09625577328715192,0.8663019595843682,20.31102638392506
809,161.9079386257505,4.583333333333334,0.2,0.5,0.3333333333333333,0.0037442267128480313,0.03369804041563232,0.09625577328715192,0.8663019595843682,20.31102638392506
810,162.10807204803203,4.583333333333334,0.2,0.5,0.3333333333333333,0.0037442267128480313,0.03369804041563232,0.09625577328715192,0.8663019595843682,20.31102638392506
811,162.30820547031354,4.583333333333334,0.2,0.5,0.3333333333333333,0.0037442267128480317,0.03369804041563232,0.09625577328715192,0.8663019595843682,20.31102638392506
812,162.50833889259505,4.583333333333334,0.2,0.5,0.3333333333333333,0.0037442267128480317,0.03369804041563232,0.09625577328715192,0.8663019595843682,20.31102638392506
813,162.7084723148766,4.583333333333334,0.2,0.5,0.3333333333333333,0.0037442267128480317,0.03369804041563232,0.09625577328715192,0.8663019595843682,20.31102638392506
814,162.9086057371581,4.583333333333334,0.2,0.5,0.3333333333333333,0.0037442267128480317,0.03369804041563232,0.09625577328715192,0.8663019595843682,20.31102638392506
815,163.1087391594396,4.583333333333334,0.2,0.5,0.3333333333333333,0.0037442267128480317,0.033698040415632326,0.09625577328715192,0.8663019595843682,20.31102638392506
816,163.30887258172115,4.583333333333334,0.2,0.5,0.3333333333333333,0.0037442267128480317,0.033698040415632326,0.09625577328715192,0.8663019595843682,20.31102638392506
817,163.50900600400266,4.583333333333334,0.2,0.5,0.3333333333333333,0.0037442267128480317,0.033698040415632326,0.09625577328715192,0.8663019595843682,20.31102638392506
818,163.7091394262842,4.583333333333334,0.2,0.5,0.3333333333333333,0.0037442267128480317,0.033698040415632326,0.09625577328715192,0.8663019595843682,20.31102638392506
819,163.9092728485657,4.583333333333334,0.2,0.5,0.3333333333333333,0.0037442267128480317,0.033698040415632326,0.09625577328715192,0.8663019595843682,20.31102638392506
820,164.10940627084722,4.583333333333334,0.2,0.5,0.3333333333333333,0.003744226712848032,0.033698040415632326,0.09625577328715192,0.8663019595843682,20.31102638392506
821,164.30953969312876,4.583333333333334,0.2,0.5,0.3333333333333333,0.003744226712848032,0.033698040415632326,0.09625577328715192,0.8663019595843682,20.31102638392506
822,164.50967311541027,4.583333333333334,0.2,0.5,0.3333333333333333,0.003744226712848032,0.033698040415632326,0.09625577328715192,0.8663019595843682,20.31102638392506
823,164.70980653769178,4.583333333333334,0.2,0.5,0.3333333333333333,0.003744226712848032,0.033698040415632326,0.09625577328715192,0.8663019595843682,20.31102638392506
824,164.90993995997331,4.583333333333334,0.2,0.5,0.3333333333333333,0.003744226712848032,0.033698040415632326,0.0962557732871519,0.8663019595843682,20.31102638392506
825,165.11007338225482,4.583333333333334,0.2,0.5,0.3333333333333333,0.003744226712848032,0.033698040415632326,0.0962557732871519,0.8663019595843682,20.31102638392506
826,165.31020680453636,4.583333333333334,0.2,0.5,0.3333333333333333,0.003744226712848032,0.033698040415632326,0.0962557732871519,0.8663019595843682,20.31102638392506
827,165.51034022681787,4.583333333333334,0.2,0.5,0.3333333333333333,0.003744226712848032,0.033698040415632326,0.0962557732871519,0.8663019595843682,20.31102638392506
828,165.71047364909938,4.583333333333334,0.2,0.5,0.3333333333333333,0.003744226712848032,0.033698040415632326,0.0962557732871519,0.8663019595843682,20.31102638392506
829,165.91060707138092,4.583333333333334,0.2,0.5,0.3333333333333333,0.0037442267128480326,0.033698040415632326,0.0962557732871519,0.8663019595843682,20.31102638392506
830,166.11074049366243,4.583333333333334,0.2,0.5,0.3333333333333333,0.0037442267128480326,0.033698040415632326,0.0962557732871519,0.8663019595843682,20.31102638392506
831,166.31087391594394,4.583333333333334,0.2,0.5,0.3333333333333333,0.0037442267128480326,0.03369804041563233,0.0962557732871519,0.8663019595843682,20.31102638392506
832,166.51100733822548,4.583333333333334,0.2,0.5,0.3333333333333333,0.0037442267128480326,0.03369804041563233,0.0962557732871519,0.8663019595843682,20.31102638392506
833,166.711140760507,4.583333333333334,0.2,0.5,0.3333333333333333,0.0037442267128480326,0.03369804041563233,0.0962557732871519,0.8663019595843682,20.31102638392506
834,166.91127418278853,4.583333333333334,0.2,0.5,0.3333333333333333,0.0037442267128480326,0.03369804041563233,0.0962557732871519,0.8663019595843682,20.31102638392506
835,167.11140760507004,4.583333333333334,0.2,0.5,0.3333333333333333,0.0037442267128480326,0.03369804041563233,0.0962557732871519,0.8663019595843682,20.31102638392506
836,167.31154102735155,4.583333333333334,0.2,0.5,0.3333333333333333,0.0037442267128480326,0.03369804041563233,0.0962557732871519,0.8663019595843682,20.31102638392506
837,167.5116744496331,4.583333333333334,0.2,0.5,0.3333333333333333,0.003744226712848033,0.03369804041563233,0.0962557732871519,0.8663019595843682,20.31102638392506
838,167.7118078719146,4.583333333333334,0.2,0.5,0.3333333333333333,0.003744226712848033,0.03369804041563233,0.0962557732871519,0.8663019595843681,20.31102638392506
839,167.9119412941961,4.583333333333334,0.2,0.5,0.3333333333333333,0.003744226712848033,0.03369804041563233,0.0962557732871519,0.8663019595843681,20.31102638392506
840,168.11207471647765,4.583333333333334,0.2,0.5,0.3333333333333333,0.003744226712848033,0.03369804041563233,0.0962557732871519,0.8663019595843681,20.31102638392506
841,168.31220813875916,4.583333333333334,0.2,0.5,0.3333333333333333,0.003744226712848033,0.03369804041563233,0.0962557732871519,0.8663019595843681,20.31102638392506
842,168.5123415610407,4.583333333333334,0.2,0.5,0.3333333333333333,0.003744226712848033,0.03369804041563233,0.0962557732871519,0.8663019595843681,20.31102638392506
843,168.7124749833222,4.583333333333334,0.2,0.5,0.3333333333333333,0.003744226712848033,0.03369804041563233,0.0962557732871519,0.8663019595843681,20.31102638392506
844,168.91260840560372,4.583333333333334,0.2,0.5,0.3333333333333333,0.003744226712848033,0.03369804041563233,0.0962557732871519,0.8663019595843681,20.31102638392506
845,169.11274182788526,4.583333333333334,0.2,0.5,0.3333333333333333,0.003744226712848033,0.03369804041563233,0.0962557732871519,0.8663019595843681,20.31102638392506
846,169.31287525016677,4.583333333333334,0.2,0.5,0.3333333333333333,0.0037442267128480334,0.03369804041563234,0.0962557732871519,0.8663019595843681,20.31102638392506
847,169.51300867244828,4.583333333333334,0.2,0.5,0.3333333333333333,0.0037442267128480334,0.03369804041563234,0.0962557732871519,0.8663019595843681,20.31102638392506
848,169.71314209472982,4.583333333333334,0.2,0.5,0.3333333333333333,0.0037442267128480334,0.03369804041563234,0.0962557732871519,0.8663019595843681,20.31102638392506
849,169.91327551701133,4.583333333333334,0.2,0.5,0.3333333333333333,0.0037442267128480334,0.03369804041563234,0.0962557732871519,0.8663019595843681,20.31102638392506
850,170.11340893929287,4.583333333333334,0.2,0.5,0.3333333333333333,0.0037442267128480334,0.03369804041563234,0.0962557732871519,0.8663019595843681,20.31102638392506
851,170.31354236157438,4.583333333333334,0.2,0.5,0.3333333333333333,0.0037442267128480334,0.03369804041563234,0.0962557732871519,0.8663019595843681,20.31102638392506
852,170.5136757838559,4.583333333333334,0.2,0.5,0.3333333333333333,0.0037442267128480334,0.03369804041563234,0.0962557732871519,0.8663019595843681,20.31102638392506
853,170.71380920613743,4.583333333333334,0.2,0.5,0.3333333333333333,0.0037442267128480334,0.03369804041563234,0.0962557732871519,0.8663019595843681,20.31102638392506
854,170.91394262841894,4.583333333333334,0.2,0.5,0.3333333333333333,0.0037442267128480334,0.03369804041563234,0.0962557732871519,0.8663019595843681,20.31102638392506
855,171.11407605070045,4.583333333333334,0.2,0.5,0.3333333333333333,0.003744226712848034,0.03369804041563234,0.0962557732871519,0.8663019595843681,20.31102638392506
856,171.314209472982,4.583333333333334,0.2,0.5,0.3333333333333333,0.003744226712848034,0.03369804041563234,0.0962557732871519,0.8663019595843681,20.31102638392506
857,171.5143428952635,4.583333333333334,0.2,0.5,0.3333333333333333,0.003744226712848034,0.03369804041563234,0.0962557732871519,0.8663019595843681,20.31102638392506
858,171.71447631754504,4.583333333333334,0.2,0.5,0.3333333333333333,0.003744226712848034,0.03369804041563234,0.0962557732871519,0.8663019595843681,20.31102638392506
859,171.91460973982655,4.583333333333334,0.2,0.5,0.3333333333333333,0.003744226712848034,0.03369804041563234,0.0962557732871519,0.8663019595843681,20.31102638392506
860,172.11474316210806,4.583333333333334,0.2,0.5,0.3333333333333333,0.003744226712848034,0.03369804041563234,0.0962557732871519,0.8663019595843681,20.31102638392506
861,172.3148765843896,4.583333333333334,0.2,0.5,0.3333333333333333,0.003744226712848034,0.03369804041563234,0.0962557732871519,0.8663019595843681,20.31102638392506
862,172.5150100066711,4.583333333333334,0.2,0.5,0.3333333333333333,0.003744226712848034,0.03369804041563235,0.0962557732871519,0.8663019595843681,20.31102638392506
863,172.71514342895262,4.583333333333334,0.2,0.5,0.3333333333333333,0.0037442267128480343,0.03369804041563235,0.0962557732871519,0.8663019595843681,20.31102638392506
864,172.91527685123415,4.583333333333334,0.2,0.5,0.3333333333333333,0.0037442267128480343,0.03369804041563235,0.0962557732871519,0.8663019595843681,20.31102638392506
865,173.11541027351566,4.583333333333334,0.2,0.5,0.3333333333333333,0.0037442267128480343,0.03369804041563235,0.0962557732871519,0.8663019595843681,20.31102638392506
866,173.3155436957972,4.583333333333334,0.2,0.5,0.3333333333333333,0.0037442267128480343,0.03369804041563235,0.0962557732871519,0.8663019595843681,20.31102638392506
867,173.5156771180787,4.583333333333334,0.2,0.5,0.3333333333333333,0.0037442267128480343,0.03369804041563235,0.0962557732871519,0.8663019595843681,20.31102638392506
868,173.71581054036022,4.583333333333334,0.2,0.5,0.3333333333333333,0.0037442267128480343,0.03369804041563235,0.0962557732871519,0.8663019595843681,20.31102638392506
869,173.91594396264176,4.583333333333334,0.2,0.5,0.3333333333333333,0.0037442267128480343,0.03369804041563235,0.0962557732871519,0.8663019595843681,20.31102638392506
870,174.11607738492327,4.583333333333334,0.2,0.5,0.3333333333333333,0.0037442267128480343,0.03369804041563235,0.0962557732871519,0.8663019595843681,20.31102638392506
871,174.31621080720478,4.583333333333334,0.2,0.5,0.3333333333333333,0.0037442267128480343,0.03369804041563235,0.0962557732871519,0.8663019595843681,20.31102638392506
872,174.51634422948632,4.583333333333334,0.2,0.5,0.3333333333333333,0.0037442267128480347,0.03369804041563235,0.0962557732871519,0.8663019595843681,20.31102638392506
873,174.71647765176783,4.583333333333334,0.2,0.5,0.3333333333333333,0.0037442267128480347,0.03369804041563235,0.0962557732871519,0.8663019595843681,20.31102638392506
874,174.91661107404937,4.583333333333334,0.2,0.5,0.3333333333333333,0.0037442267128480347,0.03369804041563235,0.0962557732871519,0.8663019595843681,20.31102638392506
875,175.11674449633088,4.583333333333334,0.2,0.5,0.3333333333333333,0.0037442267128480347,0.03369804041563235,0.0962557732871519,0.8663019595843681,20.31102638392506
876,175.3168779186124,4.583333333333334,0.2,0.5,0.3333333333333333,0.0037442267128480347,0.03369804041563235,0.0962557732871519,0.8663019595843681,20.31102638392506
877,175.51701134089393,4.583333333333334,0.2,0.5,0.3333333333333333,0.0037442267128480347,0.033698040415632353,0.0962557732871519,0.8663019595843681,20.31102638392506
878,175.71714476317544,4.583333333333334,0.2,0.5,0.3333333333333333,0.0037442267128480347,0.033698040415632353,0.0962557732871519,0.8663019595843681,20.31102638392506
879,175.91727818545695,4.583333333333334,0.2,0.5,0.3333333333333333,0.0037442267128480347,0.033698040415632353,0.0962557732871519,0.8663019595843681,20.31102638392506
880,176.1174116077385,4.583333333333334,0.2,0.5,0.3333333333333333,0.0037442267128480347,0.033698040415632353,0.0962557732871519,0.8663019595843681,20.31102638392506
881,176.31754503002,4.583333333333334,0.2,0.5,0.3333333333333333,0.003744226712848035,0.033698040415632353,0.0962557732871519,0.8663019595843681,20.31102638392506
882,176.51767845230154,4.583333333333334,0.2,0.5,0.3333333333333333,0.003744226712848035,0.033698040415632353,0.0962557732871519,0.8663019595843681,20.31102638392506
883,176.71781187458305,4.583333333333334,0.2,0.5,0.3333333333333333,0.003744226712848035,0.033698040415632353,0.0962557732871519,0.8663019595843681,20.31102638392506
884,176.91794529686456,4.583333333333334,0.2,0.5,0.3333333333333333,0.003744226712848035,0.033698040415632353,0.0962557732871519,0.8663019595843681,20.31102638392506
885,177.1180787191461,4.583333333333334,0.2,0.5,0.3333333333333333,0.003744226712848035,0.033698040415632353,0.0962557732871519,0.8663019595843681,20.31102638392506
886,177.3182121414276,4.583333333333334,0.2,0.5,0.3333333333333333,0.003744226712848035,0.033698040415632353,0.0962557732871519,0.8663019595843681,20.31102638392506
887,177.51834556370912,4.583333333333334,0.2,0.5,0.3333333333333333,0.003744226712848035,0.033698040415632353,0.0962557732871519,0.8663019595843681,20.31102638392506
888,177.71847898599066,4.583333333333334,0.2,0.5,0.3333333333333333,0.003744226712848035,0.033698040415632353,0.0962557732871519,0.8663019595843681,20.31102638392506
889,177.91861240827217,4.583333333333334,0.2,0.5,0.3333333333333333,0.003744226712848035,0.033698040415632353,0.0962557732871519,0.8663019595843681,20.31102638392506
890,178.1187458305537,4.583333333333334,0.2,0.5,0.3333333333333333,0.0037442267128480356,0.033698040415632353,0.0962557732871519,0.8663019595843681,20.31102638392506
891,178.31887925283522,4.583333333333334,0.2,0.5,0.3333333333333333,0.0037442267128480356,0.033698040415632353,0.0962557732871519,0.8663019595843681,20.31102638392506
892,178.51901267511673,4.583333333333334,0.2,0.5,0.3333333333333333,0.0037442267128480356,0.033698040415632353,0.0962557732871519,0.8663019595843681,20.31102638392506
893,178.71914609739827,4.583333333333334,0.2,0.5,0.3333333333333333,0.0037442267128480356,0.03369804041563236,0.0962557732871519,0.8663019595843681,20.31102638392506
894,178.91927951967978,4.583333333333334,0.2,0.5,0.3333333333333333,0.0037442267128480356,0.03369804041563236,0.0962557732871519,0.8663019595843681,20.31102638392506
895,179.1194129419613,4.583333333333334,0.2,0.5,0.3333333333333333,0.0037442267128480356,0.03369804041563236,0.0962557732871519,0.8663019595843681,20.31102638392506
896,179.31954636424283,4.583333333333334,0.2,0.5,0.3333333333333333,0.0037442267128480356,0.03369804041563236,0.0962557732871519,0.8663019595843681,20.31102638392506
897,179.51967978652434,4.583333333333334,0.2,0.5,0.3333333333333333,0.0037442267128480356,0.03369804041563236,0.0962557732871519,0.8663019595843681,20.31102638392506
898,179.71981320880587,4.583333333333334,0.2,0.5,0.3333333333333333,0.003744226712848036,0.03369804041563236,0.0962557732871519,0.8663019595843681,20.31102638392506
899,179.91994663108738,4.583333333333334,0.2,0.5,0.3333333333333333,0.003744226712848036,0.03369804041563236,0.0962557732871519,0.8663019595843681,20.31102638392506
900,180.1200800533689,4.583333333333334,0.2,0.5,0.3333333333333333,0.003744226712848036,0.03369804041563236,0.0962557732871519,0.8663019595843681,20.31102638392506
901,180.32021347565043,4.583333333333334,0.2,0.5,0.3333333333333333,0.003744226712848036,0.03369804041563236,0.0962557732871519,0.8663019595843681,20.31102638392506
902,180.52034689793194,4.583333333333334,0.2,0.5,0.3333333333333333,0.003744226712848036,0.03369804041563236,0.0962557732871519,0.8663019595843681,20.31102638392506
903,180.72048032021348,4.583333333333334,0.2,0.5,0.3333333333333333,0.003744226712848036,0.03369804041563236,0.0962557732871519,0.8663019595843681,20.31102638392506
904,180.920613742495,4.583333333333334,0.2,0.5,0.3333333333333333,0.003744226712848036,0.03369804041563236,0.0962557732871519,0.8663019595843681,20.31102638392506
905,181.1207471647765,4.583333333333334,0.2,0.5,0.3333333333333333,0.003744226712848036,0.03369804041563236,0.0962557732871519,0.8663019595843681,20.31102638392506
906,181.32088058705804,4.583333333333334,0.2,0.5,0.3333333333333333,0.003744226712848036,0.03369804041563236,0.0962557732871519,0.8663019595843681,20.31102638392506
907,181.52101400933955,4.583333333333334,0.2,0.5,0.3333333333333333,0.0037442267128480365,0.03369804041563236,0.0962557732871519,0.8663019595843681,20.31102638392506
908,181.72114743162106,4.583333333333334,0.2,0.5,0.3333333333333333,0.0037442267128480365,0.03369804041563236,0.0962557732871519,0.8663019595843681,20.31102638392506
909,181.9212808539026,4.583333333333334,0.2,0.5,0.3333333333333333,0.0037442267128480365,0.03369804041563237,0.0962557732871519,0.8663019595843681,20.31102638392506
910,182.1214142761841,4.583333333333334,0.2,0.5,0.3333333333333333,0.0037442267128480365,0.03369804041563237,0.0962557732871519,0.8663019595843681,20.31102638392506
911,182.32154769846565,4.583333333333334,0.2,0.5,0.3333333333333333,0.0037442267128480365,0.03369804041563237,0.0962557732871519,0.8663019595843681,20.31102638392506
912,182.52168112074716,4.583333333333334,0.2,0.5,0.3333333333333333,0.0037442267128480365,0.03369804041563237,0.0962557732871519,0.8663019595843681,20.31102638392506
913,182.72181454302867,4.583333333333334,0.2,0.5,0.3333333333333333,0.0037442267128480365,0.03369804041563237,0.0962557732871519,0.8663019595843681,20.31102638392506
914,182.9219479653102,4.583333333333334,0.2,0.5,0.3333333333333333,0.0037442267128480365,0.03369804041563237,0.0962557732871519,0.8663019595843681,20.31102638392506
915,183.12208138759172,4.583333333333334,0.2,0.5,0.3333333333333333,0.0037442267128480365,0.03369804041563237,0.0962557732871519,0.8663019595843681,20.31102638392506
916,183.32221480987323,4.583333333333334,0.2,0.5,0.3333333333333333,0.003744226712848037,0.03369804041563237,0.0962557732871519,0.8663019595843681,20.31102638392506
917,183.52234823215477,4.583333333333334,0.2,0.5,0.3333333333333333,0.003744226712848037,0.03369804041563237,0.0962557732871519,0.8663019595843681,20.31102638392506
918,183.72248165443628,4.583333333333334,0.2,0.5,0.3333333333333333,0.003744226712848037,0.03369804041563237,0.0962557732871519,0.8663019595843681,20.31102638392506
919,183.92261507671782,4.583333333333334,0.2,0.5,0.3333333333333333,0.003744226712848037,0.03369804041563237,0.0962557732871519,0.8663019595843681,20.31102638392506
920,184.12274849899933,4.583333333333334,0.2,0.5,0.3333333333333333,0.003744226712848037,0.03369804041563237,0.0962557732871519,0.8663019595843681,20.31102638392506
921,184.32288192128084,4.583333333333334,0.2,0.5,0.3333333333333333,0.003744226712848037,0.03369804041563237,0.0962557732871519,0.8663019595843681,20.31102638392506
922,184.52301534356238,4.583333333333334,0.2,0.5,0.3333333333333333,0.003744226712848037,0.03369804041563237,0.0962557732871519,0.8663019595843681,20.31102638392506
923,184.7231487658439,4.583333333333334,0.2,0.5,0.3333333333333333,0.003744226712848037,0.03369804041563237,0.0962557732871519,0.8663019595843681,20.31102638392506
924,184.9232821881254,4.583333333333334,0.2,0.5,0.3333333333333333,0.0037442267128480373,0.033698040415632374,0.0962557732871519,0.8663019595843681,20.31102638392506
925,185.12341561040694,4.583333333333334,0.2,0.5,0.3333333333333333,0.0037442267128480373,0.033698040415632374,0.0962557732871519,0.8663019595843681,20.31102638392506
926,185.32354903268845,4.583333333333334,0.2,0.5,0.3333333333333333,0.0037442267128480373,0.033698040415632374,0.0962557732871519,0.8663019595843681,20.31102638392506
927,185.52368245497,4.583333333333334,0.2,0.5,0.3333333333333333,0.0037442267128480373,0.033698040415632374,0.0962557732871519,0.8663019595843681,20.31102638392506
928,185.7238158772515,4.583333333333334,0.2,0.5,0.3333333333333333,0.0037442267128480373,0.033698040415632374,0.0962557732871519,0.8663019595843681,20.31102638392506
929,185.923949299533,4.583333333333334,0.2,0.5,0.3333333333333333,0.0037442267128480373,0.033698040415632374,0.0962557732871519,0.8663019595843681,20.31102638392506
930,186.12408272181455,4.583333333333334,0.2,0.5,0.3333333333333333,0.0037442267128480373,0.033698040415632374,0.0962557732871519,0.8663019595843681,20.31102638392506
931,186.32421614409606,4.583333333333334,0.2,0.5,0.3333333333333333,0.0037442267128480373,0.033698040415632374,0.0962557732871519,0.8663019595843681,20.31102638392506
932,186.52434956637757,4.583333333333334,0.2,0.5,0.3333333333333333,0.0037442267128480373,0.033698040415632374,0.0962557732871519,0.8663019595843681,20.31102638392506
933,186.7244829886591,4.583333333333334,0.2,0.5,0.3333333333333333,0.0037442267128480378,0.033698040415632374,0.0962557732871519,0.8663019595843681,20.31102638392506
934,186.92461641094062,4.583333333333334,0.2,0.5,0.3333333333333333,0.0037442267128480378,0.033698040415632374,0.0962557732871519,0.8663019595843681,20.31102638392506
935,187.12474983322215,4.583333333333334,0.2,0.5,0.3333333333333333,0.0037442267128480378,0.033698040415632374,0.0962557732871519,0.8663019595843681,20.31102638392506
936,187.32488325550366,4.583333333333334,0.2,0.5,0.3333333333333333,0.0037442267128480378,0.033698040415632374,0.0962557732871519,0.8663019595843681,20.31102638392506
937,187.52501667778517,4.583333333333334,0.2,0.5,0.3333333333333333,0.0037442267128480378,0.033698040415632374,0.0962557732871519,0.8663019595843681,20.31102638392506
938,187.7251501000667,4.583333333333334,0.2,0.5,0.3333333333333333,0.0037442267128480378,0.033698040415632374,0.0962557732871519,0.8663019595843681,20.31102638392506
939,187.92528352234822,4.583333333333334,0.2,0.5,0.3333333333333333,0.0037442267128480378,0.033698040415632374,0.0962557732871519,0.8663019595843681,20.31102638392506
940,188.12541694462973,4.583333333333334,0.2,0.5,0.3333333333333333,0.0037442267128480378,0.03369804041563238,0.0962557732871519,0.8663019595843681,20.31102638392506
941,188.32555036691127,4.583333333333334,0.2,0.5,0.3333333333333333,0.0037442267128480378,0.03369804041563238,0.0962557732871519,0.8663019595843681,20.31102638392506
942,188.52568378919278,4.583333333333334,0.2,0.5,0.3333333333333333,0.003744226712848038,0.03369804041563238,0.0962557732871519,0.8663019595843681,20.31102638392506
943,188.72581721147432,4.583333333333334,0.2,0.5,0.3333333333333333,0.003744226712848038,0.03369804041563238,0.0962557732871519,0.8663019595843681,20.31102638392506
944,188.92595063375583,4.583333333333334,0.2,0.5,0.3333333333333333,0.003744226712848038,0.03369804041563238,0.0962557732871519,0.8663019595843681,20.31102638392506
945,189.12608405603734,4.583333333333334,0.2,0.5,0.3333333333333333,0.003744226712848038,0.03369804041563238,0.0962557732871519,0.8663019595843681,20.31102638392506
946,189.32621747831888,4.583333333333334,0.2,0.5,0.3333333333333333,0.003744226712848038,0.03369804041563238,0.0962557732871519,0.8663019595843681,20.31102638392506
947,189.5263509006004,4.583333333333334,0.2,0.5,0.3333333333333333,0.003744226712848038,0.03369804041563238,0.0962557732871519,0.8663019595843681,20.31102638392506
948,189.7264843228819,4.583333333333334,0.2,0.5,0.3333333333333333,0.003744226712848038,0.03369804041563238,0.0962557732871519,0.8663019595843681,20.31102638392506
949,189.92661774516344,4.583333333333334,0.2,0.5,0.3333333333333333,0.003744226712848038,0.03369804041563238,0.0962557732871519,0.8663019595843681,20.31102638392506
950,190.12675116744495,4.583333333333334,0.2,0.5,0.3333333333333333,0.0037442267128480386,0.03369804041563238,0.0962557732871519,0.8663019595843681,20.31102638392506
951,190.3268845897265,4.583333333333334,0.2,0.5,0.3333333333333333,0.0037442267128480386,0.03369804041563238,0.0962557732871519,0.8663019595843681,20.31102638392506
952,190.527018012008,4.583333333333334,0.2,0.5,0.3333333333333333,0.0037442267128480386,0.03369804041563238,0.0962557732871519,0.8663019595843681,20.31102638392506
953,190.7271514342895,4.583333333333334,0.2,0.5,0.3333333333333333,0.0037442267128480386,0.03369804041563238,0.0962557732871519,0.8663019595843681,20.31102638392506
954,190.92728485657105,4.583333333333334,0.2,0.5,0.3333333333333333,0.0037442267128480386,0.03369804041563238,0.0962557732871519,0.8663019595843681,20.31102638392506
955,191.12741827885256,4.583333333333334,0.2,0.5,0.3333333333333333,0.0037442267128480386,0.03369804041563238,0.0962557732871519,0.8663019595843681,20.31102638392506
956,191.32755170113407,4.583333333333334,0.2,0.5,0.3333333333333333,0.0037442267128480386,0.03369804041563239,0.0962557732871519,0.8663019595843681,20.31102638392506
957,191.5276851234156,4.583333333333334,0.2,0.5,0.3333333333333333,0.0037442267128480386,0.03369804041563239,0.0962557732871519,0.8663019595843681,20.31102638392506
958,191.72781854569712,4.583333333333334,0.2,0.5,0.3333333333333333,0.0037442267128480386,0.03369804041563239,0.0962557732871519,0.8663019595843681,20.31102638392506
959,191.92795196797866,4.583333333333334,0.2,0.5,0.3333333333333333,0.003744226712848039,0.03369804041563239,0.0962557732871519,0.8663019595843681,20.31102638392506
960,192.12808539026017,4.583333333333334,0.2,0.5,0.3333333333333333,0.003744226712848039,0.03369804041563239,0.0962557732871519,0.8663019595843681,20.31102638392506
961,192.32821881254168,4.583333333333334,0.2,0.5,0.3333333333333333,0.003744226712848039,0.03369804041563239,0.0962557732871519,0.8663019595843681,20.31102638392506
962,192.52835223482322,4.583333333333334,0.2,0.5,0.3333333333333333,0.003744226712848039,0.03369804041563239,0.0962557732871519,0.8663019595843681,20.31102638392506
963,192.72848565710473,4.583333333333334,0.2,0.5,0.3333333333333333,0.0037442267128480386,0.03369804041563238,0.0962557732871519,0.8663019595843681,20.31102638392506
964,192.92861907938624,4.583333333333334,0.2,0.5,0.3333333333333333,0.0037442267128480386,0.03369804041563238,0.0962557732871519,0.8663019595843681,20.31102638392506
965,193.12875250166778,4.583333333333334,0.2,0.5,0.3333333333333333,0.0037442267128480386,0.03369804041563238,0.0962557732871519,0.8663019595843681,20.31102638392506
966,193.3288859239493,4.583333333333334,0.2,0.5,0.3333333333333333,0.0037442267128480386,0.03369804041563238,0.0962557732871519,0.8663019595843681,20.31102638392506
967,193.52901934623083,4.583333333333334,0.2,0.5,0.3333333333333333,0.0037442267128480386,0.03369804041563238,0.0962557732871519,0.8663019595843681,20.31102638392506
968,193.72915276851234,4.583333333333334,0.2,0.5,0.3333333333333333,0.0037442267128480386,0.03369804041563238,0.0962557732871519,0.8663019595843681,20.31102638392506
969,193.92928619079385,4.583333333333334,0.2,0.5,0.3333333333333333,0.0037442267128480386,0.03369804041563238,0.0962557732871519,0.8663019595843681,20.31102638392506
970,194.12941961307538,4.583333333333334,0.2,0.5,0.3333333333333333,0.0037442267128480386,0.03369804041563238,0.0962557732871519,0.8663019595843681,20.31102638392506
971,194.3295530353569,4.583333333333334,0.2,0.5,0.3333333333333333,0.0037442267128480386,0.03369804041563238,0.0962557732871519,0.8663019595843681,20.31102638392506
972,194.5296864576384,4.583333333333334,0.2,0.5,0.3333333333333333,0.0037442267128480386,0.03369804041563238,0.0962557732871519,0.8663019595843681,20.31102638392506
973,194.72981987991994,4.583333333333334,0.2,0.5,0.3333333333333333,0.0037442267128480386,0.03369804041563238,0.0962557732871519,0.8663019595843681,20.31102638392506
974,194.92995330220145,4.583333333333334,0.2,0.5,0.3333333333333333,0.0037442267128480386,0.03369804041563238,0.0962557732871519,0.8663019595843681,20.31102638392506
975,195.130086724483,4.583333333333334,0.2,0.5,0.3333333333333333,0.0037442267128480386,0.03369804041563238,0.0962557732871519,0.8663019595843681,20.31102638392506
976,195.3302201467645,4.583333333333334,0.2,0.5,0.3333333333333333,0.0037442267128480386,0.03369804041563238,0.0962557732871519,0.8663019595843681,20.31102638392506
977,195.530353569046,4.583333333333334,0.2,0.5,0.3333333333333333,0.0037442267128480386,0.03369804041563238,0.0962557732871519,0.8663019595843681,20.31102638392506
978,195.73048699132755,4.583333333333334,0.2,0.5,0.3333333333333333,0.0037442267128480386,0.03369804041563238,0.0962557732871519,0.8663019595843681,20.31102638392506
979,195.93062041360906,4.583333333333334,0.2,0.5,0.3333333333333333,0.0037442267128480386,0.03369804041563238,0.0962557732871519,0.8663019595843681,20.31102638392506
980,196.13075383589057,4.583333333333334,0.2,0.5,0.3333333333333333,0.0037442267128480386,0.03369804041563238,0.0962557732871519,0.8663019595843681,20.31102638392506
981,196.3308872581721,4.583333333333334,0.2,0.5,0.3333333333333333,0.0037442267128480386,0.03369804041563238,0.0962557732871519,0.8663019595843681,20.31102638392506
982,196.53102068045362,4.583333333333334,0.2,0.5,0.3333333333333333,0.0037442267128480386,0.03369804041563238,0.0962557732871519,0.8663019595843681,20.31102638392506
983,196.73115410273516,4.583333333333334,0.2,0.5,0.3333333333333333,0.0037442267128480386,0.03369804041563238,0.0962557732871519,0.8663019595843681,20.31102638392506
984,196.93128752501667,4.583333333333334,0.2,0.5,0.3333333333333333,0.0037442267128480386,0.03369804041563238,0.0962557732871519,0.8663019595843681,20.31102638392506
985,197.13142094729818,4.583333333333334,0.2,0.5,0.3333333333333333,0.0037442267128480386,0.03369804041563238,0.0962557732871519,0.8663019595843681,20.31102638392506
986,197.33155436957972,4.583333333333334,0.2,0.5,0.3333333333333333,0.0037442267128480386,0.03369804041563238,0.0962557732871519,0.8663019595843681,20.31102638392506
987,197.53168779186123,4.583333333333334,0.2,0.5,0.3333333333333333,0.0037442267128480386,0.03369804041563238,0.0962557732871519,0.8663019595843681,20.31102638392506
988,197.73182121414274,4.583333333333334,0.2,0.5,0.3333333333333333,0.0037442267128480386,0.03369804041563238,0.0962557732871519,0.8663019595843681,20.31102638392506
989,197.93195463642428,4.583333333333334,0.2,0.5,0.3333333333333333,0.0037442267128480386,0.03369804041563238,0.0962557732871519,0.8663019595843681,20.31102638392506
990,198.1320880587058,4.583333333333334,0.2,0.5,0.3333333333333333,0.0037442267128480386,0.03369804041563238,0.0962557732871519,0.8663019595843681,20.31102638392506
991,198.33222148098733,4.583333333333334,0.2,0.5,0.3333333333333333,0.0037442267128480386,0.03369804041563238,0.0962557732871519,0.8663019595843681,20.31102638392506
992,198.53235490326884,4.583333333333334,0.2,0.5,0.3333333333333333,0.0037442267128480386,0.03369804041563238,0.0962557732871519,0.8663019595843681,20.31102638392506
993,198.73248832555035,4.583333333333334,0.2,0.5,0.3333333333333333,0.0037442267128480386,0.03369804041563238,0.0962557732871519,0.8663019595843681,20.31102638392506
994,198.9326217478319,4.583333333333334,0.2,0.5,0.3333333333333333,0.0037442267128480386,0.03369804041563238,0.0962557732871519,0.8663019595843681,20.31102638392506
995,199.1327551701134,4.583333333333334,0.2,0.5,0.3333333333333333,0.0037442267128480386,0.03369804041563238,0.0962557732871519,0.8663019595843681,20.31102638392506
996,199.3328885923949,4.583333333333334,0.2,0.5,0.3333333333333333,0.0037442267128480386,0.03369804041563238,0.0962557732871519,0.8663019595843681,20.31102638392506
997,199.53302201467645,4.583333333333334,0.2,0.5,0.3333333333333333,0.0037442267128480386,0.03369804041563238,0.0962557732871519,0.8663019595843681,20.31102638392506
998,199.73315543695796,4.583333333333334,0.2,0.5,0.3333333333333333,0.0037442267128480386,0.03369804041563238,0.0962557732871519,0.8663019595843681,20.31102638392506
999,199.9332888592395,4.583333333333334,0.2,0.5,0.3333333333333333,0.0037442267128480386,0.03369804041563238,0.0962557732871519,0.8663019595843681,20.31102638392506
1000,200.133422281521,4.583333333333334,0.2,0.5,0.3333333333333333,0.0037442267128480386,0.03369804041563238,0.0962557732871519,0.8663019595843681,20.31102638392506
1001,200.33355570380252,4.583333333333334,0.2,0.5,0.3333333333333333,0.0037442267128480386,0.03369804041563238,0.0962557732871519,0.8663019595843681,20.31102638392506
1002,200.53368912608406,4.583333333333334,0.2,0.5,0.3333333333333333,0.0037442267128480386,0.03369804041563238,0.0962557732871519,0.8663019595843681,20.31102638392506
1003,200.73382254836557,4.583333333333334,0.2,0.5,0.3333333333333333,0.0037442267128480386,0.03369804041563238,0.0962557732871519,0.8663019595843681,20.31102638392506
1004,200.93395597064708,4.583333333333334,0.2,0.5,0.3333333333333333,0.0037442267128480386,0.03369804041563238,0.0962557732871519,0.8663019595843681,20.31102638392506
1005,201.13408939292862,4.583333333333334,0.2,0.5,0.3333333333333333,0.0037442267128480386,0.03369804041563238,0.0962557732871519,0.8663019595843681,20.31102638392506
1006,201.33422281521013,4.583333333333334,0.2,0.5,0.3333333333333333,0.0037442267128480386,0.03369804041563238,0.0962557732871519,0.8663019595843681,20.31102638392506
1007,201.53435623749166,4.583333333333334,0.2,0.5,0.3333333333333333,0.0037442267128480386,0.03369804041563238,0.0962557732871519,0.8663019595843681,20.31102638392506
1008,201.73448965977317,4.583333333333334,0.2,0.5,0.3333333333333333,0.0037442267128480386,0.03369804041563238,0.0962557732871519,0.8663019595843681,20.31102638392506
1009,201.93462308205469,4.583333333333334,0.2,0.5,0.3333333333333333,0.0037442267128480386,0.03369804041563238,0.0962557732871519,0.8663019595843681,20.31102638392506
1010,202.13475650433622,4.583333333333334,0.2,0.5,0.3333333333333333,0.0037442267128480386,0.03369804041563238,0.0962557732871519,0.8663019595843681,20.31102638392506
1011,202.33488992661773,4.583333333333334,0.2,0.5,0.3333333333333333,0.0037442267128480386,0.03369804041563238,0.0962557732871519,0.8663019595843681,20.31102638392506
1012,202.53502334889924,4.583333333333334,0.2,0.5,0.3333333333333333,0.0037442267128480386,0.03369804041563238,0.0962557732871519,0.8663019595843681,20.31102638392506
1013,202.73515677118078,4.583333333333334,0.2,0.5,0.3333333333333333,0.0037442267128480386,0.03369804041563238,0.0962557732871519,0.8663019595843681,20.31102638392506
1014,202.9352901934623,4.583333333333334,0.2,0.5,0.3333333333333333,0.0037442267128480386,0.03369804041563238,0.0962557732871519,0.8663019595843681,20.31102638392506
1015,203.13542361574383,4.583333333333334,0.2,0.5,0.3333333333333333,0.0037442267128480386,0.03369804041563238,0.0962557732871519,0.8663019595843681,20.31102638392506
1016,203.33555703802534,4.583333333333334,0.2,0.5,0.3333333333333333,0.0037442267128480386,0.03369804041563238,0.0962557732871519,0.8663019595843681,20.31102638392506
1017,203.53569046030685,4.583333333333334,0.2,0.5,0.3333333333333333,0.0037442267128480386,0.03369804041563238,0.0962557732871519,0.8663019595843681,20.31102638392506
1018,203.7358238825884,4.583333333333334,0.2,0.5,0.3333333333333333,0.0037442267128480386,0.03369804041563238,0.0962557732871519,0.8663019595843681,20.31102638392506
1019,203.9359573048699,4.583333333333334,0.2,0.5,0.3333333333333333,0.0037442267128480386,0.03369804041563238,0.0962557732871519,0.8663019595843681,20.31102638392506
1020,204.1360907271514,4.583333333333334,0.2,0.5,0.3333333333333333,0.0037442267128480386,0.03369804041563238,0.0962557732871519,0.8663019595843681,20.31102638392506
1021,204.33622414943295,4.583333333333334,0.2,0.5,0.3333333333333333,0.0037442267128480386,0.03369804041563238,0.0962557732871519,0.8663019595843681,20.31102638392506
1022,204.53635757171446,4.583333333333334,0.2,0.5,0.3333333333333333,0.0037442267128480386,0.03369804041563238,0.0962557732871519,0.8663019595843681,20.31102638392506
1023,204.736490993996,4.583333333333334,0.2,0.5,0.3333333333333333,0.0037442267128480386,0.03369804041563238,0.0962557732871519,0.8663019595843681,20.31102638392506
1024,204.9366244162775,4.583333333333334,0.2,0.5,0.3333333333333333,0.0037442267128480386,0.03369804041563238,0.0962557732871519,0.8663019595843681,20.31102638392506
1025,205.13675783855902,4.583333333333334,0.2,0.5,0.3333333333333333,0.0037442267128480386,0.03369804041563238,0.0962557732871519,0.8663019595843681,20.31102638392506
1026,205.33689126084056,4.583333333333334,0.2,0.5,0.3333333333333333,0.0037442267128480386,0.03369804041563238,0.0962557732871519,0.8663019595843681,20.31102638392506
1027,205.53702468312207,4.583333333333334,0.2,0.5,0.3333333333333333,0.0037442267128480386,0.03369804041563238,0.0962557732871519,0.8663019595843681,20.31102638392506
1028,205.7371581054036,4.583333333333334,0.2,0.5,0.3333333333333333,0.0037442267128480386,0.03369804041563238,0.0962557732871519,0.8663019595843681,20.31102638392506
1029,205.93729152768512,4.583333333333334,0.2,0.5,0.3333333333333333,0.0037442267128480386,0.03369804041563238,0.0962557732871519,0.8663019595843681,20.31102638392506
1030,206.13742494996663,4.583333333333334,0.2,0.5,0.3333333333333333,0.0037442267128480386,0.03369804041563238,0.0962557732871519,0.8663019595843681,20.31102638392506
1031,206.33755837224817,4.583333333333334,0.2,0.5,0.3333333333333333,0.0037442267128480386,0.03369804041563238,0.0962557732871519,0.8663019595843681,20.31102638392506
1032,206.53769179452968,4.583333333333334,0.2,0.5,0.3333333333333333,0.0037442267128480386,0.03369804041563238,0.0962557732871519,0.8663019595843681,20.31102638392506
1033,206.7378252168112,4.583333333333334,0.2,0.5,0.3333333333333333,0.0037442267128480386,0.03369804041563238,0.0962557732871519,0.8663019595843681,20.31102638392506
1034,206.93795863909273,4.583333333333334,0.2,0.5,0.3333333333333333,0.0037442267128480386,0.03369804041563238,0.0962557732871519,0.8663019595843681,20.31102638392506
1035,207.13809206137424,4.583333333333334,0.2,0.5,0.3333333333333333,0.0037442267128480386,0.03369804041563238,0.0962557732871519,0.8663019595843681,20.31102638392506
1036,207.33822548365578,4.583333333333334,0.2,0.5,0.3333333333333333,0.0037442267128480386,0.03369804041563238,0.0962557732871519,0.8663019595843681,20.31102638392506
1037,207.5383589059373,4.583333333333334,0.2,0.5,0.3333333333333333,0.0037442267128480386,0.03369804041563238,0.0962557732871519,0.8663019595843681,20.31102638392506
1038,207.7384923282188,4.583333333333334,0.2,0.5,0.3333333333333333,0.0037442267128480386,0.03369804041563238,0.0962557732871519,0.8663019595843681,20.31102638392506
1039,207.93862575050034,4.583333333333334,0.2,0.5,0.3333333333333333,0.0037442267128480386,0.03369804041563238,0.0962557732871519,0.8663019595843681,20.31102638392506
1040,208.13875917278185,4.583333333333334,0.2,0.5,0.3333333333333333,0.0037442267128480386,0.03369804041563238,0.0962557732871519,0.8663019595843681,20.31102638392506
1041,208.33889259506336,4.583333333333334,0.2,0.5,0.3333333333333333,0.0037442267128480386,0.03369804041563238,0.0962557732871519,0.8663019595843681,20.31102638392506
1042,208.5390260173449,4.583333333333334,0.2,0.5,0.3333333333333333,0.0037442267128480386,0.03369804041563238,0.0962557732871519,0.8663019595843681,20.31102638392506
1043,208.7391594396264,4.583333333333334,0.2,0.5,0.3333333333333333,0.0037442267128480386,0.03369804041563238,0.0962557732871519,0.8663019595843681,20.31102638392506
1044,208.93929286190794,4.583333333333334,0.2,0.5,0.3333333333333333,0.0037442267128480386,0.03369804041563238,0.0962557732871519,0.8663019595843681,20.31102638392506
1045,209.13942628418945,4.583333333333334,0.2,0.5,0.3333333333333333,0.0037442267128480386,0.03369804041563238,0.0962557732871519,0.8663019595843681,20.31102638392506
1046,209.33955970647096,4.583333333333334,0.2,0.5,0.3333333333333333,0.0037442267128480386,0.03369804041563238,0.0962557732871519,0.8663019595843681,20.31102638392506
1047,209.5396931287525,4.583333333333334,0.2,0.5,0.3333333333333333,0.0037442267128480386,0.03369804041563238,0.0962557732871519,0.8663019595843681,20.31102638392506
1048,209.739826551034,4.583333333333334,0.2,0.5,0.3333333333333333,0.0037442267128480386,0.03369804041563238,0.0962557732871519,0.8663019595843681,20.31102638392506
1049,209.93995997331552,4.583333333333334,0.2,0.5,0.3333333333333333,0.0037442267128480386,0.03369804041563238,0.0962557732871519,0.8663019595843681,20.31102638392506
1050,210.14009339559706,4.583333333333334,0.2,0.5,0.3333333333333333,0.0037442267128480386,0.03369804041563238,0.0962557732871519,0.8663019595843681,20.31102638392506
1051,210.34022681787857,4.583333333333334,0.2,0.5,0.3333333333333333,0.0037442267128480386,0.03369804041563238,0.0962557732871519,0.8663019595843681,20.31102638392506
1052,210.5403602401601,4.583333333333334,0.2,0.5,0.3333333333333333,0.0037442267128480386,0.03369804041563238,0.0962557732871519,0.8663019595843681,20.31102638392506
1053,210.74049366244162,4.583333333333334,0.2,0.5,0.3333333333333333,0.0037442267128480386,0.03369804041563238,0.0962557732871519,0.8663019595843681,20.31102638392506
1054,210.94062708472313,4.583333333333334,0.2,0.5,0.3333333333333333,0.0037442267128480386,0.03369804041563238,0.0962557732871519,0.8663019595843681,20.31102638392506
1055,211.14076050700467,4.583333333333334,0.2,0.5,0.3333333333333333,0.0037442267128480386,0.03369804041563238,0.0962557732871519,0.8663019595843681,20.31102638392506
1056,211.34089392928618,4.583333333333334,0.2,0.5,0.3333333333333333,0.0037442267128480386,0.03369804041563238,0.0962557732871519,0.8663019595843681,20.31102638392506
1057,211.5410273515677,4.583333333333334,0.2,0.5,0.3333333333333333,0.0037442267128480386,0.03369804041563238,0.0962557732871519,0.8663019595843681,20.31102638392506
1058,211.74116077384923,4.583333333333334,0.2,0.5,0.3333333333333333,0.0037442267128480386,0.03369804041563238,0.0962557732871519,0.8663019595843681,20.31102638392506
1059,211.94129419613074,4.583333333333334,0.2,0.5,0.3333333333333333,0.0037442267128480386,0.03369804041563238,0.0962557732871519,0.8663019595843681,20.31102638392506
1060,212.14142761841228,4.583333333333334,0.2,0.5,0.3333333333333333,0.0037442267128480386,0.03369804041563238,0.0962557732871519,0.8663019595843681,20.31102638392506
1061,212.3415610406938,4.583333333333334,0.2,0.5,0.3333333333333333,0.0037442267128480386,0.03369804041563238,0.0962557732871519,0.8663019595843681,20.31102638392506
1062,212.5416944629753,4.583333333333334,0.2,0.5,0.3333333333333333,0.0037442267128480386,0.03369804041563238,0.0962557732871519,0.8663019595843681,20.31102638392506
1063,212.74182788525684,4.583333333333334,0.2,0.5,0.3333333333333333,0.0037442267128480386,0.03369804041563238,0.0962557732871519,0.8663019595843681,20.31102638392506
1064,212.94196130753835,4.583333333333334,0.2,0.5,0.3333333333333333,0.0037442267128480386,0.03369804041563238,0.0962557732871519,0.8663019595843681,20.31102638392506
1065,213.14209472981986,4.583333333333334,0.2,0.5,0.3333333333333333,0.0037442267128480386,0.03369804041563238,0.0962557732871519,0.8663019595843681,20.31102638392506
1066,213.3422281521014,4.583333333333334,0.2,0.5,0.3333333333333333,0.0037442267128480386,0.03369804041563238,0.0962557732871519,0.8663019595843681,20.31102638392506
1067,213.5423615743829,4.583333333333334,0.2,0.5,0.3333333333333333,0.0037442267128480386,0.03369804041563238,0.0962557732871519,0.8663019595843681,20.31102638392506
1068,213.74249499666445,4.583333333333334,0.2,0.5,0.3333333333333333,0.0037442267128480386,0.03369804041563238,0.0962557732871519,0.8663019595843681,20.31102638392506
1069,213.94262841894596,4.583333333333334,0.2,0.5,0.3333333333333333,0.0037442267128480386,0.03369804041563238,0.0962557732871519,0.8663019595843681,20.31102638392506
1070,214.14276184122747,4.583333333333334,0.2,0.5,0.3333333333333333,0.0037442267128480386,0.03369804041563238,0.0962557732871519,0.8663019595843681,20.31102638392506
1071,214.342895263509,4.583333333333334,0.2,0.5,0.3333333333333333,0.0037442267128480386,0.03369804041563238,0.0962557732871519,0.8663019595843681,20.31102638392506
1072,214.54302868579052,4.583333333333334,0.2,0.5,0.3333333333333333,0.0037442267128480386,0.03369804041563238,0.0962557732871519,0.8663019595843681,20.31102638392506
1073,214.74316210807203,4.583333333333334,0.2,0.5,0.3333333333333333,0.0037442267128480386,0.03369804041563238,0.0962557732871519,0.8663019595843681,20.31102638392506
1074,214.94329553035357,4.583333333333334,0.2,0.5,0.3333333333333333,0.0037442267128480386,0.03369804041563238,0.0962557732871519,0.8663019595843681,20.31102638392506
1075,215.14342895263508,4.583333333333334,0.2,0.5,0.3333333333333333,0.0037442267128480386,0.03369804041563238,0.0962557732871519,0.8663019595843681,20.31102638392506
1076,215.34356237491662,4.583333333333334,0.2,0.5,0.3333333333333333,0.0037442267128480386,0.03369804041563238,0.0962557732871519,0.8663019595843681,20.31102638392506
1077,215.54369579719813,4.583333333333334,0.2,0.5,0.3333333333333333,0.0037442267128480386,0.03369804041563238,0.0962557732871519,0.8663019595843681,20.31102638392506
1078,215.74382921947964,4.583333333333334,0.2,0.5,0.3333333333333333,0.0037442267128480386,0.03369804041563238,0.0962557732871519,0.8663019595843681,20.31102638392506
1079,215.94396264176117,4.583333333333334,0.2,0.5,0.3333333333333333,0.0037442267128480386,0.03369804041563238,0.0962557732871519,0.8663019595843681,20.31102638392506
1080,216.14409606404269,4.583333333333334,0.2,0.5,0.3333333333333333,0.0037442267128480386,0.03369804041563238,0.0962557732871519,0.8663019595843681,20.31102638392506
1081,216.3442294863242,4.583333333333334,0.2,0.5,0.3333333333333333,0.0037442267128480386,0.03369804041563238,0.0962557732871519,0.8663019595843681,20.31102638392506
1082,216.54436290860573,4.583333333333334,0.2,0.5,0.3333333333333333,0.0037442267128480386,0.03369804041563238,0.0962557732871519,0.8663019595843681,20.31102638392506
1083,216.74449633088724,4.583333333333334,0.2,0.5,0.3333333333333333,0.0037442267128480386,0.03369804041563238,0.0962557732871519,0.8663019595843681,20.31102638392506
1084,216.94462975316878,4.583333333333334,0.2,0.5,0.3333333333333333,0.0037442267128480386,0.03369804041563238,0.0962557732871519,0.8663019595843681,20.31102638392506
1085,217.1447631754503,4.583333333333334,0.2,0.5,0.3333333333333333,0.0037442267128480386,0.03369804041563238,0.0962557732871519,0.8663019595843681,20.31102638392506
1086,217.3448965977318,4.583333333333334,0.2,0.5,0.3333333333333333,0.0037442267128480386,0.03369804041563238,0.0962557732871519,0.8663019595843681,20.31102638392506
1087,217.54503002001334,4.583333333333334,0.2,0.5,0.3333333333333333,0.0037442267128480386,0.03369804041563238,0.0962557732871519,0.8663019595843681,20.31102638392506
1088,217.74516344229485,4.583333333333334,0.2,0.5,0.3333333333333333,0.0037442267128480386,0.03369804041563238,0.0962557732871519,0.8663019595843681,20.31102638392506
1089,217.94529686457636,4.583333333333334,0.2,0.5,0.3333333333333333,0.0037442267128480386,0.03369804041563238,0.0962557732871519,0.8663019595843681,20.31102638392506
1090,218.1454302868579,4.583333333333334,0.2,0.5,0.3333333333333333,0.0037442267128480386,0.03369804041563238,0.0962557732871519,0.8663019595843681,20.31102638392506
1091,218.3455637091394,4.583333333333334,0.2,0.5,0.3333333333333333,0.0037442267128480386,0.03369804041563238,0.0962557732871519,0.8663019595843681,20.31102638392506
1092,218.54569713142095,4.583333333333334,0.2,0.5,0.3333333333333333,0.0037442267128480386,0.03369804041563238,0.0962557732871519,0.8663019595843681,20.31102638392506
1093,218.74583055370246,4.583333333333334,0.2,0.5,0.3333333333333333,0.0037442267128480386,0.03369804041563238,0.0962557732871519,0.8663019595843681,20.31102638392506
1094,218.94596397598397,4.583333333333334,0.2,0.5,0.3333333333333333,0.0037442267128480386,0.03369804041563238,0.0962557732871519,0.8663019595843681,20.31102638392506
1095,219.1460973982655,4.583333333333334,0.2,0.5,0.3333333333333333,0.0037442267128480386,0.03369804041563238,0.0962557732871519,0.8663019595843681,20.31102638392506
1096,219.34623082054702,4.583333333333334,0.2,0.5,0.3333333333333333,0.0037442267128480386,0.03369804041563238,0.0962557732871519,0.8663019595843681,20.31102638392506
1097,219.54636424282853,4.583333333333334,0.2,0.5,0.3333333333333333,0.0037442267128480386,0.03369804041563238,0.0962557732871519,0.8663019595843681,20.31102638392506
1098,219.74649766511007,4.583333333333334,0.2,0.5,0.3333333333333333,0.0037442267128480386,0.03369804041563238,0.0962557732871519,0.8663019595843681,20.31102638392506
1099,219.94663108739158,4.583333333333334,0.2,0.5,0.3333333333333333,0.0037442267128480386,0.03369804041563238,0.0962557732871519,0.8663019595843681,20.31102638392506
1100,220.14676450967312,4.583333333333334,0.2,0.5,0.3333333333333333,0.0037442267128480386,0.03369804041563238,0.0962557732871519,0.8663019595843681,20.31102638392506
1101,220.34689793195463,4.583333333333334,0.2,0.5,0.3333333333333333,0.0037442267128480386,0.03369804041563238,0.0962557732871519,0.8663019595843681,20.31102638392506
1102,220.54703135423614,4.583333333333334,0.2,0.5,0.3333333333333333,0.0037442267128480386,0.03369804041563238,0.0962557732871519,0.8663019595843681,20.31102638392506
1103,220.74716477651768,4.583333333333334,0.2,0.5,0.3333333333333333,0.0037442267128480386,0.03369804041563238,0.0962557732871519,0.8663019595843681,20.31102638392506
1104,220.9472981987992,4.583333333333334,0.2,0.5,0.3333333333333333,0.0037442267128480386,0.03369804041563238,0.0962557732871519,0.8663019595843681,20.31102638392506
1105,221.1474316210807,4.583333333333334,0.2,0.5,0.3333333333333333,0.0037442267128480386,0.03369804041563238,0.0962557732871519,0.8663019595843681,20.31102638392506
1106,221.34756504336224,4.583333333333334,0.2,0.5,0.3333333333333333,0.0037442267128480386,0.03369804041563238,0.0962557732871519,0.8663019595843681,20.31102638392506
1107,221.54769846564375,4.583333333333334,0.2,0.5,0.3333333333333333,0.0037442267128480386,0.03369804041563238,0.0962557732871519,0.8663019595843681,20.31102638392506
1108,221.7478318879253,4.583333333333334,0.2,0.5,0.3333333333333333,0.0037442267128480386,0.03369804041563238,0.0962557732871519,0.8663019595843681,20.31102638392506
1109,221.9479653102068,4.583333333333334,0.2,0.5,0.3333333333333333,0.0037442267128480386,0.03369804041563238,0.0962557732871519,0.8663019595843681,20.31102638392506
1110,222.1480987324883,4.583333333333334,0.2,0.5,0.3333333333333333,0.0037442267128480386,0.03369804041563238,0.0962557732871519,0.8663019595843681,20.31102638392506
1111,222.34823215476985,4.583333333333334,0.2,0.5,0.3333333333333333,0.0037442267128480386,0.03369804041563238,0.0962557732871519,0.8663019595843681,20.31102638392506
1112,222.54836557705136,4.583333333333334,0.2,0.5,0.3333333333333333,0.0037442267128480386,0.03369804041563238,0.0962557732871519,0.8663019595843681,20.31102638392506
1113,222.74849899933287,4.583333333333334,0.2,0.5,0.3333333333333333,0.0037442267128480386,0.03369804041563238,0.0962557732871519,0.8663019595843681,20.31102638392506
1114,222.9486324216144,4.583333333333334,0.2,0.5,0.3333333333333333,0.0037442267128480386,0.03369804041563238,0.0962557732871519,0.8663019595843681,20.31102638392506
1115,223.14876584389592,4.583333333333334,0.2,0.5,0.3333333333333333,0.0037442267128480386,0.03369804041563238,0.0962557732871519,0.8663019595843681,20.31102638392506
1116,223.34889926617745,4.583333333333334,0.2,0.5,0.3333333333333333,0.0037442267128480386,0.03369804041563238,0.0962557732871519,0.8663019595843681,20.31102638392506
1117,223.54903268845896,4.583333333333334,0.2,0.5,0.3333333333333333,0.0037442267128480386,0.03369804041563238,0.0962557732871519,0.8663019595843681,20.31102638392506
1118,223.74916611074048,4.583333333333334,0.2,0.5,0.3333333333333333,0.0037442267128480386,0.03369804041563238,0.0962557732871519,0.8663019595843681,20.31102638392506
1119,223.949299533022,4.583333333333334,0.2,0.5,0.3333333333333333,0.0037442267128480386,0.03369804041563238,0.0962557732871519,0.8663019595843681,20.31102638392506
1120,224.14943295530352,4.583333333333334,0.2,0.5,0.3333333333333333,0.0037442267128480386,0.03369804041563238,0.0962557732871519,0.8663019595843681,20.31102638392506
1121,224.34956637758503,4.583333333333334,0.2,0.5,0.3333333333333333,0.0037442267128480386,0.03369804041563238,0.0962557732871519,0.8663019595843681,20.31102638392506
1122,224.54969979986657,4.583333333333334,0.2,0.5,0.3333333333333333,0.0037442267128480386,0.03369804041563238,0.0962557732871519,0.8663019595843681,20.31102638392506
1123,224.74983322214808,4.583333333333334,0.2,0.5,0.3333333333333333,0.0037442267128480386,0.03369804041563238,0.0962557732871519,0.8663019595843681,20.31102638392506
1124,224.94996664442962,4.583333333333334,0.2,0.5,0.3333333333333333,0.0037442267128480386,0.03369804041563238,0.0962557732871519,0.8663019595843681,20.31102638392506
1125,225.15010006671113,4.583333333333334,0.2,0.5,0.3333333333333333,0.0037442267128480386,0.03369804041563238,0.0962557732871519,0.8663019595843681,20.31102638392506
1126,225.35023348899264,4.583333333333334,0.2,0.5,0.3333333333333333,0.0037442267128480386,0.03369804041563238,0.0962557732871519,0.8663019595843681,20.31102638392506
1127,225.55036691127418,4.583333333333334,0.2,0.5,0.3333333333333333,0.0037442267128480386,0.03369804041563238,0.0962557732871519,0.8663019595843681,20.31102638392506
1128,225.7505003335557,4.583333333333334,0.2,0.5,0.3333333333333333,0.0037442267128480386,0.03369804041563238,0.0962557732871519,0.8663019595843681,20.31102638392506
1129,225.9506337558372,4.583333333333334,0.2,0.5,0.3333333333333333,0.0037442267128480386,0.03369804041563238,0.0962557732871519,0.8663019595843681,20.31102638392506
1130,226.15076717811874,4.583333333333334,0.2,0.5,0.3333333333333333,0.0037442267128480386,0.03369804041563238,0.0962557732871519,0.8663019595843681,20.31102638392506
1131,226.35090060040025,4.583333333333334,0.2,0.5,0.3333333333333333,0.0037442267128480386,0.03369804041563238,0.0962557732871519,0.8663019595843681,20.31102638392506
1132,226.5510340226818,4.583333333333334,0.2,0.5,0.3333333333333333,0.0037442267128480386,0.03369804041563238,0.0962557732871519,0.8663019595843681,20.31102638392506
1133,226.7511674449633,4.583333333333334,0.2,0.5,0.3333333333333333,0.0037442267128480386,0.03369804041563238,0.0962557732871519,0.8663019595843681,20.31102638392506
1134,226.9513008672448,4.583333333333334,0.2,0.5,0.3333333333333333,0.0037442267128480386,0.03369804041563238,0.0962557732871519,0.8663019595843681,20.31102638392506
1135,227.15143428952635,4.583333333333334,0.2,0.5,0.3333333333333333,0.0037442267128480386,0.03369804041563238,0.0962557732871519,0.8663019595843681,20.31102638392506
1136,227.35156771180786,4.583333333333334,0.2,0.5,0.3333333333333333,0.0037442267128480386,0.03369804041563238,0.0962557732871519,0.8663019595843681,20.31102638392506
1137,227.55170113408937,4.583333333333334,0.2,0.5,0.3333333333333333,0.0037442267128480386,0.03369804041563238,0.0962557732871519,0.8663019595843681,20.31102638392506
1138,227.7518345563709,4.583333333333334,0.2,0.5,0.3333333333333333,0.0037442267128480386,0.03369804041563238,0.0962557732871519,0.8663019595843681,20.31102638392506
1139,227.95196797865242,4.583333333333334,0.2,0.5,0.3333333333333333,0.0037442267128480386,0.03369804041563238,0.0962557732871519,0.8663019595843681,20.31102638392506
1140,228.15210140093396,4.583333333333334,0.2,0.5,0.3333333333333333,0.0037442267128480386,0.03369804041563238,0.0962557732871519,0.8663019595843681,20.31102638392506
1141,228.35223482321547,4.583333333333334,0.2,0.5,0.3333333333333333,0.0037442267128480386,0.03369804041563238,0.0962557732871519,0.8663019595843681,20.31102638392506
1142,228.55236824549698,4.583333333333334,0.2,0.5,0.3333333333333333,0.0037442267128480386,0.03369804041563238,0.0962557732871519,0.8663019595843681,20.31102638392506
1143,228.75250166777852,4.583333333333334,0.2,0.5,0.3333333333333333,0.0037442267128480386,0.03369804041563238,0.0962557732871519,0.8663019595843681,20.31102638392506
1144,228.95263509006003,4.583333333333334,0.2,0.5,0.3333333333333333,0.0037442267128480386,0.03369804041563238,0.0962557732871519,0.8663019595843681,20.31102638392506
1145,229.15276851234154,4.583333333333334,0.2,0.5,0.3333333333333333,0.0037442267128480386,0.03369804041563238,0.0962557732871519,0.8663019595843681,20.31102638392506
1146,229.35290193462308,4.583333333333334,0.2,0.5,0.3333333333333333,0.0037442267128480386,0.03369804041563238,0.0962557732871519,0.8663019595843681,20.31102638392506
1147,229.5530353569046,4.583333333333334,0.2,0.5,0.3333333333333333,0.0037442267128480386,0.03369804041563238,0.0962557732871519,0.8663019595843681,20.31102638392506
1148,229.75316877918613,4.583333333333334,0.2,0.5,0.3333333333333333,0.0037442267128480386,0.03369804041563238,0.0962557732871519,0.8663019595843681,20.31102638392506
1149,229.95330220146764,4.583333333333334,0.2,0.5,0.3333333333333333,0.0037442267128480386,0.03369804041563238,0.0962557732871519,0.8663019595843681,20.31102638392506
1150,230.15343562374915,4.583333333333334,0.2,0.5,0.3333333333333333,0.0037442267128480386,0.03369804041563238,0.0962557732871519,0.8663019595843681,20.31102638392506
1151,230.35356904603069,4.583333333333334,0.2,0.5,0.3333333333333333,0.0037442267128480386,0.03369804041563238,0.0962557732871519,0.8663019595843681,20.31102638392506
1152,230.5537024683122,4.583333333333334,0.2,0.5,0.3333333333333333,0.0037442267128480386,0.03369804041563238,0.0962557732871519,0.8663019595843681,20.31102638392506
1153,230.75383589059373,4.583333333333334,0.2,0.5,0.3333333333333333,0.0037442267128480386,0.03369804041563238,0.0962557732871519,0.8663019595843681,20.31102638392506
1154,230.95396931287524,4.583333333333334,0.2,0.5,0.3333333333333333,0.0037442267128480386,0.03369804041563238,0.0962557732871519,0.8663019595843681,20.31102638392506
1155,231.15410273515675,4.583333333333334,0.2,0.5,0.3333333333333333,0.0037442267128480386,0.03369804041563238,0.0962557732871519,0.8663019595843681,20.31102638392506
1156,231.3542361574383,4.583333333333334,0.2,0.5,0.3333333333333333,0.0037442267128480386,0.03369804041563238,0.0962557732871519,0.8663019595843681,20.31102638392506
1157,231.5543695797198,4.583333333333334,0.2,0.5,0.3333333333333333,0.0037442267128480386,0.03369804041563238,0.0962557732871519,0.8663019595843681,20.31102638392506
1158,231.75450300200131,4.583333333333334,0.2,0.5,0.3333333333333333,0.0037442267128480386,0.03369804041563238,0.0962557732871519,0.8663019595843681,20.31102638392506
1159,231.95463642428285,4.583333333333334,0.2,0.5,0.3333333333333333,0.0037442267128480386,0.03369804041563238,0.0962557732871519,0.8663019595843681,20.31102638392506
1160,232.15476984656436,4.583333333333334,0.2,0.5,0.3333333333333333,0.0037442267128480386,0.03369804041563238,0.0962557732871519,0.8663019595843681,20.31102638392506
1161,232.3549032688459,4.583333333333334,0.2,0.5,0.3333333333333333,0.0037442267128480386,0.03369804041563238,0.0962557732871519,0.8663019595843681,20.31102638392506
1162,232.5550366911274,4.583333333333334,0.2,0.5,0.3333333333333333,0.0037442267128480386,0.03369804041563238,0.0962557732871519,0.8663019595843681,20.31102638392506
1163,232.75517011340892,4.583333333333334,0.2,0.5,0.3333333333333333,0.0037442267128480386,0.03369804041563238,0.0962557732871519,0.8663019595843681,20.31102638392506
1164,232.95530353569046,4.583333333333334,0.2,0.5,0.3333333333333333,0.0037442267128480386,0.03369804041563238,0.0962557732871519,0.8663019595843681,20.31102638392506
1165,233.15543695797197,4.583333333333334,0.2,0.5,0.3333333333333333,0.0037442267128480386,0.03369804041563238,0.0962557732871519,0.8663019595843681,20.31102638392506
1166,233.35557038025348,4.583333333333334,0.2,0.5,0.3333333333333333,0.0037442267128480386,0.03369804041563238,0.0962557732871519,0.8663019595843681,20.31102638392506
1167,233.55570380253502,4.583333333333334,0.2,0.5,0.3333333333333333,0.0037442267128480386,0.03369804041563238,0.0962557732871519,0.8663019595843681,20.31102638392506
1168,233.75583722481653,4.583333333333334,0.2,0.5,0.3333333333333333,0.0037442267128480386,0.03369804041563238,0.0962557732871519,0.8663019595843681,20.31102638392506
1169,233.95597064709807,4.583333333333334,0.2,0.5,0.3333333333333333,0.0037442267128480386,0.03369804041563238,0.0962557732871519,0.8663019595843681,20.31102638392506
1170,234.15610406937958,4.583333333333334,0.2,0.5,0.3333333333333333,0.0037442267128480386,0.03369804041563238,0.0962557732871519,0.8663019595843681,20.31102638392506
1171,234.3562374916611,4.583333333333334,0.2,0.5,0.3333333333333333,0.0037442267128480386,0.03369804041563238,0.0962557732871519,0.8663019595843681,20.31102638392506
1172,234.55637091394263,4.583333333333334,0.2,0.5,0.3333333333333333,0.0037442267128480386,0.03369804041563238,0.0962557732871519,0.8663019595843681,20.31102638392506
1173,234.75650433622414,4.583333333333334,0.2,0.5,0.3333333333333333,0.0037442267128480386,0.03369804041563238,0.0962557732871519,0.8663019595843681,20.31102638392506
1174,234.95663775850565,4.583333333333334,0.2,0.5,0.3333333333333333,0.0037442267128480386,0.03369804041563238,0.0962557732871519,0.8663019595843681,20.31102638392506
1175,235.1567711807872,4.583333333333334,0.2,0.5,0.3333333333333333,0.0037442267128480386,0.03369804041563238,0.0962557732871519,0.8663019595843681,20.31102638392506
1176,235.3569046030687,4.583333333333334,0.2,0.5,0.3333333333333333,0.0037442267128480386,0.03369804041563238,0.0962557732871519,0.8663019595843681,20.31102638392506
1177,235.55703802535024,4.583333333333334,0.2,0.5,0.3333333333333333,0.0037442267128480386,0.03369804041563238,0.0962557732871519,0.8663019595843681,20.31102638392506
1178,235.75717144763175,4.583333333333334,0.2,0.5,0.3333333333333333,0.0037442267128480386,0.03369804041563238,0.0962557732871519,0.8663019595843681,20.31102638392506
1179,235.95730486991326,4.583333333333334,0.2,0.5,0.3333333333333333,0.0037442267128480386,0.03369804041563238,0.0962557732871519,0.8663019595843681,20.31102638392506
1180,236.1574382921948,4.583333333333334,0.2,0.5,0.3333333333333333,0.0037442267128480386,0.03369804041563238,0.0962557732871519,0.8663019595843681,20.31102638392506
1181,236.3575717144763,4.583333333333334,0.2,0.5,0.3333333333333333,0.0037442267128480386,0.03369804041563238,0.0962557732871519,0.8663019595843681,20.31102638392506
1182,236.55770513675782,4.583333333333334,0.2,0.5,0.3333333333333333,0.0037442267128480386,0.03369804041563238,0.0962557732871519,0.8663019595843681,20.31102638392506
1183,236.75783855903936,4.583333333333334,0.2,0.5,0.3333333333333333,0.0037442267128480386,0.03369804041563238,0.0962557732871519,0.8663019595843681,20.31102638392506
1184,236.95797198132087,4.583333333333334,0.2,0.5,0.3333333333333333,0.0037442267128480386,0.03369804041563238,0.0962557732871519,0.8663019595843681,20.31102638392506
1185,237.1581054036024,4.583333333333334,0.2,0.5,0.3333333333333333,0.0037442267128480386,0.03369804041563238,0.0962557732871519,0.8663019595843681,20.31102638392506
1186,237.35823882588392,4.583333333333334,0.2,0.5,0.3333333333333333,0.0037442267128480386,0.03369804041563238,0.0962557732871519,0.8663019595843681,20.31102638392506
1187,237.55837224816543,4.583333333333334,0.2,0.5,0.3333333333333333,0.0037442267128480386,0.03369804041563238,0.0962557732871519,0.8663019595843681,20.31102638392506
1188,237.75850567044697,4.583333333333334,0.2,0.5,0.3333333333333333,0.0037442267128480386,0.03369804041563238,0.0962557732871519,0.8663019595843681,20.31102638392506
1189,237.95863909272848,4.583333333333334,0.2,0.5,0.3333333333333333,0.0037442267128480386,0.03369804041563238,0.0962557732871519,0.8663019595843681,20.31102638392506
1190,238.15877251500999,4.583333333333334,0.2,0.5,0.3333333333333333,0.0037442267128480386,0.03369804041563238,0.0962557732871519,0.8663019595843681,20.31102638392506
1191,238.35890593729152,4.583333333333334,0.2,0.5,0.3333333333333333,0.0037442267128480386,0.03369804041563238,0.0962557732871519,0.8663019595843681,20.31102638392506
1192,238.55903935957303,4.583333333333334,0.2,0.5,0.3333333333333333,0.0037442267128480386,0.03369804041563238,0.0962557732871519,0.8663019595843681,20.31102638392506
1193,238.75917278185457,4.583333333333334,0.2,0.5,0.3333333333333333,0.0037442267128480386,0.03369804041563238,0.0962557732871519,0.8663019595843681,20.31102638392506
1194,238.95930620413608,4.583333333333334,0.2,0.5,0.3333333333333333,0.0037442267128480386,0.03369804041563238,0.0962557732871519,0.8663019595843681,20.31102638392506
1195,239.1594396264176,4.583333333333334,0.2,0.5,0.3333333333333333,0.0037442267128480386,0.03369804041563238,0.0962557732871519,0.8663019595843681,20.31102638392506
1196,239.35957304869913,4.583333333333334,0.2,0.5,0.3333333333333333,0.0037442267128480386,0.03369804041563238,0.0962557732871519,0.8663019595843681,20.31102638392506
1197,239.55970647098064,4.583333333333334,0.2,0.5,0.3333333333333333,0.0037442267128480386,0.03369804041563238,0.0962557732871519,0.8663019595843681,20.31102638392506
1198,239.75983989326215,4.583333333333334,0.2,0.5,0.3333333333333333,0.0037442267128480386,0.03369804041563238,0.0962557732871519,0.8663019595843681,20.31102638392506
1199,239.9599733155437,4.583333333333334,0.2,0.5,0.3333333333333333,0.0037442267128480386,0.03369804041563238,0.0962557732871519,0.8663019595843681,20.31102638392506
1200,240.1601067378252,4.583333333333334,0.2,0.5,0.3333333333333333,0.0037442267128480386,0.03369804041563238,0.0962557732871519,0.8663019595843681,20.31102638392506
1201,240.36024016010674,4.583333333333334,0.2,0.5,0.3333333333333333,0.0037442267128480386,0.03369804041563238,0.0962557732871519,0.8663019595843681,20.31102638392506
1202,240.56037358238825,4.583333333333334,0.2,0.5,0.3333333333333333,0.0037442267128480386,0.03369804041563238,0.0962557732871519,0.8663019595843681,20.31102638392506
1203,240.76050700466976,4.583333333333334,0.2,0.5,0.3333333333333333,0.0037442267128480386,0.03369804041563238,0.0962557732871519,0.8663019595843681,20.31102638392506
1204,240.9606404269513,4.583333333333334,0.2,0.5,0.3333333333333333,0.0037442267128480386,0.03369804041563238,0.0962557732871519,0.8663019595843681,20.31102638392506
1205,241.1607738492328,4.583333333333334,0.2,0.5,0.3333333333333333,0.0037442267128480386,0.03369804041563238,0.0962557732871519,0.8663019595843681,20.31102638392506
1206,241.36090727151432,4.583333333333334,0.2,0.5,0.3333333333333333,0.0037442267128480386,0.03369804041563238,0.0962557732871519,0.8663019595843681,20.31102638392506
1207,241.56104069379586,4.583333333333334,0.2,0.5,0.3333333333333333,0.0037442267128480386,0.03369804041563238,0.0962557732871519,0.8663019595843681,20.31102638392506
1208,241.76117411607737,4.583333333333334,0.2,0.5,0.3333333333333333,0.0037442267128480386,0.03369804041563238,0.0962557732871519,0.8663019595843681,20.31102638392506
1209,241.9613075383589,4.583333333333334,0.2,0.5,0.3333333333333333,0.0037442267128480386,0.03369804041563238,0.0962557732871519,0.8663019595843681,20.31102638392506
1210,242.16144096064042,4.583333333333334,0.2,0.5,0.3333333333333333,0.0037442267128480386,0.03369804041563238,0.0962557732871519,0.8663019595843681,20.31102638392506
1211,242.36157438292193,4.583333333333334,0.2,0.5,0.3333333333333333,0.0037442267128480386,0.03369804041563238,0.0962557732871519,0.8663019595843681,20.31102638392506
1212,242.56170780520347,4.583333333333334,0.2,0.5,0.3333333333333333,0.0037442267128480386,0.03369804041563238,0.0962557732871519,0.8663019595843681,20.31102638392506
1213,242.76184122748498,4.583333333333334,0.2,0.5,0.3333333333333333,0.0037442267128480386,0.03369804041563238,0.0962557732871519,0.8663019595843681,20.31102638392506
1214,242.9619746497665,4.583333333333334,0.2,0.5,0.3333333333333333,0.0037442267128480386,0.03369804041563238,0.0962557732871519,0.8663019595843681,20.31102638392506
1215,243.16210807204803,4.583333333333334,0.2,0.5,0.3333333333333333,0.0037442267128480386,0.03369804041563238,0.0962557732871519,0.8663019595843681,20.31102638392506
1216,243.36224149432954,4.583333333333334,0.2,0.5,0.3333333333333333,0.0037442267128480386,0.03369804041563238,0.0962557732871519,0.8663019595843681,20.31102638392506
1217,243.56237491661108,4.583333333333334,0.2,0.5,0.3333333333333333,0.0037442267128480386,0.03369804041563238,0.0962557732871519,0.8663019595843681,20.31102638392506
1218,243.7625083388926,4.583333333333334,0.2,0.5,0.3333333333333333,0.0037442267128480386,0.03369804041563238,0.0962557732871519,0.8663019595843681,20.31102638392506
1219,243.9626417611741,4.583333333333334,0.2,0.5,0.3333333333333333,0.0037442267128480386,0.03369804041563238,0.0962557732871519,0.8663019595843681,20.31102638392506
1220,244.16277518345564,4.583333333333334,0.2,0.5,0.3333333333333333,0.0037442267128480386,0.03369804041563238,0.0962557732871519,0.8663019595843681,20.31102638392506
1221,244.36290860573715,4.583333333333334,0.2,0.5,0.3333333333333333,0.0037442267128480386,0.03369804041563238,0.0962557732871519,0.8663019595843681,20.31102638392506
1222,244.56304202801866,4.583333333333334,0.2,0.5,0.3333333333333333,0.0037442267128480386,0.03369804041563238,0.0962557732871519,0.8663019595843681,20.31102638392506
1223,244.7631754503002,4.583333333333334,0.2,0.5,0.3333333333333333,0.0037442267128480386,0.03369804041563238,0.0962557732871519,0.8663019595843681,20.31102638392506
1224,244.9633088725817,4.583333333333334,0.2,0.5,0.3333333333333333,0.0037442267128480386,0.03369804041563238,0.0962557732871519,0.8663019595843681,20.31102638392506
1225,245.16344229486324,4.583333333333334,0.2,0.5,0.3333333333333333,0.0037442267128480386,0.03369804041563238,0.0962557732871519,0.8663019595843681,20.31102638392506
1226,245.36357571714476,4.583333333333334,0.2,0.5,0.3333333333333333,0.0037442267128480386,0.03369804041563238,0.0962557732871519,0.8663019595843681,20.31102638392506
1227,245.56370913942627,4.583333333333334,0.2,0.5,0.3333333333333333,0.0037442267128480386,0.03369804041563238,0.0962557732871519,0.8663019595843681,20.31102638392506
1228,245.7638425617078,4.583333333333334,0.2,0.5,0.3333333333333333,0.0037442267128480386,0.03369804041563238,0.0962557732871519,0.8663019595843681,20.31102638392506
1229,245.96397598398931,4.583333333333334,0.2,0.5,0.3333333333333333,0.0037442267128480386,0.03369804041563238,0.0962557732871519,0.8663019595843681,20.31102638392506
1230,246.16410940627082,4.583333333333334,0.2,0.5,0.3333333333333333,0.0037442267128480386,0.03369804041563238,0.0962557732871519,0.8663019595843681,20.31102638392506
1231,246.36424282855236,4.583333333333334,0.2,0.5,0.3333333333333333,0.0037442267128480386,0.03369804041563238,0.0962557732871519,0.8663019595843681,20.31102638392506
1232,246.56437625083387,4.583333333333334,0.2,0.5,0.3333333333333333,0.0037442267128480386,0.03369804041563238,0.0962557732871519,0.8663019595843681,20.31102638392506
1233,246.7645096731154,4.583333333333334,0.2,0.5,0.3333333333333333,0.0037442267128480386,0.03369804041563238,0.0962557732871519,0.8663019595843681,20.31102638392506
1234,246.96464309539692,4.583333333333334,0.2,0.5,0.3333333333333333,0.0037442267128480386,0.03369804041563238,0.0962557732871519,0.8663019595843681,20.31102638392506
1235,247.16477651767843,4.583333333333334,0.2,0.5,0.3333333333333333,0.0037442267128480386,0.03369804041563238,0.0962557732871519,0.8663019595843681,20.31102638392506
1236,247.36490993995997,4.583333333333334,0.2,0.5,0.3333333333333333,0.0037442267128480386,0.03369804041563238,0.0962557732871519,0.8663019595843681,20.31102638392506
1237,247.56504336224148,4.583333333333334,0.2,0.5,0.3333333333333333,0.0037442267128480386,0.03369804041563238,0.0962557732871519,0.8663019595843681,20.31102638392506
1238,247.765176784523,4.583333333333334,0.2,0.5,0.3333333333333333,0.0037442267128480386,0.03369804041563238,0.0962557732871519,0.8663019595843681,20.31102638392506
1239,247.96531020680453,4.583333333333334,0.2,0.5,0.3333333333333333,0.0037442267128480386,0.03369804041563238,0.0962557732871519,0.8663019595843681,20.31102638392506
1240,248.16544362908604,4.583333333333334,0.2,0.5,0.3333333333333333,0.0037442267128480386,0.03369804041563238,0.0962557732871519,0.8663019595843681,20.31102638392506
1241,248.36557705136758,4.583333333333334,0.2,0.5,0.3333333333333333,0.0037442267128480386,0.03369804041563238,0.0962557732871519,0.8663019595843681,20.31102638392506
1242,248.5657104736491,4.583333333333334,0.2,0.5,0.3333333333333333,0.0037442267128480386,0.03369804041563238,0.0962557732871519,0.8663019595843681,20.31102638392506
1243,248.7658438959306,4.583333333333334,0.2,0.5,0.3333333333333333,0.0037442267128480386,0.03369804041563238,0.0962557732871519,0.8663019595843681,20.31102638392506
1244,248.96597731821214,4.583333333333334,0.2,0.5,0.3333333333333333,0.0037442267128480386,0.03369804041563238,0.0962557732871519,0.8663019595843681,20.31102638392506
1245,249.16611074049365,4.583333333333334,0.2,0.5,0.3333333333333333,0.0037442267128480386,0.03369804041563238,0.0962557732871519,0.8663019595843681,20.31102638392506
1246,249.36624416277516,4.583333333333334,0.2,0.5,0.3333333333333333,0.0037442267128480386,0.03369804041563238,0.0962557732871519,0.8663019595843681,20.31102638392506
1247,249.5663775850567,4.583333333333334,0.2,0.5,0.3333333333333333,0.0037442267128480386,0.03369804041563238,0.0962557732871519,0.8663019595843681,20.31102638392506
1248,249.7665110073382,4.583333333333334,0.2,0.5,0.3333333333333333,0.0037442267128480386,0.03369804041563238,0.0962557732871519,0.8663019595843681,20.31102638392506
1249,249.96664442961975,4.583333333333334,0.2,0.5,0.3333333333333333,0.0037442267128480386,0.03369804041563238,0.0962557732871519,0.8663019595843681,20.31102638392506
1250,250.16677785190126,4.583333333333334,0.2,0.5,0.3333333333333333,0.0037442267128480386,0.03369804041563238,0.0962557732871519,0.8663019595843681,20.31102638392506
1251,250.36691127418277,4.583333333333334,0.2,0.5,0.3333333333333333,0.0037442267128480386,0.03369804041563238,0.0962557732871519,0.8663019595843681,20.31102638392506
1252,250.5670446964643,4.583333333333334,0.2,0.5,0.3333333333333333,0.0037442267128480386,0.03369804041563238,0.0962557732871519,0.8663019595843681,20.31102638392506
1253,250.76717811874582,4.583333333333334,0.2,0.5,0.3333333333333333,0.0037442267128480386,0.03369804041563238,0.0962557732871519,0.8663019595843681,20.31102638392506
1254,250.96731154102733,4.583333333333334,0.2,0.5,0.3333333333333333,0.0037442267128480386,0.03369804041563238,0.0962557732871519,0.8663019595843681,20.31102638392506
1255,251.16744496330887,4.583333333333334,0.2,0.5,0.3333333333333333,0.0037442267128480386,0.03369804041563238,0.0962557732871519,0.8663019595843681,20.31102638392506
1256,251.36757838559038,4.583333333333334,0.2,0.5,0.3333333333333333,0.0037442267128480386,0.03369804041563238,0.0962557732871519,0.8663019595843681,20.31102638392506
1257,251.56771180787192,4.583333333333334,0.2,0.5,0.3333333333333333,0.0037442267128480386,0.03369804041563238,0.0962557732871519,0.8663019595843681,20.31102638392506
1258,251.76784523015343,4.583333333333334,0.2,0.5,0.3333333333333333,0.0037442267128480386,0.03369804041563238,0.0962557732871519,0.8663019595843681,20.31102638392506
1259,251.96797865243494,4.583333333333334,0.2,0.5,0.3333333333333333,0.0037442267128480386,0.03369804041563238,0.0962557732871519,0.8663019595843681,20.31102638392506
1260,252.16811207471648,4.583333333333334,0.2,0.5,0.3333333333333333,0.0037442267128480386,0.03369804041563239,0.0962557732871519,0.8663019595843681,20.31102638392506
1261,252.368245496998,4.583333333333334,0.2,0.5,0.3333333333333333,0.0037442267128480386,0.03369804041563239,0.0962557732871519,0.8663019595843681,20.31102638392506
1262,252.5683789192795,4.583333333333334,0.2,0.5,0.3333333333333333,0.0037442267128480386,0.03369804041563239,0.0962557732871519,0.8663019595843681,20.31102638392506
1263,252.76851234156103,4.583333333333334,0.2,0.5,0.3333333333333333,0.0037442267128480386,0.03369804041563239,0.0962557732871519,0.8663019595843681,20.31102638392506
1264,252.96864576384255,4.583333333333334,0.2,0.5,0.3333333333333333,0.0037442267128480386,0.03369804041563239,0.0962557732871519,0.8663019595843681,20.31102638392506
1265,253.16877918612408,4.583333333333334,0.2,0.5,0.3333333333333333,0.0037442267128480386,0.03369804041563239,0.0962557732871519,0.8663019595843681,20.31102638392506
1266,253.3689126084056,4.583333333333334,0.2,0.5,0.3333333333333333,0.0037442267128480386,0.03369804041563239,0.0962557732871519,0.8663019595843681,20.31102638392506
1267,253.5690460306871,4.583333333333334,0.2,0.5,0.3333333333333333,0.0037442267128480386,0.03369804041563239,0.0962557732871519,0.8663019595843681,20.31102638392506
1268,253.76917945296864,4.583333333333334,0.2,0.5,0.3333333333333333,0.0037442267128480386,0.03369804041563239,0.0962557732871519,0.8663019595843681,20.31102638392506
1269,253.96931287525015,4.583333333333334,0.2,0.5,0.3333333333333333,0.0037442267128480386,0.03369804041563239,0.0962557732871519,0.8663019595843681,20.31102638392506
1270,254.16944629753166,4.583333333333334,0.2,0.5,0.3333333333333333,0.0037442267128480386,0.03369804041563239,0.0962557732871519,0.8663019595843681,20.31102638392506
1271,254.3695797198132,4.583333333333334,0.2,0.5,0.3333333333333333,0.0037442267128480386,0.03369804041563239,0.0962557732871519,0.8663019595843681,20.31102638392506
1272,254.5697131420947,4.583333333333334,0.2,0.5,0.3333333333333333,0.0037442267128480386,0.03369804041563239,0.0962557732871519,0.8663019595843681,20.31102638392506
1273,254.76984656437625,4.583333333333334,0.2,0.5,0.3333333333333333,0.0037442267128480386,0.03369804041563239,0.0962557732871519,0.8663019595843681,20.31102638392506
1274,254.96997998665776,4.583333333333334,0.2,0.5,0.3333333333333333,0.0037442267128480386,0.03369804041563239,0.0962557732871519,0.8663019595843681,20.31102638392506
1275,255.17011340893927,4.583333333333334,0.2,0.5,0.3333333333333333,0.0037442267128480386,0.03369804041563239,0.0962557732871519,0.8663019595843681,20.31102638392506
1276,255.3702468312208,4.583333333333334,0.2,0.5,0.3333333333333333,0.0037442267128480386,0.03369804041563239,0.0962557732871519,0.8663019595843681,20.31102638392506
1277,255.57038025350232,4.583333333333334,0.2,0.5,0.3333333333333333,0.0037442267128480386,0.03369804041563239,0.0962557732871519,0.8663019595843681,20.31102638392506
1278,255.77051367578383,4.583333333333334,0.2,0.5,0.3333333333333333,0.0037442267128480386,0.03369804041563239,0.0962557732871519,0.8663019595843681,20.31102638392506
1279,255.97064709806537,4.583333333333334,0.2,0.5,0.3333333333333333,0.0037442267128480386,0.03369804041563239,0.0962557732871519,0.8663019595843681,20.31102638392506
1280,256.1707805203469,4.583333333333334,0.2,0.5,0.3333333333333333,0.0037442267128480386,0.03369804041563239,0.0962557732871519,0.8663019595843681,20.31102638392506
1281,256.3709139426284,4.583333333333334,0.2,0.5,0.3333333333333333,0.0037442267128480386,0.03369804041563239,0.0962557732871519,0.8663019595843681,20.31102638392506
1282,256.57104736490993,4.583333333333334,0.2,0.5,0.3333333333333333,0.0037442267128480386,0.03369804041563239,0.0962557732871519,0.8663019595843681,20.31102638392506
1283,256.77118078719144,4.583333333333334,0.2,0.5,0.3333333333333333,0.0037442267128480386,0.03369804041563239,0.0962557732871519,0.8663019595843681,20.31102638392506
1284,256.97131420947295,4.583333333333334,0.2,0.5,0.3333333333333333,0.0037442267128480386,0.03369804041563239,0.0962557732871519,0.8663019595843681,20.31102638392506
1285,257.1714476317545,4.583333333333334,0.2,0.5,0.3333333333333333,0.0037442267128480386,0.03369804041563239,0.0962557732871519,0.8663019595843681,20.31102638392506
1286,257.371581054036,4.583333333333334,0.2,0.5,0.3333333333333333,0.0037442267128480386,0.03369804041563239,0.0962557732871519,0.8663019595843681,20.31102638392506
1287,257.57171447631754,4.583333333333334,0.2,0.5,0.3333333333333333,0.0037442267128480386,0.03369804041563239,0.0962557732871519,0.8663019595843681,20.31102638392506
1288,257.77184789859905,4.583333333333334,0.2,0.5,0.3333333333333333,0.0037442267128480386,0.03369804041563239,0.0962557732871519,0.8663019595843681,20.31102638392506
1289,257.97198132088056,4.583333333333334,0.2,0.5,0.3333333333333333,0.0037442267128480386,0.03369804041563239,0.0962557732871519,0.8663019595843681,20.31102638392506
1290,258.1721147431621,4.583333333333334,0.2,0.5,0.3333333333333333,0.0037442267128480386,0.03369804041563239,0.0962557732871519,0.8663019595843681,20.31102638392506
1291,258.37224816544364,4.583333333333334,0.2,0.5,0.3333333333333333,0.0037442267128480386,0.03369804041563239,0.0962557732871519,0.8663019595843681,20.31102638392506
1292,258.57238158772515,4.583333333333334,0.2,0.5,0.3333333333333333,0.0037442267128480386,0.03369804041563239,0.0962557732871519,0.8663019595843681,20.31102638392506
1293,258.77251501000666,4.583333333333334,0.2,0.5,0.3333333333333333,0.0037442267128480386,0.03369804041563239,0.0962557732871519,0.8663019595843681,20.31102638392506
1294,258.97264843228817,4.583333333333334,0.2,0.5,0.3333333333333333,0.0037442267128480386,0.03369804041563239,0.0962557732871519,0.8663019595843681,20.31102638392506
1295,259.1727818545697,4.583333333333334,0.2,0.5,0.3333333333333333,0.0037442267128480386,0.03369804041563239,0.0962557732871519,0.8663019595843681,20.31102638392506
1296,259.37291527685124,4.583333333333334,0.2,0.5,0.3333333333333333,0.0037442267128480386,0.03369804041563239,0.0962557732871519,0.8663019595843681,20.31102638392506
1297,259.57304869913276,4.583333333333334,0.2,0.5,0.3333333333333333,0.0037442267128480386,0.03369804041563239,0.0962557732871519,0.8663019595843681,20.31102638392506
1298,259.77318212141427,4.583333333333334,0.2,0.5,0.3333333333333333,0.0037442267128480386,0.03369804041563239,0.0962557732871519,0.8663019595843681,20.31102638392506
1299,259.9733155436958,4.583333333333334,0.2,0.5,0.3333333333333333,0.0037442267128480386,0.03369804041563239,0.0962557732871519,0.8663019595843681,20.31102638392506
1300,260.1734489659773,4.583333333333334,0.2,0.5,0.3333333333333333,0.0037442267128480386,0.03369804041563239,0.0962557732871519,0.8663019595843681,20.31102638392506
1301,260.37358238825885,4.583333333333334,0.2,0.5,0.3333333333333333,0.0037442267128480386,0.03369804041563239,0.0962557732871519,0.8663019595843681,20.31102638392506
1302,260.57371581054036,4.583333333333334,0.2,0.5,0.3333333333333333,0.0037442267128480386,0.03369804041563239,0.0962557732871519,0.8663019595843681,20.31102638392506
1303,260.7738492328219,4.583333333333334,0.2,0.5,0.3333333333333333,0.0037442267128480386,0.03369804041563239,0.0962557732871519,0.8663019595843681,20.31102638392506
1304,260.9739826551034,4.583333333333334,0.2,0.5,0.3333333333333333,0.0037442267128480386,0.03369804041563239,0.0962557732871519,0.8663019595843681,20.31102638392506
1305,261.1741160773849,4.583333333333334,0.2,0.5,0.3333333333333333,0.0037442267128480386,0.03369804041563239,0.0962557732871519,0.8663019595843681,20.31102638392506
1306,261.37424949966646,4.583333333333334,0.2,0.5,0.3333333333333333,0.0037442267128480386,0.03369804041563239,0.0962557732871519,0.8663019595843681,20.31102638392506
1307,261.574382921948,4.583333333333334,0.2,0.5,0.3333333333333333,0.0037442267128480386,0.03369804041563239,0.0962557732871519,0.8663019595843681,20.31102638392506
1308,261.7745163442295,4.583333333333334,0.2,0.5,0.3333333333333333,0.0037442267128480386,0.03369804041563239,0.0962557732871519,0.8663019595843681,20.31102638392506
1309,261.974649766511,4.583333333333334,0.2,0.5,0.3333333333333333,0.0037442267128480386,0.03369804041563239,0.0962557732871519,0.8663019595843681,20.31102638392506
1310,262.1747831887925,4.583333333333334,0.2,0.5,0.3333333333333333,0.0037442267128480386,0.03369804041563239,0.0962557732871519,0.8663019595843681,20.31102638392506
1311,262.374916611074,4.583333333333334,0.2,0.5,0.3333333333333333,0.0037442267128480386,0.03369804041563239,0.0962557732871519,0.8663019595843681,20.31102638392506
1312,262.5750500333556,4.583333333333334,0.2,0.5,0.3333333333333333,0.0037442267128480386,0.03369804041563239,0.0962557732871519,0.8663019595843681,20.31102638392506
1313,262.7751834556371,4.583333333333334,0.2,0.5,0.3333333333333333,0.0037442267128480386,0.03369804041563239,0.0962557732871519,0.8663019595843681,20.31102638392506
1314,262.9753168779186,4.583333333333334,0.2,0.5,0.3333333333333333,0.0037442267128480386,0.03369804041563239,0.0962557732871519,0.8663019595843681,20.31102638392506
1315,263.1754503002001,4.583333333333334,0.2,0.5,0.3333333333333333,0.0037442267128480386,0.03369804041563239,0.0962557732871519,0.8663019595843681,20.31102638392506
1316,263.3755837224816,4.583333333333334,0.2,0.5,0.3333333333333333,0.0037442267128480386,0.03369804041563239,0.0962557732871519,0.8663019595843681,20.31102638392506
1317,263.5757171447632,4.583333333333334,0.2,0.5,0.3333333333333333,0.0037442267128480386,0.03369804041563239,0.0962557732871519,0.8663019595843681,20.31102638392506
1318,263.7758505670447,4.583333333333334,0.2,0.5,0.3333333333333333,0.0037442267128480386,0.03369804041563239,0.0962557732871519,0.8663019595843681,20.31102638392506
1319,263.9759839893262,4.583333333333334,0.2,0.5,0.3333333333333333,0.0037442267128480386,0.03369804041563239,0.0962557732871519,0.8663019595843681,20.31102638392506
1320,264.1761174116077,4.583333333333334,0.2,0.5,0.3333333333333333,0.0037442267128480386,0.03369804041563239,0.0962557732871519,0.8663019595843681,20.31102638392506
1321,264.37625083388923,4.583333333333334,0.2,0.5,0.3333333333333333,0.0037442267128480386,0.03369804041563239,0.0962557732871519,0.8663019595843681,20.31102638392506
1322,264.5763842561708,4.583333333333334,0.2,0.5,0.3333333333333333,0.0037442267128480386,0.03369804041563239,0.0962557732871519,0.8663019595843681,20.31102638392506
1323,264.7765176784523,4.583333333333334,0.2,0.5,0.3333333333333333,0.0037442267128480386,0.03369804041563239,0.0962557732871519,0.8663019595843681,20.31102638392506
1324,264.9766511007338,4.583333333333334,0.2,0.5,0.3333333333333333,0.0037442267128480386,0.03369804041563239,0.0962557732871519,0.8663019595843681,20.31102638392506
1325,265.17678452301533,4.583333333333334,0.2,0.5,0.3333333333333333,0.0037442267128480386,0.03369804041563239,0.0962557732871519,0.8663019595843681,20.31102638392506
1326,265.37691794529684,4.583333333333334,0.2,0.5,0.3333333333333333,0.0037442267128480386,0.03369804041563239,0.0962557732871519,0.8663019595843681,20.31102638392506
1327,265.57705136757835,4.583333333333334,0.2,0.5,0.3333333333333333,0.0037442267128480386,0.03369804041563239,0.0962557732871519,0.8663019595843681,20.31102638392506
1328,265.7771847898599,4.583333333333334,0.2,0.5,0.3333333333333333,0.0037442267128480386,0.03369804041563239,0.0962557732871519,0.8663019595843681,20.31102638392506
1329,265.9773182121414,4.583333333333334,0.2,0.5,0.3333333333333333,0.0037442267128480386,0.03369804041563239,0.0962557732871519,0.8663019595843681,20.31102638392506
1330,266.17745163442294,4.583333333333334,0.2,0.5,0.3333333333333333,0.0037442267128480386,0.03369804041563239,0.0962557732871519,0.8663019595843681,20.31102638392506
1331,266.37758505670445,4.583333333333334,0.2,0.5,0.3333333333333333,0.0037442267128480386,0.03369804041563239,0.0962557732871519,0.8663019595843681,20.31102638392506
1332,266.57771847898596,4.583333333333334,0.2,0.5,0.3333333333333333,0.0037442267128480386,0.03369804041563239,0.0962557732871519,0.8663019595843681,20.31102638392506
1333,266.7778519012675,4.583333333333334,0.2,0.5,0.3333333333333333,0.0037442267128480386,0.03369804041563239,0.0962557732871519,0.8663019595843681,20.31102638392506
1334,266.97798532354904,4.583333333333334,0.2,0.5,0.3333333333333333,0.0037442267128480386,0.03369804041563239,0.0962557732871519,0.8663019595843681,20.31102638392506
1335,267.17811874583055,4.583333333333334,0.2,0.5,0.3333333333333333,0.0037442267128480386,0.03369804041563239,0.0962557732871519,0.8663019595843681,20.31102638392506
1336,267.37825216811206,4.583333333333334,0.2,0.5,0.3333333333333333,0.0037442267128480386,0.03369804041563239,0.0962557732871519,0.8663019595843681,20.31102638392506
1337,267.57838559039357,4.583333333333334,0.2,0.5,0.3333333333333333,0.0037442267128480386,0.03369804041563239,0.0962557732871519,0.8663019595843681,20.31102638392506
1338,267.77851901267513,4.583333333333334,0.2,0.5,0.3333333333333333,0.0037442267128480386,0.03369804041563239,0.0962557732871519,0.8663019595843681,20.31102638392506
1339,267.97865243495664,4.583333333333334,0.2,0.5,0.3333333333333333,0.0037442267128480386,0.03369804041563239,0.0962557732871519,0.8663019595843681,20.31102638392506
1340,268.17878585723815,4.583333333333334,0.2,0.5,0.3333333333333333,0.0037442267128480386,0.03369804041563239,0.0962557732871519,0.8663019595843681,20.31102638392506
1341,268.37891927951966,4.583333333333334,0.2,0.5,0.3333333333333333,0.0037442267128480386,0.03369804041563239,0.0962557732871519,0.8663019595843681,20.31102638392506
1342,268.5790527018012,4.583333333333334,0.2,0.5,0.3333333333333333,0.0037442267128480386,0.03369804041563239,0.0962557732871519,0.8663019595843681,20.31102638392506
1343,268.7791861240827,4.583333333333334,0.2,0.5,0.3333333333333333,0.0037442267128480386,0.03369804041563239,0.0962557732871519,0.8663019595843681,20.31102638392506
1344,268.97931954636425,4.583333333333334,0.2,0.5,0.3333333333333333,0.0037442267128480386,0.03369804041563239,0.0962557732871519,0.8663019595843681,20.31102638392506
1345,269.17945296864576,4.583333333333334,0.2,0.5,0.3333333333333333,0.0037442267128480386,0.03369804041563239,0.0962557732871519,0.8663019595843681,20.31102638392506
1346,269.3795863909273,4.583333333333334,0.2,0.5,0.3333333333333333,0.0037442267128480386,0.03369804041563239,0.0962557732871519,0.8663019595843681,20.31102638392506
1347,269.5797198132088,4.583333333333334,0.2,0.5,0.3333333333333333,0.0037442267128480386,0.03369804041563239,0.0962557732871519,0.8663019595843681,20.31102638392506
1348,269.7798532354903,4.583333333333334,0.2,0.5,0.3333333333333333,0.0037442267128480386,0.03369804041563239,0.0962557732871519,0.8663019595843681,20.31102638392506
1349,269.97998665777186,4.583333333333334,0.2,0.5,0.3333333333333333,0.0037442267128480386,0.03369804041563239,0.0962557732871519,0.8663019595843681,20.31102638392506
1350,270.18012008005337,4.583333333333334,0.2,0.5,0.3333333333333333,0.0037442267128480386,0.03369804041563239,0.0962557732871519,0.8663019595843681,20.31102638392506
1351,270.3802535023349,4.583333333333334,0.2,0.5,0.3333333333333333,0.0037442267128480386,0.03369804041563239,0.0962557732871519,0.8663019595843681,20.31102638392506
1352,270.5803869246164,4.583333333333334,0.2,0.5,0.3333333333333333,0.0037442267128480386,0.03369804041563239,0.0962557732871519,0.8663019595843681,20.31102638392506
1353,270.7805203468979,4.583333333333334,0.2,0.5,0.3333333333333333,0.0037442267128480386,0.03369804041563239,0.0962557732871519,0.8663019595843681,20.31102638392506
1354,270.98065376917947,4.583333333333334,0.2,0.5,0.3333333333333333,0.0037442267128480386,0.03369804041563239,0.0962557732871519,0.8663019595843681,20.31102638392506
1355,271.180787191461,4.583333333333334,0.2,0.5,0.3333333333333333,0.0037442267128480386,0.03369804041563239,0.0962557732871519,0.8663019595843681,20.31102638392506
1356,271.3809206137425,4.583333333333334,0.2,0.5,0.3333333333333333,0.0037442267128480386,0.03369804041563239,0.0962557732871519,0.8663019595843681,20.31102638392506
1357,271.581054036024,4.583333333333334,0.2,0.5,0.3333333333333333,0.0037442267128480386,0.03369804041563239,0.0962557732871519,0.8663019595843681,20.31102638392506
1358,271.7811874583055,4.583333333333334,0.2,0.5,0.3333333333333333,0.0037442267128480386,0.03369804041563239,0.0962557732871519,0.8663019595843681,20.31102638392506
1359,271.981320880587,4.583333333333334,0.2,0.5,0.3333333333333333,0.0037442267128480386,0.03369804041563239,0.0962557732871519,0.8663019595843681,20.31102638392506
1360,272.1814543028686,4.583333333333334,0.2,0.5,0.3333333333333333,0.0037442267128480386,0.03369804041563239,0.0962557732871519,0.8663019595843681,20.31102638392506
1361,272.3815877251501,4.583333333333334,0.2,0.5,0.3333333333333333,0.0037442267128480386,0.03369804041563239,0.0962557732871519,0.8663019595843681,20.31102638392506
1362,272.5817211474316,4.583333333333334,0.2,0.5,0.3333333333333333,0.0037442267128480386,0.03369804041563239,0.0962557732871519,0.8663019595843681,20.31102638392506
1363,272.7818545697131,4.583333333333334,0.2,0.5,0.3333333333333333,0.0037442267128480386,0.03369804041563239,0.0962557732871519,0.8663019595843681,20.31102638392506
1364,272.98198799199463,4.583333333333334,0.2,0.5,0.3333333333333333,0.0037442267128480386,0.03369804041563239,0.0962557732871519,0.8663019595843681,20.31102638392506
1365,273.1821214142762,4.583333333333334,0.2,0.5,0.3333333333333333,0.0037442267128480386,0.03369804041563239,0.0962557732871519,0.8663019595843681,20.31102638392506
1366,273.3822548365577,4.583333333333334,0.2,0.5,0.3333333333333333,0.0037442267128480386,0.03369804041563239,0.0962557732871519,0.8663019595843681,20.31102638392506
1367,273.5823882588392,4.583333333333334,0.2,0.5,0.3333333333333333,0.0037442267128480386,0.03369804041563239,0.0962557732871519,0.8663019595843681,20.31102638392506
1368,273.7825216811207,4.583333333333334,0.2,0.5,0.3333333333333333,0.0037442267128480386,0.03369804041563239,0.0962557732871519,0.8663019595843681,20.31102638392506
1369,273.98265510340224,4.583333333333334,0.2,0.5,0.3333333333333333,0.0037442267128480386,0.03369804041563239,0.0962557732871519,0.8663019595843681,20.31102638392506
1370,274.1827885256838,4.583333333333334,0.2,0.5,0.3333333333333333,0.0037442267128480386,0.03369804041563239,0.0962557732871519,0.8663019595843681,20.31102638392506
1371,274.3829219479653,4.583333333333334,0.2,0.5,0.3333333333333333,0.0037442267128480386,0.03369804041563239,0.0962557732871519,0.8663019595843681,20.31102638392506
1372,274.5830553702468,4.583333333333334,0.2,0.5,0.3333333333333333,0.0037442267128480386,0.03369804041563239,0.0962557732871519,0.8663019595843681,20.31102638392506
1373,274.78318879252834,4.583333333333334,0.2,0.5,0.3333333333333333,0.0037442267128480386,0.03369804041563239,0.0962557732871519,0.8663019595843681,20.31102638392506
1374,274.98332221480985,4.583333333333334,0.2,0.5,0.3333333333333333,0.0037442267128480386,0.03369804041563239,0.0962557732871519,0.8663019595843681,20.31102638392506
1375,275.18345563709136,4.583333333333334,0.2,0.5,0.3333333333333333,0.0037442267128480386,0.03369804041563239,0.0962557732871519,0.8663019595843681,20.31102638392506
1376,275.3835890593729,4.583333333333334,0.2,0.5,0.3333333333333333,0.0037442267128480386,0.03369804041563239,0.0962557732871519,0.8663019595843681,20.31102638392506
1377,275.58372248165443,4.583333333333334,0.2,0.5,0.3333333333333333,0.0037442267128480386,0.03369804041563239,0.0962557732871519,0.8663019595843681,20.31102638392506
1378,275.78385590393594,4.583333333333334,0.2,0.5,0.3333333333333333,0.0037442267128480386,0.03369804041563239,0.0962557732871519,0.8663019595843681,20.31102638392506
1379,275.98398932621745,4.583333333333334,0.2,0.5,0.3333333333333333,0.0037442267128480386,0.03369804041563239,0.0962557732871519,0.8663019595843681,20.31102638392506
1380,276.18412274849896,4.583333333333334,0.2,0.5,0.3333333333333333,0.0037442267128480386,0.03369804041563239,0.0962557732871519,0.8663019595843681,20.31102638392506
1381,276.38425617078053,4.583333333333334,0.2,0.5,0.3333333333333333,0.0037442267128480386,0.03369804041563239,0.0962557732871519,0.8663019595843681,20.31102638392506
1382,276.58438959306204,4.583333333333334,0.2,0.5,0.3333333333333333,0.0037442267128480386,0.03369804041563239,0.0962557732871519,0.8663019595843681,20.31102638392506
1383,276.78452301534355,4.583333333333334,0.2,0.5,0.3333333333333333,0.0037442267128480386,0.03369804041563239,0.0962557732871519,0.8663019595843681,20.31102638392506
1384,276.98465643762506,4.583333333333334,0.2,0.5,0.3333333333333333,0.0037442267128480386,0.03369804041563239,0.0962557732871519,0.8663019595843681,20.31102638392506
1385,277.1847898599066,4.583333333333334,0.2,0.5,0.3333333333333333,0.0037442267128480386,0.03369804041563239,0.0962557732871519,0.8663019595843681,20.31102638392506
1386,277.38492328218814,4.583333333333334,0.2,0.5,0.3333333333333333,0.0037442267128480386,0.03369804041563239,0.0962557732871519,0.8663019595843681,20.31102638392506
1387,277.58505670446965,4.583333333333334,0.2,0.5,0.3333333333333333,0.0037442267128480386,0.03369804041563239,0.0962557732871519,0.8663019595843681,20.31102638392506
1388,277.78519012675116,4.583333333333334,0.2,0.5,0.3333333333333333,0.0037442267128480386,0.03369804041563239,0.0962557732871519,0.8663019595843681,20.31102638392506
1389,277.98532354903267,4.583333333333334,0.2,0.5,0.3333333333333333,0.0037442267128480386,0.03369804041563239,0.0962557732871519,0.8663019595843681,20.31102638392506
1390,278.1854569713142,4.583333333333334,0.2,0.5,0.3333333333333333,0.0037442267128480386,0.03369804041563239,0.0962557732871519,0.8663019595843681,20.31102638392506
1391,278.3855903935957,4.583333333333334,0.2,0.5,0.3333333333333333,0.0037442267128480386,0.03369804041563239,0.0962557732871519,0.8663019595843681,20.31102638392506
1392,278.58572381587726,4.583333333333334,0.2,0.5,0.3333333333333333,0.0037442267128480386,0.03369804041563239,0.0962557732871519,0.8663019595843681,20.31102638392506
1393,278.78585723815877,4.583333333333334,0.2,0.5,0.3333333333333333,0.0037442267128480386,0.03369804041563239,0.0962557732871519,0.8663019595843681,20.31102638392506
1394,278.9859906604403,4.583333333333334,0.2,0.5,0.3333333333333333,0.0037442267128480386,0.03369804041563239,0.0962557732871519,0.8663019595843681,20.31102638392506
1395,279.1861240827218,4.583333333333334,0.2,0.5,0.3333333333333333,0.0037442267128480386,0.03369804041563239,0.0962557732871519,0.8663019595843681,20.31102638392506
1396,279.3862575050033,4.583333333333334,0.2,0.5,0.3333333333333333,0.0037442267128480386,0.03369804041563239,0.0962557732871519,0.8663019595843681,20.31102638392506
1397,279.58639092728487,4.583333333333334,0.2,0.5,0.3333333333333333,0.0037442267128480386,0.03369804041563239,0.0962557732871519,0.8663019595843681,20.31102638392506
1398,279.7865243495664,4.583333333333334,0.2,0.5,0.3333333333333333,0.0037442267128480386,0.03369804041563239,0.0962557732871519,0.8663019595843681,20.31102638392506
1399,279.9866577718479,4.583333333333334,0.2,0.5,0.3333333333333333,0.0037442267128480386,0.03369804041563239,0.0962557732871519,0.8663019595843681,20.31102638392506
1400,280.1867911941294,4.583333333333334,0.2,0.5,0.3333333333333333,0.0037442267128480386,0.03369804041563239,0.0962557732871519,0.8663019595843681,20.31102638392506
1401,280.3869246164109,4.583333333333334,0.2,0.5,0.3333333333333333,0.0037442267128480386,0.03369804041563239,0.0962557732871519,0.8663019595843681,20.31102638392506
1402,280.5870580386925,4.583333333333334,0.2,0.5,0.3333333333333333,0.0037442267128480386,0.03369804041563239,0.0962557732871519,0.8663019595843681,20.31102638392506
1403,280.787191460974,4.583333333333334,0.2,0.5,0.3333333333333333,0.0037442267128480386,0.03369804041563239,0.0962557732871519,0.8663019595843681,20.31102638392506
1404,280.9873248832555,4.583333333333334,0.2,0.5,0.3333333333333333,0.0037442267128480386,0.03369804041563239,0.0962557732871519,0.8663019595843681,20.31102638392506
1405,281.187458305537,4.583333333333334,0.2,0.5,0.3333333333333333,0.0037442267128480386,0.03369804041563239,0.0962557732871519,0.8663019595843681,20.31102638392506
1406,281.3875917278185,4.583333333333334,0.2,0.5,0.3333333333333333,0.0037442267128480386,0.03369804041563239,0.0962557732871519,0.8663019595843681,20.31102638392506
1407,281.5877251501,4.583333333333334,0.2,0.5,0.3333333333333333,0.0037442267128480386,0.03369804041563239,0.0962557732871519,0.8663019595843681,20.31102638392506
1408,281.7878585723816,4.583333333333334,0.2,0.5,0.3333333333333333,0.0037442267128480386,0.03369804041563239,0.0962557732871519,0.8663019595843681,20.31102638392506
1409,281.9879919946631,4.583333333333334,0.2,0.5,0.3333333333333333,0.0037442267128480386,0.03369804041563239,0.0962557732871519,0.8663019595843681,20.31102638392506
1410,282.1881254169446,4.583333333333334,0.2,0.5,0.3333333333333333,0.0037442267128480386,0.03369804041563239,0.0962557732871519,0.8663019595843681,20.31102638392506
1411,282.3882588392261,4.583333333333334,0.2,0.5,0.3333333333333333,0.0037442267128480386,0.03369804041563239,0.0962557732871519,0.8663019595843681,20.31102638392506
1412,282.58839226150764,4.583333333333334,0.2,0.5,0.3333333333333333,0.0037442267128480386,0.03369804041563239,0.0962557732871519,0.8663019595843681,20.31102638392506
1413,282.7885256837892,4.583333333333334,0.2,0.5,0.3333333333333333,0.0037442267128480386,0.03369804041563239,0.0962557732871519,0.8663019595843681,20.31102638392506
1414,282.9886591060707,4.583333333333334,0.2,0.5,0.3333333333333333,0.0037442267128480386,0.03369804041563239,0.0962557732871519,0.8663019595843681,20.31102638392506
1415,283.1887925283522,4.583333333333334,0.2,0.5,0.3333333333333333,0.0037442267128480386,0.03369804041563239,0.0962557732871519,0.8663019595843681,20.31102638392506
1416,283.38892595063373,4.583333333333334,0.2,0.5,0.3333333333333333,0.0037442267128480386,0.03369804041563239,0.0962557732871519,0.8663019595843681,20.31102638392506
1417,283.58905937291524,4.583333333333334,0.2,0.5,0.3333333333333333,0.0037442267128480386,0.03369804041563239,0.0962557732871519,0.8663019595843681,20.31102638392506
1418,283.7891927951968,4.583333333333334,0.2,0.5,0.3333333333333333,0.0037442267128480386,0.03369804041563239,0.0962557732871519,0.8663019595843681,20.31102638392506
1419,283.9893262174783,4.583333333333334,0.2,0.5,0.3333333333333333,0.0037442267128480386,0.03369804041563239,0.0962557732871519,0.8663019595843681,20.31102638392506
1420,284.18945963975983,4.583333333333334,0.2,0.5,0.3333333333333333,0.0037442267128480386,0.03369804041563239,0.0962557732871519,0.8663019595843681,20.31102638392506
1421,284.38959306204134,4.583333333333334,0.2,0.5,0.3333333333333333,0.0037442267128480386,0.03369804041563239,0.0962557732871519,0.8663019595843681,20.31102638392506
1422,284.58972648432285,4.583333333333334,0.2,0.5,0.3333333333333333,0.0037442267128480386,0.03369804041563239,0.0962557732871519,0.8663019595843681,20.31102638392506
1423,284.7898599066044,4.583333333333334,0.2,0.5,0.3333333333333333,0.0037442267128480386,0.03369804041563239,0.0962557732871519,0.8663019595843681,20.31102638392506
1424,284.98999332888593,4.583333333333334,0.2,0.5,0.3333333333333333,0.0037442267128480386,0.03369804041563239,0.0962557732871519,0.8663019595843681,20.31102638392506
1425,285.19012675116744,4.583333333333334,0.2,0.5,0.3333333333333333,0.0037442267128480386,0.03369804041563239,0.0962557732871519,0.8663019595843681,20.31102638392506
1426,285.39026017344895,4.583333333333334,0.2,0.5,0.3333333333333333,0.0037442267128480386,0.03369804041563239,0.0962557732871519,0.8663019595843681,20.31102638392506
1427,285.59039359573046,4.583333333333334,0.2,0.5,0.3333333333333333,0.0037442267128480386,0.03369804041563239,0.0962557732871519,0.8663019595843681,20.31102638392506
1428,285.79052701801197,4.583333333333334,0.2,0.5,0.3333333333333333,0.0037442267128480386,0.03369804041563239,0.0962557732871519,0.8663019595843681,20.31102638392506
1429,285.99066044029354,4.583333333333334,0.2,0.5,0.3333333333333333,0.0037442267128480386,0.03369804041563239,0.0962557732871519,0.8663019595843681,20.31102638392506
1430,286.19079386257505,4.583333333333334,0.2,0.5,0.3333333333333333,0.0037442267128480386,0.03369804041563239,0.0962557732871519,0.8663019595843681,20.31102638392506
1431,286.39092728485656,4.583333333333334,0.2,0.5,0.3333333333333333,0.0037442267128480386,0.03369804041563239,0.0962557732871519,0.8663019595843681,20.31102638392506
1432,286.59106070713807,4.583333333333334,0.2,0.5,0.3333333333333333,0.0037442267128480386,0.03369804041563239,0.0962557732871519,0.8663019595843681,20.31102638392506
1433,286.7911941294196,4.583333333333334,0.2,0.5,0.3333333333333333,0.0037442267128480386,0.03369804041563239,0.0962557732871519,0.8663019595843681,20.31102638392506
1434,286.99132755170115,4.583333333333334,0.2,0.5,0.3333333333333333,0.0037442267128480386,0.03369804041563239,0.0962557732871519,0.8663019595843681,20.31102638392506
1435,287.19146097398266,4.583333333333334,0.2,0.5,0.3333333333333333,0.0037442267128480386,0.03369804041563239,0.0962557732871519,0.8663019595843681,20.31102638392506
1436,287.39159439626417,4.583333333333334,0.2,0.5,0.3333333333333333,0.0037442267128480386,0.03369804041563239,0.0962557732871519,0.8663019595843681,20.31102638392506
1437,287.5917278185457,4.583333333333334,0.2,0.5,0.3333333333333333,0.0037442267128480386,0.03369804041563239,0.0962557732871519,0.8663019595843681,20.31102638392506
1438,287.7918612408272,4.583333333333334,0.2,0.5,0.3333333333333333,0.0037442267128480386,0.03369804041563239,0.0962557732871519,0.8663019595843681,20.31102638392506
1439,287.99199466310876,4.583333333333334,0.2,0.5,0.3333333333333333,0.0037442267128480386,0.03369804041563239,0.0962557732871519,0.8663019595843681,20.31102638392506
1440,288.19212808539027,4.583333333333334,0.2,0.5,0.3333333333333333,0.0037442267128480386,0.03369804041563239,0.0962557732871519,0.8663019595843681,20.31102638392506
1441,288.3922615076718,4.583333333333334,0.2,0.5,0.3333333333333333,0.0037442267128480386,0.03369804041563239,0.0962557732871519,0.8663019595843681,20.31102638392506
1442,288.5923949299533,4.583333333333334,0.2,0.5,0.3333333333333333,0.0037442267128480386,0.03369804041563239,0.0962557732871519,0.8663019595843681,20.31102638392506
1443,288.7925283522348,4.583333333333334,0.2,0.5,0.3333333333333333,0.0037442267128480386,0.03369804041563239,0.0962557732871519,0.8663019595843681,20.31102638392506
1444,288.9926617745163,4.583333333333334,0.2,0.5,0.3333333333333333,0.0037442267128480386,0.03369804041563239,0.0962557732871519,0.8663019595843681,20.31102638392506
1445,289.1927951967979,4.583333333333334,0.2,0.5,0.3333333333333333,0.0037442267128480386,0.03369804041563239,0.0962557732871519,0.8663019595843681,20.31102638392506
1446,289.3929286190794,4.583333333333334,0.2,0.5,0.3333333333333333,0.0037442267128480386,0.03369804041563239,0.0962557732871519,0.8663019595843681,20.31102638392506
1447,289.5930620413609,4.583333333333334,0.2,0.5,0.3333333333333333,0.0037442267128480386,0.03369804041563239,0.0962557732871519,0.8663019595843681,20.31102638392506
1448,289.7931954636424,4.583333333333334,0.2,0.5,0.3333333333333333,0.0037442267128480386,0.03369804041563239,0.0962557732871519,0.8663019595843681,20.31102638392506
1449,289.9933288859239,4.583333333333334,0.2,0.5,0.3333333333333333,0.0037442267128480386,0.03369804041563239,0.0962557732871519,0.8663019595843681,20.31102638392506
1450,290.1934623082055,4.583333333333334,0.2,0.5,0.3333333333333333,0.0037442267128480386,0.03369804041563239,0.0962557732871519,0.8663019595843681,20.31102638392506
1451,290.393595730487,4.583333333333334,0.2,0.5,0.3333333333333333,0.0037442267128480386,0.03369804041563239,0.0962557732871519,0.8663019595843681,20.31102638392506
1452,290.5937291527685,4.583333333333334,0.2,0.5,0.3333333333333333,0.0037442267128480386,0.03369804041563239,0.0962557732871519,0.8663019595843681,20.31102638392506
1453,290.79386257505,4.583333333333334,0.2,0.5,0.3333333333333333,0.0037442267128480386,0.03369804041563239,0.0962557732871519,0.8663019595843681,20.31102638392506
1454,290.9939959973315,4.583333333333334,0.2,0.5,0.3333333333333333,0.0037442267128480386,0.03369804041563239,0.0962557732871519,0.8663019595843681,20.31102638392506
1455,291.1941294196131,4.583333333333334,0.2,0.5,0.3333333333333333,0.0037442267128480386,0.03369804041563239,0.0962557732871519,0.8663019595843681,20.31102638392506
1456,291.3942628418946,4.583333333333334,0.2,0.5,0.3333333333333333,0.0037442267128480386,0.03369804041563239,0.0962557732871519,0.8663019595843681,20.31102638392506
1457,291.5943962641761,4.583333333333334,0.2,0.5,0.3333333333333333,0.0037442267128480386,0.03369804041563239,0.0962557732871519,0.8663019595843681,20.31102638392506
1458,291.7945296864576,4.583333333333334,0.2,0.5,0.3333333333333333,0.0037442267128480386,0.03369804041563239,0.0962557732871519,0.8663019595843681,20.31102638392506
1459,291.99466310873913,4.583333333333334,0.2,0.5,0.3333333333333333,0.0037442267128480386,0.03369804041563239,0.0962557732871519,0.8663019595843681,20.31102638392506
1460,292.19479653102064,4.583333333333334,0.2,0.5,0.3333333333333333,0.0037442267128480386,0.03369804041563239,0.0962557732871519,0.8663019595843681,20.31102638392506
1461,292.3949299533022,4.583333333333334,0.2,0.5,0.3333333333333333,0.0037442267128480386,0.03369804041563239,0.0962557732871519,0.8663019595843681,20.31102638392506
1462,292.5950633755837,4.583333333333334,0.2,0.5,0.3333333333333333,0.0037442267128480386,0.03369804041563239,0.0962557732871519,0.8663019595843681,20.31102638392506
1463,292.79519679786523,4.583333333333334,0.2,0.5,0.3333333333333333,0.0037442267128480386,0.03369804041563239,0.0962557732871519,0.8663019595843681,20.31102638392506
1464,292.99533022014674,4.583333333333334,0.2,0.5,0.3333333333333333,0.0037442267128480386,0.03369804041563239,0.0962557732871519,0.8663019595843681,20.31102638392506
1465,293.19546364242825,4.583333333333334,0.2,0.5,0.3333333333333333,0.0037442267128480386,0.03369804041563239,0.0962557732871519,0.8663019595843681,20.31102638392506
1466,293.3955970647098,4.583333333333334,0.2,0.5,0.3333333333333333,0.0037442267128480386,0.03369804041563239,0.0962557732871519,0.8663019595843681,20.31102638392506
1467,293.59573048699133,4.583333333333334,0.2,0.5,0.3333333333333333,0.0037442267128480386,0.03369804041563239,0.0962557732871519,0.8663019595843681,20.31102638392506
1468,293.79586390927284,4.583333333333334,0.2,0.5,0.3333333333333333,0.0037442267128480386,0.03369804041563239,0.0962557732871519,0.8663019595843681,20.31102638392506
1469,293.99599733155435,4.583333333333334,0.2,0.5,0.3333333333333333,0.0037442267128480386,0.03369804041563239,0.0962557732871519,0.8663019595843681,20.31102638392506
1470,294.19613075383586,4.583333333333334,0.2,0.5,0.3333333333333333,0.0037442267128480386,0.03369804041563239,0.0962557732871519,0.8663019595843681,20.31102638392506
1471,294.3962641761174,4.583333333333334,0.2,0.5,0.3333333333333333,0.0037442267128480386,0.03369804041563239,0.0962557732871519,0.8663019595843681,20.31102638392506
1472,294.59639759839894,4.583333333333334,0.2,0.5,0.3333333333333333,0.0037442267128480386,0.03369804041563239,0.0962557732871519,0.8663019595843681,20.31102638392506
1473,294.79653102068045,4.583333333333334,0.2,0.5,0.3333333333333333,0.0037442267128480386,0.03369804041563239,0.0962557732871519,0.8663019595843681,20.31102638392506
1474,294.99666444296196,4.583333333333334,0.2,0.5,0.3333333333333333,0.0037442267128480386,0.03369804041563239,0.0962557732871519,0.8663019595843681,20.31102638392506
1475,295.19679786524347,4.583333333333334,0.2,0.5,0.3333333333333333,0.0037442267128480386,0.03369804041563239,0.0962557732871519,0.8663019595843681,20.31102638392506
1476,295.396931287525,4.583333333333334,0.2,0.5,0.3333333333333333,0.0037442267128480386,0.03369804041563239,0.0962557732871519,0.8663019595843681,20.31102638392506
1477,295.59706470980655,4.583333333333334,0.2,0.5,0.3333333333333333,0.0037442267128480386,0.03369804041563239,0.0962557732871519,0.8663019595843681,20.31102638392506
1478,295.79719813208806,4.583333333333334,0.2,0.5,0.3333333333333333,0.0037442267128480386,0.03369804041563239,0.0962557732871519,0.8663019595843681,20.31102638392506
1479,295.99733155436957,4.583333333333334,0.2,0.5,0.3333333333333333,0.0037442267128480386,0.03369804041563239,0.0962557732871519,0.8663019595843681,20.31102638392506
1480,296.1974649766511,4.583333333333334,0.2,0.5,0.3333333333333333,0.0037442267128480386,0.03369804041563239,0.0962557732871519,0.8663019595843681,20.31102638392506
1481,296.3975983989326,4.583333333333334,0.2,0.5,0.3333333333333333,0.0037442267128480386,0.03369804041563239,0.0962557732871519,0.8663019595843681,20.31102638392506
1482,296.59773182121415,4.583333333333334,0.2,0.5,0.3333333333333333,0.0037442267128480386,0.03369804041563239,0.0962557732871519,0.8663019595843681,20.31102638392506
1483,296.79786524349566,4.583333333333334,0.2,0.5,0.3333333333333333,0.0037442267128480386,0.03369804041563239,0.0962557732871519,0.8663019595843681,20.31102638392506
1484,296.9979986657772,4.583333333333334,0.2,0.5,0.3333333333333333,0.0037442267128480386,0.03369804041563239,0.0962557732871519,0.8663019595843681,20.31102638392506
1485,297.1981320880587,4.583333333333334,0.2,0.5,0.3333333333333333,0.0037442267128480386,0.03369804041563239,0.0962557732871519,0.8663019595843681,20.31102638392506
1486,297.3982655103402,4.583333333333334,0.2,0.5,0.3333333333333333,0.0037442267128480386,0.03369804041563239,0.0962557732871519,0.8663019595843681,20.31102638392506
1487,297.59839893262176,4.583333333333334,0.2,0.5,0.3333333333333333,0.0037442267128480386,0.03369804041563239,0.0962557732871519,0.8663019595843681,20.31102638392506
1488,297.7985323549033,4.583333333333334,0.2,0.5,0.3333333333333333,0.0037442267128480386,0.03369804041563239,0.0962557732871519,0.8663019595843681,20.31102638392506
1489,297.9986657771848,4.583333333333334,0.2,0.5,0.3333333333333333,0.0037442267128480386,0.03369804041563239,0.0962557732871519,0.8663019595843681,20.31102638392506
1490,298.1987991994663,4.583333333333334,0.2,0.5,0.3333333333333333,0.0037442267128480386,0.03369804041563239,0.0962557732871519,0.8663019595843681,20.31102638392506
1491,298.3989326217478,4.583333333333334,0.2,0.5,0.3333333333333333,0.0037442267128480386,0.03369804041563239,0.0962557732871519,0.8663019595843681,20.31102638392506
1492,298.5990660440293,4.583333333333334,0.2,0.5,0.3333333333333333,0.0037442267128480386,0.03369804041563239,0.0962557732871519,0.8663019595843681,20.31102638392506
1493,298.7991994663109,4.583333333333334,0.2,0.5,0.3333333333333333,0.0037442267128480386,0.03369804041563239,0.0962557732871519,0.8663019595843681,20.31102638392506
1494,298.9993328885924,4.583333333333334,0.2,0.5,0.3333333333333333,0.0037442267128480386,0.03369804041563239,0.0962557732871519,0.8663019595843681,20.31102638392506
1495,299.1994663108739,4.583333333333334,0.2,0.5,0.3333333333333333,0.0037442267128480386,0.03369804041563239,0.0962557732871519,0.8663019595843681,20.31102638392506
1496,299.3995997331554,4.583333333333334,0.2,0.5,0.3333333333333333,0.0037442267128480386,0.03369804041563239,0.0962557732871519,0.8663019595843681,20.31102638392506
1497,299.5997331554369,4.583333333333334,0.2,0.5,0.3333333333333333,0.0037442267128480386,0.03369804041563239,0.0962557732871519,0.8663019595843681,20.31102638392506
1498,299.7998665777185,4.583333333333334,0.2,0.5,0.3333333333333333,0.0037442267128480386,0.03369804041563239,0.0962557732871519,0.8663019595843681,20.31102638392506
1499,300.0,4.583333333333334,0.2,0.5,0.3333333333333333,0.0037442267128480386,0.03369804041563239,0.0962557732871519,0.8663019595843681,20.31102638392506
