,time,sigma,beta,S,I,C,D
0,0.0,0.14,0.54,0.9998,0.0002,0.5,0.5
1,0.5016722408026756,0.14,0.54,0.9997849426144568,0.00021505738554333117,0.47911039172729125,0.5208896082727088
2,1.0033444816053512,0.14,0.54,0.9997678902702957,0.00023210972970446548,0.4582936517790143,0.5417063482209856
3,1.5050167224080266,0.14,0.54,0.9997485205691519,0.00025147943084818686,0.4376216005865728,0.5623783994134273
4,2.0066889632107023,0.14,0.54,0.9997264539652502,0.0002735460347498245,0.417164041356601,0.582835958643399
5,2.508361204013378,0.14,0.54,0.999701243179396,0.0002987568206040308,0.3969878643082809,0.6030121356917191
6,3.0100334448160533,0.14,0.54,0.9996723596242965,0.00032764037570358025,0.37715619538456224,0.6228438046154378
7,3.511705685618729,0.14,0.54,0.9996391785362747,0.00036082146372538133,0.3577277003114829,0.6422722996885171
8,4.013377926421405,0.14,0.54,0.9996009580447361,0.0003990419552639527,0.3387558702804987,0.6612441297195013
9,4.51505016722408,0.14,0.54,0.9995568180019015,0.0004431819980985448,0.32028865475690776,0.6797113452430922
10,5.016722408026756,0.14,0.54,0.9995057114854843,0.0004942885145159276,0.30236805909006503,0.697631940909935
11,5.518394648829432,0.14,0.54,0.9994463913413177,0.0005536086586823504,0.2850299444435436,0.7149700555564563
12,6.020066889632107,0.14,0.54,0.9993773696552284,0.0006226303447718411,0.26830395681347946,0.7316960431865205
13,6.521739130434782,0.14,0.54,0.9992968683523272,0.0007031316476730158,0.25221358159465085,0.7477864184053491
14,7.023411371237458,0.14,0.54,0.9992027649844396,0.0007972350155606656,0.23677623933415706,0.7632237606658429
15,7.525083612040134,0.14,0.54,0.9990925133014376,0.0009074866985627967,0.22200366619860115,0.7779963338013988
16,8.02675585284281,0.14,0.54,0.9989630625126573,0.0010369374873430933,0.2079021860810171,0.7920978139189828
17,8.528428093645484,0.14,0.54,0.9988107529226121,0.0011892470773883425,0.19447302275303888,0.805526977246961
18,9.03010033444816,0.14,0.54,0.9986311902954418,0.0013688097045585642,0.18171288156349366,0.8182871184365061
19,9.531772575250836,0.14,0.54,0.99841909348864,0.0015809065113603497,0.16961433794239114,0.8303856620576087
20,10.033444816053512,0.14,0.54,0.9981681119993722,0.001831888000628159,0.15816634116180325,0.8418336588381965
21,10.535117056856187,0.14,0.54,0.9978706060874682,0.002129393912532065,0.14735471048912027,0.8526452895108795
22,11.036789297658864,0.14,0.54,0.9975173810582042,0.002482618941796123,0.1371626066556281,0.8628373933443715
23,11.538461538461538,0.14,0.54,0.9970973679155488,0.002902632084451507,0.12757099264530927,0.8724290073546903
24,12.040133779264213,0.14,0.54,0.9965972409108853,0.0034027590891150252,0.118559069566856,0.8814409304331436
25,12.54180602006689,0.14,0.54,0.9960009574044015,0.003999042595598822,0.11010467978151198,0.8898953202184876
26,13.043478260869565,0.14,0.54,0.9952892188389081,0.004710781161092299,0.1021846798433581,0.8978153201566416
27,13.545150501672241,0.14,0.54,0.9944388092626829,0.0055611907373174976,0.09477526971168389,0.9052247302883158
28,14.046822742474916,0.14,0.54,0.993421837718997,0.006578162281003407,0.08785229285261553,0.9121477071473842
29,14.548494983277592,0.14,0.54,0.9922048279205641,0.00779517207943634,0.08139149556874933,0.9186085044312504
30,15.050167224080267,0.14,0.54,0.990747666311884,0.009252333688116367,0.07536875293042333,0.9246312470695764
31,15.551839464882944,0.14,0.54,0.989002395366961,0.010997604633039303,0.06976025912198136,0.9302397408780184
32,16.05351170568562,0.14,0.54,0.9869118162457664,0.013088183754233977,0.06454268830008793,0.9354573116999119
33,16.555183946488295,0.14,0.54,0.984407953239541,0.015592046760459409,0.059693325296215884,0.9403066747037839
34,17.05685618729097,0.14,0.54,0.9814103517269647,0.018589648273035733,0.055190169251728996,0.9448098307482707
35,17.558528428093645,0.14,0.54,0.9778242969081585,0.022175703091841928,0.05101201620742569,0.9489879837925742
36,18.06020066889632,0.14,0.54,0.9735390131320082,0.026460986867992236,0.047138516784672596,0.9528614832153273
37,18.561872909698998,0.14,0.54,0.9684259733267222,0.031574026673278056,0.04355021852934346,0.9564497814706564
38,19.06354515050167,0.14,0.54,0.9623376330263262,0.0376623669736741,0.04022859004460451,0.9597714099553953
39,19.565217391304348,0.14,0.54,0.9551067207391739,0.04489327926082647,0.03715603081544972,0.9628439691845502
40,20.066889632107024,0.14,0.54,0.9465466588029908,0.05345334119700947,0.034315869102763547,0.9656841308972363
41,20.568561872909697,0.14,0.54,0.9364535931077763,0.063546406892224,0.03169234882341722,0.9683076511765827
42,21.070234113712374,0.14,0.54,0.9246106955217644,0.075389304478236,0.02927060703104871,0.9707293929689512
43,21.57190635451505,0.14,0.54,0.9107955025644376,0.08920449743556269,0.027036643147036916,0.972963356852963
44,22.073578595317727,0.14,0.54,0.8947908665376387,0.10520913346236145,0.02497728171022953,0.9750227182897703
45,22.5752508361204,0.14,0.54,0.8764001289195389,0.12359987108046135,0.023080129220907446,0.9769198707790925
46,23.076923076923077,0.14,0.54,0.8554662356117421,0.1445337643882582,0.021333527157501433,0.9786664728424984
47,23.578595317725753,0.14,0.54,0.8318946919983176,0.1681053080016827,0.019726502067334492,0.9802734979326653
48,24.080267558528426,0.14,0.54,0.8056772845175155,0.19432271548248475,0.018248716085243453,0.9817512839147564
49,24.581939799331103,0.14,0.54,0.7769148937349805,0.22308510626501976,0.016890418841175845,0.9831095811588241
50,25.08361204013378,0.14,0.54,0.745834288454487,0.2541657115455133,0.01564240457354895,0.984357595426451
51,25.585284280936456,0.14,0.54,0.7127949707756183,0.2872050292243819,0.014495976416010662,0.9855040235839893
52,26.08695652173913,0.14,0.54,0.6782820725752708,0.3217179274247293,0.013442920168340696,0.9865570798316592
53,26.588628762541806,0.14,0.54,0.6428835921631436,0.3571164078368565,0.012475488444008797,0.987524511555991
54,27.090301003344482,0.14,0.54,0.6072531560185767,0.3927468439814234,0.01158639475355443,0.9884136052464454
55,27.59197324414716,0.14,0.54,0.572062849566633,0.427937150433367,0.01076881541886715,0.9892311845811327
56,28.093645484949832,0.14,0.54,0.5379530695485484,0.4620469304514517,0.010016395917055656,0.9899836040829442
57,28.59531772575251,0.14,0.54,0.5054872074764245,0.4945127925235756,0.009323257518591142,0.9906767424814087
58,29.096989966555185,0.14,0.54,0.4751176925370924,0.5248823074629078,0.008684000262709693,0.9913159997372901
59,29.598662207357858,0.14,0.54,0.4471672167541417,0.5528327832458586,0.00809369918917246,0.9919063008108274
60,30.100334448160535,0.14,0.54,0.42182545266759003,0.5781745473324101,0.007547892316226369,0.9924521076837735
61,30.60200668896321,0.14,0.54,0.3991589788772269,0.6008410211227733,0.0070425601965394494,0.9929574398034604
62,31.103678929765888,0.14,0.54,0.37913032233359534,0.6208696776664049,0.006574098242005376,0.9934259017579945
63,31.60535117056856,0.14,0.54,0.3616214950680571,0.6383785049319431,0.006139283863870524,0.9938607161361294
64,32.10702341137124,0.14,0.54,0.3464582584929391,0.6535417415070611,0.005735240648851784,0.9942647593511482
65,32.608695652173914,0.14,0.54,0.33343226269879417,0.6665677373012062,0.005359401711555678,0.9946405982884443
66,33.11036789297659,0.14,0.54,0.32231948810142264,0.6776805118985778,0.005009473993438653,0.9949905260065613
67,33.61204013377927,0.14,0.54,0.312894391240393,0.6871056087596075,0.004683404812387389,0.9953165951876126
68,34.11371237458194,0.14,0.54,0.3049399524467031,0.6950600475532973,0.004379351392077786,0.9956206486079223
69,34.61538461538461,0.14,0.54,0.2982541418391148,0.7017458581608856,0.004095653763882486,0.9959043462361177
70,35.11705685618729,0.14,0.54,0.2926535368655383,0.7073464631344621,0.0038308110844274055,0.9961691889155729
71,35.618729096989966,0.14,0.54,0.2879748231464522,0.7120251768535483,0.0035834612061478367,0.9964165387938525
72,36.12040133779264,0.14,0.54,0.28407476124033226,0.715925238759668,0.003352363242296517,0.9966476367577037
73,36.62207357859532,0.14,0.54,0.28082932319541104,0.7191706768045892,0.003136382718267464,0.9968636172817329
74,37.123745819397996,0.14,0.54,0.27813210471608685,0.7218678952839134,0.0029344790303788885,0.9970655209696215
75,37.625418060200666,0.14,0.54,0.2758925415508139,0.7241074584491864,0.002745694816836608,0.9972543051831638
76,38.12709030100334,0.14,0.54,0.27403406745116526,0.7259659325488349,0.0025691469615632145,0.9974308530384373
77,38.62876254180602,0.14,0.54,0.2724922790797098,0.7275077209202903,0.00240401892719079,0.9975959810728097
78,39.130434782608695,0.14,0.54,0.27121322855900887,0.7287867714409912,0.0022495542065528655,0.9977504457934475
79,39.63210702341137,0.14,0.54,0.2701518898092738,0.7298481101907263,0.0021050506999252903,0.997894949300075
80,40.13377926421405,0.14,0.54,0.2692707813290378,0.7307292186709622,0.0019698558415483488,0.9980301441584519
81,40.635451505016725,0.14,0.54,0.2685387772067492,0.7314612227932509,0.001843362342670026,0.9981566376573303
82,41.137123745819395,0.14,0.54,0.2679300745159169,0.7320699254840831,0.001725004477290183,0.9982749955227102
83,41.63879598662207,0.14,0.54,0.26742331190565577,0.7325766880943443,0.0016142547780112195,0.9983857452219891
84,42.14046822742475,0.14,0.54,0.2670008284638791,0.7329991715361208,0.0015106210922712082,0.9984893789077292
85,42.642140468227424,0.14,0.54,0.2666480355012689,0.7333519644987311,0.0014136439487984294,0.9985863560512019
86,43.1438127090301,0.14,0.54,0.266352889751889,0.733647110248111,0.0013228941787763273,0.998677105821224
87,43.64548494983278,0.14,0.54,0.26610545341873854,0.7338945465812615,0.0012379707573774458,0.9987620292426229
88,44.147157190635454,0.14,0.54,0.2658975290614226,0.7341024709385774,0.0011584988369081149,0.9988415011630923
89,44.64882943143812,0.14,0.54,0.26572235589057847,0.7342776441094215,0.001084127946862792,0.9989158720531377
90,45.1505016722408,0.14,0.54,0.26557435803678864,0.7344256419632114,0.001014530338741485,0.998985469661259
91,45.65217391304348,0.14,0.54,0.26544893638653666,0.7345510636134633,0.0009493994601736456,0.9990506005398269
92,46.15384615384615,0.14,0.54,0.265342296509109,0.7346577034908911,0.0008884485444921832,0.9991115514555083
93,46.65551839464883,0.14,0.54,0.2652513065582248,0.7347486934417751,0.0008314093043592123,0.9991685906956412
94,47.15719063545151,0.14,0.54,0.2651733805235994,0.7348266194764005,0.0007780307195268782,0.9992219692804736
95,47.65886287625418,0.14,0.54,0.2651063817708903,0.7348936182291096,0.0007280779093882651,0.9992719220906122
96,48.16053511705685,0.14,0.54,0.26504854366874653,0.7349514563312535,0.0006813310836441065,0.9993186689163563
97,48.66220735785953,0.14,0.54,0.2649984037807641,0.7350015962192359,0.0006375845636410878,0.9993624154363593
98,49.163879598662206,0.14,0.54,0.2649547508922992,0.7350452491077007,0.000596645871649082,0.9994033541283512
99,49.66555183946488,0.14,0.54,0.2649165818039022,0.7350834181960978,0.0005583348853835161,0.9994416651146169
100,50.16722408026756,0.14,0.54,0.2648830604114619,0.735116939588538,0.0005224830207201761,0.9994775169792801
101,50.668896321070235,0.14,0.54,0.26485349284228976,0.73514650715771,0.0004889325178595262,0.9995110674821407
102,51.17056856187291,0.14,0.54,0.2648273000983961,0.7351726999016037,0.0004575357241655395,0.9995424642758347
103,51.67224080267559,0.14,0.54,0.2648039999583944,0.7351960000416055,0.000428154456543867,0.9995718455434563
104,52.17391304347826,0.14,0.54,0.264783189093425,0.7352168109065749,0.000400659399230173,0.99959934060077
105,52.675585284280935,0.14,0.54,0.26476452829383385,0.7352354717061661,0.00037492951867352067,0.9996250704813268
106,53.17725752508361,0.14,0.54,0.26474773292283554,0.7352522670771643,0.0003508515466511103,0.9996491484533492
107,53.67892976588629,0.14,0.54,0.26473256353368196,0.7352674364663179,0.0003283194875429022,0.9996716805124574
108,54.180602006688964,0.14,0.54,0.2647188158498936,0.7352811841501063,0.0003072341107459984,0.9996927658892543
109,54.68227424749164,0.14,0.54,0.2647063186937725,0.7352936813062274,0.0002875025853068113,0.9997124974146935
110,55.18394648829432,0.14,0.54,0.2646949252574135,0.7353050747425863,0.0002690380109806344,0.9997309619890197
111,55.68561872909699,0.14,0.54,0.2646845106337246,0.7353154893662752,0.0002517590722177162,0.9997482409277826
112,56.187290969899664,0.14,0.54,0.26467496743008945,0.7353250325699103,0.00023558966695294247,0.9997644103330474
113,56.68896321070234,0.14,0.54,0.26466620291816023,0.7353337970818397,0.00022045856795387657,0.9997795414320465
114,57.19063545150502,0.14,0.54,0.2646581373780551,0.7353418626219448,0.00020629913080945158,0.999793700869191
115,57.69230769230769,0.14,0.54,0.2646507012679616,0.7353492987320384,0.0001930489671007319,0.9998069510328997
116,58.19397993311037,0.14,0.54,0.26464383429104626,0.7353561657089537,0.00018064971862845265,0.999819350281372
117,58.69565217391305,0.14,0.54,0.2646374833423046,0.7353625166576954,0.0001690467304670065,0.9998309532695335
118,59.197324414715716,0.14,0.54,0.2646316017308251,0.7353683982691748,0.00015818887112316785,0.9998418111288774
119,59.69899665551839,0.14,0.54,0.2646261476900781,0.7353738523099218,0.0001480283051727479,0.9998519716948278
120,60.20066889632107,0.14,0.54,0.26462108479967766,0.7353789152003223,0.00013852015186907525,0.9998614798481315
121,60.702341137123746,0.14,0.54,0.26461638156510825,0.7353836184348916,0.00012962276437053608,0.99987037723563
122,61.20401337792642,0.14,0.54,0.26461200822608705,0.7353879917739128,0.00012129674062804737,0.9998787032593726
123,61.7056856187291,0.14,0.54,0.26460793889376816,0.7353920611062317,0.00011350551117111992,0.9998864944888295
124,62.207357859531776,0.14,0.54,0.26460414975712065,0.7353958502428791,0.00010621469281299866,0.9998937853071875
125,62.709030100334445,0.14,0.54,0.26460061908278093,0.7353993809172189,9.939211061378705e-05,0.9999006078893868
126,63.21070234113712,0.14,0.54,0.2645973273412479,0.7354026726587519,9.300750960075747e-05,0.9999069924903998
127,63.7123745819398,0.14,0.54,0.26459425761309807,0.7354057423869018,8.703347212100899e-05,0.9999129665278795
128,64.21404682274247,0.14,0.54,0.26459139347890837,0.7354086065210915,8.144316588313957e-05,0.9999185568341175
129,64.71571906354515,0.14,0.54,0.26458872074613116,0.7354112792538687,7.621276762973614e-05,0.9999237872323709
130,65.21739130434783,0.14,0.54,0.2645862254200457,0.7354137745799543,7.131831095911005e-05,0.9999286816890415
131,65.7190635451505,0.14,0.54,0.2645838948019966,0.7354161051980033,6.673780471782064e-05,0.9999332621952828
132,66.22073578595318,0.14,0.54,0.2645817182609628,0.7354182817390371,6.245251738370522e-05,0.9999375474826169
133,66.72240802675586,0.14,0.54,0.2645796839265125,0.7354203160734873,5.844176197225362e-05,0.9999415582380282
134,67.22408026755853,0.14,0.54,0.2645777824019537,0.7354222175980462,5.468830540993115e-05,0.9999453116945906
135,67.72575250836121,0.14,0.54,0.2645760055068218,0.7354239944931781,5.117661526267308e-05,0.9999488233847379
136,68.22742474916387,0.14,0.54,0.26457434397442625,0.7354256560255736,4.788966521597897e-05,0.9999521103347846
137,68.72909698996655,0.14,0.54,0.2645727907631589,0.7354272092368409,4.48140726630283e-05,0.9999551859273376
138,69.23076923076923,0.14,0.54,0.2645713387940172,0.7354286612059827,4.193639376119466e-05,0.9999580636062394
139,69.7324414715719,0.14,0.54,0.26456998069075316,0.7354300193092468,3.924273587985918e-05,0.9999607572641207
140,70.23411371237458,0.14,0.54,0.2645687107735365,0.7354312892264635,3.672226632997678e-05,0.9999632777336706
141,70.73578595317726,0.14,0.54,0.26456752304150766,0.7354324769584923,3.436357286518718e-05,0.9999656364271353
142,71.23745819397993,0.14,0.54,0.26456641219069277,0.7354335878093072,3.215647370998407e-05,0.9999678435262905
143,71.73913043478261,0.14,0.54,0.26456537316901124,0.7354346268309887,3.009123380515522e-05,0.9999699087661954
144,72.24080267558529,0.14,0.54,0.2645644010958582,0.7354355989041418,2.815842150703751e-05,0.9999718415784936
145,72.74247491638796,0.14,0.54,0.2645634918740813,0.7354365081259187,2.6349993343963313e-05,0.9999736500066566
146,73.24414715719064,0.14,0.54,0.26456264127316403,0.7354373587268359,2.465769449668723e-05,0.9999753423055039
147,73.74581939799332,0.14,0.54,0.26456184537389227,0.7354381546261076,2.3073853794908357e-05,0.9999769261462057
148,74.24749163879599,0.14,0.54,0.26456110079168416,0.7354388992083157,2.159180176053603e-05,0.99997840819824
149,74.74916387959867,0.14,0.54,0.2645604040483079,0.735439595951692,2.0204728359696637e-05,0.9999797952716409
150,75.25083612040133,0.14,0.54,0.26455975200801846,0.7354402479919815,1.8906469167839685e-05,0.9999810935308328
151,75.75250836120401,0.14,0.54,0.26455914175803824,0.7354408582419617,1.7691271625402357e-05,0.9999823087283752
152,76.25418060200668,0.14,0.54,0.2645585707370561,0.7354414292629438,1.6554046344015808e-05,0.9999834459536566
153,76.75585284280936,0.14,0.54,0.2645580366693099,0.73544196333069,1.5490245975683028e-05,0.999984509754025
154,77.25752508361204,0.14,0.54,0.26455753683789446,0.7354424631621054,1.4494529834529998e-05,0.9999855054701661
155,77.75919732441471,0.14,0.54,0.26455706896784614,0.7354429310321536,1.3562386663942164e-05,0.9999864376133367
156,78.26086956521739,0.14,0.54,0.2645566311703514,0.7354433688296484,1.2690032113356633e-05,0.9999873099678873
157,78.76254180602007,0.14,0.54,0.26455622179884264,0.7354437782011572,1.1874144298787818e-05,0.9999881258557018
158,79.26421404682274,0.14,0.54,0.2645558392974651,0.7354441607025346,1.111159243087497e-05,0.9999888884075698
159,79.76588628762542,0.14,0.54,0.2645554814830317,0.7354445185169681,1.039815091235474e-05,0.9999896018490884
160,80.2675585284281,0.14,0.54,0.2645551466526643,0.7354448533473354,9.730482944740692e-06,0.9999902695170559
161,80.76923076923077,0.14,0.54,0.264554833314923,0.7354451666850768,9.105659024074575e-06,0.9999908943409767
162,81.27090301003345,0.14,0.54,0.26455454010229834,0.7354454598977015,8.521000228252911e-06,0.9999914789997725
163,81.77257525083613,0.14,0.54,0.2645542657207405,0.7354457342792594,7.973963782381024e-06,0.9999920260362184
164,82.27424749163879,0.14,0.54,0.26455400884829244,0.7354459911517074,7.4619132227392205e-06,0.999992538086778
165,82.77591973244147,0.14,0.54,0.2645537683461536,0.7354462316538463,6.982596954082733e-06,0.9999930174030467
166,83.27759197324414,0.14,0.54,0.26455354318403523,0.7354464568159647,6.533979004695841e-06,0.9999934660209961
167,83.77926421404682,0.14,0.54,0.2645533324330736,0.7354466675669262,6.114222956939425e-06,0.9999938857770438
168,84.2809364548495,0.14,0.54,0.2645531351874653,0.7354468648125345,5.721500810443024e-06,0.9999942784991904
169,84.78260869565217,0.14,0.54,0.2645529505228195,0.7354470494771803,5.353891400167771e-06,0.9999946461086007
170,85.28428093645485,0.14,0.54,0.26455277767468843,0.7354472223253113,5.009815845354214e-06,0.9999949901841555
171,85.78595317725753,0.14,0.54,0.2645526159591526,0.7354473840408473,4.687843850820655e-06,0.99999531215615
172,86.2876254180602,0.14,0.54,0.2645524647712041,0.7354475352287958,4.3866899560313185e-06,0.9999956133100448
173,86.78929765886288,0.14,0.54,0.26455232337755286,0.735447676622447,4.104899865541841e-06,0.9999958951001353
174,87.29096989966555,0.14,0.54,0.26455219103664135,0.7354478089633586,3.8410321387417345e-06,0.9999961589678621
175,87.79264214046823,0.14,0.54,0.2645520671988774,0.7354479328011224,3.5939613209954154e-06,0.9999964060386799
176,88.29431438127091,0.14,0.54,0.2645519513718764,0.7354480486281234,3.3626739340930878e-06,0.9999966373260668
177,88.79598662207358,0.14,0.54,0.2645518431204609,0.735448156879539,3.1462684762507453e-06,0.9999968537315247
178,89.29765886287625,0.14,0.54,0.26455174206666043,0.7354482579333395,2.9439554221101744e-06,0.9999970560445789
179,89.79933110367892,0.14,0.54,0.2645516478743311,0.7354483521256687,2.755033680848313e-06,0.99999724496632
180,90.3010033444816,0.14,0.54,0.26455155990370693,0.735448440096293,2.5783618616930087e-06,0.9999974216381392
181,90.80267558528428,0.14,0.54,0.26455147761797815,0.7354485223820217,2.412980572688415e-06,0.9999975870194283
182,91.30434782608695,0.14,0.54,0.26455140061858096,0.7354485993814188,2.2581664340464503e-06,0.9999977418335669
183,91.80602006688963,0.14,0.54,0.26455132853493557,0.7354486714650642,2.113263313955151e-06,0.999997886736687
184,92.3076923076923,0.14,0.54,0.2645512610244461,0.7354487389755537,1.9776823285786726e-06,0.9999980223176724
185,92.80936454849498,0.14,0.54,0.26455119777250063,0.7354488022274992,1.8509018420572876e-06,0.999998149098159
186,93.31103678929766,0.14,0.54,0.2645511384833049,0.735448861516695,1.7324248214795027e-06,0.9999982675751795
187,93.81270903010034,0.14,0.54,0.2645510828255824,0.7354489171744175,1.6215262188731017e-06,0.9999983784737821
188,94.31438127090301,0.14,0.54,0.2645510305216877,0.7354489694783121,1.5176675527156593e-06,0.9999984823324484
189,94.81605351170569,0.14,0.54,0.26455098132641625,0.7354490186735836,1.420398322331216e-06,0.9999985796016787
190,95.31772575250837,0.14,0.54,0.2645509350176906,0.7354490649823092,1.329312681691343e-06,0.9999986706873194
191,95.81939799331104,0.14,0.54,0.26455089139656124,0.7354491086034386,1.2440494394151437e-06,0.9999987559505616
192,96.3210702341137,0.14,0.54,0.2645508502872061,0.7354491497127937,1.1642920587692548e-06,0.9999988357079423
193,96.82274247491638,0.14,0.54,0.2645508115488739,0.735449188451126,1.0897084598671858e-06,0.9999989102915413
194,97.32441471571906,0.14,0.54,0.264550775096594,0.7354492249034058,1.0198466358251228e-06,0.9999989801533653
195,97.82608695652173,0.14,0.54,0.26455074084863794,0.7354492591513618,9.54399463580815e-07,0.9999990456005375
196,98.32775919732441,0.14,0.54,0.26455070874740333,0.7354492912525965,8.930994414638405e-07,0.9999991069005597
197,98.82943143812709,0.14,0.54,0.2645506787612785,0.7354493212387213,8.357092914938524e-07,0.9999991642907097
198,99.33110367892976,0.14,0.54,0.2645506508846426,0.7354493491153572,7.820219593805791e-07,0.9999992179780418
199,99.83277591973244,0.14,0.54,0.2645506251378652,0.7354493748621346,7.318606145238241e-07,0.9999992681393868
200,100.33444816053512,0.14,0.54,0.2645506011142634,0.7354493988857365,6.841262595148337e-07,0.9999993158737419
201,100.8361204013378,0.14,0.54,0.26455057937117604,0.7354494206288237,6.406851646134582e-07,0.9999993593148367
202,101.33779264214047,0.14,0.54,0.26455055930297283,0.7354494406970269,5.998285312409802e-07,0.9999994001714702
203,101.83946488294315,0.14,0.54,0.26455054087955604,0.7354494591204438,5.614599668733153e-07,0.9999994385400346
204,102.34113712374582,0.14,0.54,0.264550524070828,0.7354494759291718,5.254830789863792e-07,0.9999994745169225
205,102.8428093645485,0.14,0.54,0.26455050884669123,0.7354494911533086,4.918014750560874e-07,0.9999995081985265
206,103.34448160535118,0.14,0.54,0.26455049516943396,0.7354495048305658,4.6031786547036864e-07,0.999999539682136
207,103.84615384615384,0.14,0.54,0.2645504824707859,0.7354495175292138,4.308724494300543e-07,0.9999995691275521
208,104.34782608695652,0.14,0.54,0.2645504700862527,0.7354495299137471,4.032940889000195e-07,0.9999995967059125
209,104.84949832775919,0.14,0.54,0.2645504575588018,0.735449542441198,3.7743608928317505e-07,0.9999996225639123
210,105.35117056856187,0.14,0.54,0.26455044491388346,0.7354495550861164,3.531917076399167e-07,0.9999996468082939
211,105.85284280936455,0.14,0.54,0.26455043274064677,0.7354495672593531,3.305008777273701e-07,0.9999996694991238
212,106.35451505016722,0.14,0.54,0.26455042119210637,0.7354495788078934,3.092674194867859e-07,0.9999996907325821
213,106.8561872909699,0.14,0.54,0.2645504103964904,0.7354495896035095,2.893984771395392e-07,0.9999997106015245
214,107.35785953177258,0.14,0.54,0.26455040041340017,0.7354495995865996,2.7081316140659705e-07,0.9999997291868402
215,107.85953177257525,0.14,0.54,0.2645503913380434,0.7354496086619564,2.5342437430578756e-07,0.9999997465756274
216,108.36120401337793,0.14,0.54,0.2645503827757338,0.7354496172242662,2.3688351691827846e-07,0.9999997631164848
217,108.8628762541806,0.14,0.54,0.26455037570033635,0.7354496242996635,2.2184920041886134e-07,0.9999997781508013
218,109.36454849498328,0.14,0.54,0.2645503689208522,0.7354496310791477,2.0766605125969975e-07,0.9999997923339505
219,109.86622073578596,0.14,0.54,0.2645503624374213,0.7354496375625786,1.9433295201666107e-07,0.9999998056670497
220,110.36789297658864,0.14,0.54,0.26455035625457707,0.7354496437454229,1.8181369713886107e-07,0.9999998181863047
221,110.8695652173913,0.14,0.54,0.2645503503745024,0.7354496496254975,1.700908532009807e-07,0.9999998299091486
222,111.37123745819397,0.14,0.54,0.26455034480108025,0.7354496551989197,1.5915127639855914e-07,0.9999998408487255
223,111.87290969899665,0.14,0.54,0.26455033956385354,0.7354496604361465,1.488949628171069e-07,0.9999998511050391
224,112.37458193979933,0.14,0.54,0.2645503346689581,0.7354496653310418,1.3930114259226478e-07,0.9999998606988593
225,112.876254180602,0.14,0.54,0.2645503301054777,0.7354496698945223,1.3034360297351975e-07,0.999999869656399
226,113.37792642140468,0.14,0.54,0.2645503258400029,0.7354496741599972,1.2194211935403121e-07,0.9999998780578826
227,113.87959866220736,0.14,0.54,0.2645503218702056,0.7354496781297944,1.1409110133134803e-07,0.9999998859089007
228,114.38127090301003,0.14,0.54,0.2645503181664077,0.7354496818335922,1.0674262864223574e-07,0.9999998932573734
229,114.88294314381271,0.14,0.54,0.2645503146891269,0.735449685310873,9.983295012554562e-08,0.9999999001670519
230,115.38461538461539,0.14,0.54,0.26455031143816854,0.7354496885618313,9.336175175279997e-08,0.9999999066382503
231,115.88628762541806,0.14,0.54,0.2645503084135327,0.7354496915864672,8.732903352399882e-08,0.9999999126709685
232,116.38795986622074,0.14,0.54,0.2645503056058622,0.7354496943941378,8.171857431374617e-08,0.9999999182814279
233,116.88963210702342,0.14,0.54,0.2645503029661821,0.7354496970338179,7.644547389866174e-08,0.9999999235545284
234,117.3913043478261,0.14,0.54,0.26455030048741845,0.7354496995125815,7.149746911347968e-08,0.9999999285025332
235,117.89297658862876,0.14,0.54,0.2645502981695712,0.7354497018304288,6.687455995820013e-08,0.9999999331254423
236,118.39464882943143,0.14,0.54,0.2645502960122057,0.7354497039877942,6.257587339595912e-08,0.999999937424129
237,118.89632107023411,0.14,0.54,0.26455029398943014,0.7354497060105698,5.85493951406033e-08,0.9999999414506072
238,119.39799331103679,0.14,0.54,0.2645502920860618,0.7354497079139382,5.4764624844938434e-08,0.9999999452353776
239,119.89966555183946,0.14,0.54,0.26455029030210064,0.7354497096978992,5.122156250896451e-08,0.99999994877844
240,120.40133779264214,0.14,0.54,0.2645502886375467,0.7354497113624533,4.792020813268154e-08,0.9999999520797944
241,120.90301003344482,0.14,0.54,0.26455028708192907,0.7354497129180708,4.483926271557545e-08,0.9999999551607399
242,121.40468227424749,0.14,0.54,0.2645502856100402,0.7354497143899598,4.192745119001351e-08,0.9999999580725515
243,121.90635451505017,0.14,0.54,0.2645502842207715,0.7354497157792285,3.9182518582183585e-08,0.9999999608174841
244,122.40802675585284,0.14,0.54,0.2645502829141229,0.7354497170858769,3.6604464892085674e-08,0.9999999633955379
245,122.90969899665552,0.14,0.54,0.2645502816900946,0.7354497183099054,3.4193290119719776e-08,0.9999999658067127
246,123.4113712374582,0.14,0.54,0.2645502805486864,0.7354497194513135,3.19489942650859e-08,0.9999999680510085
247,123.91304347826087,0.14,0.54,0.2645502794898984,0.7354497205101015,2.987157732818404e-08,0.9999999701284256
248,124.41471571906355,0.14,0.54,0.2645502785137306,0.7354497214862693,2.7961039309014196e-08,0.9999999720389636
249,124.91638795986621,0.14,0.54,0.2645502776200113,0.7354497223799886,2.6217026071614694e-08,0.999999973782977
250,125.41806020066889,0.14,0.54,0.26455027678605686,0.735449723213943,2.4592724231409334e-08,0.9999999754072788
251,125.91973244147157,0.14,0.54,0.2645502759959631,0.7354497240040369,2.3055311808397306e-08,0.9999999769446913
252,126.42140468227424,0.14,0.54,0.2645502752497299,0.7354497247502699,2.1604788802578613e-08,0.9999999783952144
253,126.92307692307692,0.14,0.54,0.2645502745473574,0.7354497254526424,2.0241155213953255e-08,0.999999979758848
254,127.4247491638796,0.14,0.54,0.26455027388884556,0.7354497261111543,1.896441104252123e-08,0.9999999810355923
255,127.92642140468227,0.14,0.54,0.26455027327419434,0.7354497267258056,1.7774556288282544e-08,0.9999999822254471
256,128.42809364548495,0.14,0.54,0.2645502727034038,0.7354497272965961,1.667159095123719e-08,0.9999999833284124
257,128.9297658862876,0.14,0.54,0.2645502721764739,0.735449727823526,1.5655515031385197e-08,0.9999999843444884
258,129.4314381270903,0.14,0.54,0.26455027169152584,0.7354497283084741,1.4722318792043449e-08,0.9999999852776847
259,129.93311036789297,0.14,0.54,0.264550271233664,0.735449728766336,1.3840212899809405e-08,0.9999999861597907
260,130.43478260869566,0.14,0.54,0.26455027079968485,0.735449729200315,1.3002360739041139e-08,0.9999999869976429
261,130.93645484949832,0.14,0.54,0.26455027038958856,0.7354497296104113,1.2208762309738745e-08,0.9999999877912413
262,131.438127090301,0.14,0.54,0.26455027000337505,0.7354497299966248,1.1459417611902139e-08,0.9999999885405861
263,131.93979933110367,0.14,0.54,0.26455026964104433,0.7354497303589556,1.07543266455314e-08,0.9999999892456771
264,132.44147157190636,0.14,0.54,0.2645502693025964,0.7354497306974035,1.0093489410626454e-08,0.9999999899065145
265,132.94314381270902,0.14,0.54,0.2645502689880312,0.7354497310119686,9.47690590718737e-09,0.9999999905230981
266,133.44481605351172,0.14,0.54,0.2645502686973488,0.735449731302651,8.904576135214081e-09,0.9999999910954279
267,133.94648829431438,0.14,0.54,0.26455026842796875,0.7354497315720312,8.370948763772609e-09,0.9999999916290553
268,134.44816053511707,0.14,0.54,0.2645502681740625,0.7354497318259374,7.863485463733126e-09,0.9999999921365187
269,134.94983277591973,0.14,0.54,0.2645502679354084,0.7354497320645915,7.38170911413461e-09,0.9999999926182951
270,135.45150501672242,0.14,0.54,0.2645502677120064,0.7354497322879936,6.925619714977009e-09,0.9999999930743846
271,135.95317725752508,0.14,0.54,0.2645502675038565,0.7354497324961434,6.4952172662603726e-09,0.9999999935047871
272,136.45484949832775,0.14,0.54,0.2645502673109587,0.7354497326890412,6.090501767984676e-09,0.9999999939095027
273,136.95652173913044,0.14,0.54,0.264550267133313,0.7354497328666869,5.7114732201498965e-09,0.9999999942885313
274,137.4581939799331,0.14,0.54,0.2645502669709194,0.7354497330290806,5.358131622756078e-09,0.999999994641873
275,137.9598662207358,0.14,0.54,0.26455026682374194,0.7354497331762581,5.030412812059083e-09,0.9999999949695918
276,138.46153846153845,0.14,0.54,0.26455026668839354,0.7354497333116065,4.722273987594968e-09,0.9999999952777306
277,138.96321070234114,0.14,0.54,0.26455026656265357,0.7354497334373464,4.429753276716265e-09,0.9999999955702514
278,139.4648829431438,0.14,0.54,0.264550266446522,0.735449733553478,4.1528506794230075e-09,0.9999999958471542
279,139.9665551839465,0.14,0.54,0.26455026633999884,0.7354497336600011,3.891566195715163e-09,0.9999999961084387
280,140.46822742474916,0.14,0.54,0.26455026624308414,0.7354497337569159,3.6458998255927638e-09,0.9999999963541052
281,140.96989966555185,0.14,0.54,0.2645502661557778,0.7354497338442222,3.4158515690557792e-09,0.9999999965841535
282,141.4715719063545,0.14,0.54,0.26455026607807985,0.7354497339219201,3.2014214261042364e-09,0.9999999967985838
283,141.9732441471572,0.14,0.54,0.2645502660099904,0.7354497339900097,3.0026093967381113e-09,0.999999996997396
284,142.47491638795987,0.14,0.54,0.26455026595098863,0.7354497340490114,2.8187471385747638e-09,0.9999999971812582
285,142.97658862876253,0.14,0.54,0.2645502658972717,0.7354497341027283,2.6449530933745557e-09,0.9999999973550523
286,143.47826086956522,0.14,0.54,0.26455026584807734,0.7354497341519226,2.480248771722386e-09,0.9999999975197568
287,143.97993311036788,0.14,0.54,0.26455026580340557,0.7354497341965944,2.3246341736182727e-09,0.9999999976753715
288,144.48160535117057,0.14,0.54,0.26455026576325635,0.7354497342367436,2.178109299062199e-09,0.9999999978218964
289,144.98327759197323,0.14,0.54,0.2645502657276297,0.7354497342723703,2.040674148054181e-09,0.9999999979593317
290,145.48494983277592,0.14,0.54,0.2645502656965256,0.7354497343034744,1.912328720594203e-09,0.9999999980876773
291,145.9866220735786,0.14,0.54,0.26455026566994405,0.7354497343300559,1.79307301668228e-09,0.999999998206933
292,146.48829431438128,0.14,0.54,0.2645502656478851,0.7354497343521149,1.6829070363183982e-09,0.9999999983170991
293,146.98996655518394,0.14,0.54,0.2645502656052274,0.7354497343947727,1.5378179432295297e-09,0.9999999984743626
294,147.49163879598663,0.14,0.54,0.2645502655587909,0.7354497344412091,1.3872747261333373e-09,0.9999999986411032
295,147.9933110367893,0.14,0.54,0.26455026551497157,0.7354497344850285,1.2424828678315043e-09,0.9999999988030158
296,148.49498327759198,0.14,0.54,0.26455026547376936,0.7354497345262306,1.1034423683240145e-09,0.9999999989601005
297,148.99665551839465,0.14,0.54,0.26455026543518423,0.7354497345648158,9.70153227610884e-10,0.9999999991123573
298,149.49832775919734,0.14,0.54,0.2645502653992162,0.7354497346007838,8.426154456920981e-10,0.9999999992597861
299,150.0,0.14,0.54,0.26455026536586534,0.7354497346341347,7.208290225676706e-10,0.9999999994023869
