,time,sigma,beta,S,I,C,D
0,0.0,0.76,0.27,0.9998,0.0002,0.5,0.5
1,0.5016722408026756,0.76,0.27,0.99979990667514,0.00020009332485966031,0.47911554252876065,0.5208844574712393
2,1.0033444816053512,0.76,0.27,0.9997994419518407,0.00020055804815911338,0.4583037971746111,0.5416962028253888
3,1.5050167224080266,0.76,0.27,0.9997985890442734,0.00020141095572634836,0.4376365513349179,0.562363448665082
4,2.0066889632107023,0.76,0.27,0.999797331654661,0.0002026683453388337,0.41718356113017047,0.5828164388698294
5,2.508361204013378,0.76,0.27,0.9997956526181759,0.00020434738182398472,0.3970116711751823,0.6029883288248177
6,3.0100334448160533,0.76,0.27,0.999793533801456,0.00020646619854396874,0.3771839678005336,0.6228160321994665
7,3.511705685618729,0.76,0.27,0.9997909560011059,0.00020904399889403092,0.3577590788023476,0.6422409211976524
8,4.013377926421405,0.76,0.27,0.999787898814118,0.0002121011858818211,0.33879046644440824,0.6612095335555919
9,4.51505016722408,0.76,0.27,0.9997843405233177,0.0002156594766822255,0.3203260516456663,0.6796739483543337
10,5.016722408026756,0.76,0.27,0.999780257959108,0.00021974204089193753,0.30240781805447026,0.6975921819455297
11,5.518394648829432,0.76,0.27,0.9997756263583774,0.00022437364162254702,0.2850716092100081,0.7149283907899919
12,6.020066889632107,0.76,0.27,0.9997704192167925,0.00022958078320734426,0.2683470570271855,0.7316529429728146
13,6.521739130434782,0.76,0.27,0.9997646081347157,0.00023539186528426614,0.25225763690566216,0.7477423630943378
14,7.023411371237458,0.76,0.27,0.9997581626602737,0.00024183733972616268,0.2368207638356372,0.7631792361643629
15,7.525083612040134,0.76,0.27,0.9997510501164334,0.00024894988356651535,0.22204816596425841,0.7779518340357416
16,8.02675585284281,0.76,0.27,0.9997432354335632,0.00025676456643664226,0.2079461638452513,0.7920538361547488
17,8.528428093645484,0.76,0.27,0.9997346809759796,0.00026531902402020084,0.1945159791846431,0.805484020815357
18,9.03010033444816,0.76,0.27,0.9997253463459678,0.00027465365403210086,0.18175431244763118,0.8182456875523689
19,9.531772575250836,0.76,0.27,0.9997151881981048,0.0002848118018951249,0.16965373479626902,0.830346265203731
20,10.033444816053512,0.76,0.27,0.9997041600362152,0.00029583996378461293,0.15820318894800445,0.8417968110519957
21,10.535117056856187,0.76,0.27,0.9996922120014043,0.00030778799859552,0.1473884848969284,0.8526115151030718
22,11.036789297658864,0.76,0.27,0.999679290652148,0.0003207093478519599,0.13719277069414168,0.8628072293058584
23,11.538461538461538,0.76,0.27,0.9996653387316254,0.0003346612683745201,0.12759699255029272,0.8724030074497073
24,12.040133779264213,0.76,0.27,0.9996502949227588,0.0003497050772411231,0.11858032990200024,0.8814196700979998
25,12.54180602006689,0.76,0.27,0.9996340935891462,0.00036590641085361344,0.11012059715824685,0.8898794028417532
26,13.043478260869565,0.76,0.27,0.9996166645027115,0.00038333549728852807,0.10219461823929095,0.8978053817607091
27,13.545150501672241,0.76,0.27,0.9995979325520751,0.00040206744792491253,0.0947785530043865,0.9052214469956136
28,14.046822742474916,0.76,0.27,0.9995778174369474,0.00042218256305263756,0.08784819708844357,0.9121518029115565
29,14.548494983277592,0.76,0.27,0.9995562333388256,0.0004437666611743778,0.08137924031063429,0.9186207596893657
30,15.050167224080267,0.76,0.27,0.9995330885764718,0.00046691142352820044,0.07534749301324821,0.9246525069867518
31,15.551839464882944,0.76,0.27,0.9995082852346469,0.0004917147653531488,0.06972907531523824,0.9302709246847619
32,16.05351170568562,0.76,0.27,0.9994817187723003,0.0005182812276996443,0.06450057795914595,0.9354994220408541
33,16.555183946488295,0.76,0.27,0.9994532776049792,0.0005467223950209343,0.05963919082059785,0.9403608091794022
34,17.05685618729097,0.76,0.27,0.9994228426580748,0.0005771573419253094,0.055122810793028956,0.9448771892069712
35,17.558528428093645,0.76,0.27,0.9993902868961272,0.0006097131038729646,0.050930118082197384,0.9490698819178027
36,18.06020066889632,0.76,0.27,0.9993554748155252,0.0006445251844749556,0.04704064150548957,0.9529593584945105
37,18.561872909698998,0.76,0.27,0.999318261909919,0.0006817380900811776,0.0434347972941044,0.9565652027058957
38,19.06354515050167,0.76,0.27,0.9992784940995387,0.0007215059004613897,0.040093915599880035,0.9599060844001202
39,19.565217391304348,0.76,0.27,0.9992360071283007,0.000763992871699341,0.03700024673906948,0.9629997532609307
40,20.066889632107024,0.76,0.27,0.9991906259053485,0.0008093740946516582,0.03413697929067353,0.9658630207093266
41,20.568561872909697,0.76,0.27,0.9991421638255095,0.0008578361744907011,0.03148822511731279,0.9685117748826874
42,21.070234113712374,0.76,0.27,0.9990904220425246,0.0009095779574755943,0.029038992041550082,0.9709610079584501
43,21.57190635451505,0.76,0.27,0.9990351886862981,0.0009648113137020805,0.026775178700568524,0.9732248212994316
44,22.073578595317727,0.76,0.27,0.9989762380411327,0.0010237619588675199,0.024683535703064478,0.9753164642969356
45,22.5752508361204,0.76,0.27,0.9989133296684962,0.0010866703315039598,0.02275164145313829,0.9772483585468619
46,23.076923076923077,0.76,0.27,0.998846207474447,0.0011537925255532757,0.020967868570955006,0.9790321314290451
47,23.578595317725753,0.76,0.27,0.9987745987214102,0.0012254012785900407,0.01932134841284112,0.980678651587159
48,24.080267558528426,0.76,0.27,0.998698212979876,0.0013017870201241797,0.017801937078841663,0.9821980629211584
49,24.581939799331103,0.76,0.27,0.9986167410155643,0.0013832589844359653,0.01640017418280016,0.9835998258172
50,25.08361204013378,0.76,0.27,0.9985298536108762,0.001470146389124118,0.015107250555846776,0.9848927494441533
51,25.585284280936456,0.76,0.27,0.9984372003095223,0.0015627996904779649,0.013914969832358421,0.9860850301676417
52,26.08695652173913,0.76,0.27,0.9983384080950264,0.001661591904974016,0.012815714935063794,0.9871842850649362
53,26.588628762541806,0.76,0.27,0.9982330799841824,0.0017669200158178704,0.01180241070891209,0.9881975892910879
54,27.090301003344482,0.76,0.27,0.998120793542703,0.001879206457297367,0.010868492405352061,0.989131507594648
55,27.59197324414716,0.76,0.27,0.9980010993109887,0.00199890068901164,0.010007872052935145,0.9899921279470648
56,28.093645484949832,0.76,0.27,0.9978735191426641,0.0021264808573362324,0.009214908131446604,0.9907850918685535
57,28.59531772575251,0.76,0.27,0.9977375444480744,0.002262455551925925,0.008484376738117994,0.9915156232618819
58,29.096989966555185,0.76,0.27,0.9975926343335638,0.0024073656664365273,0.0078114412412993335,0.9921885587587006
59,29.598662207357858,0.76,0.27,0.9974382136473033,0.0025617863526971045,0.0071916282070462224,0.9928083717929538
60,30.100334448160535,0.76,0.27,0.997273670909855,0.0027263290901454566,0.0066208004579948205,0.9933791995420052
61,30.60200668896321,0.76,0.27,0.9970983561373872,0.002901643862613189,0.0060951340916541395,0.9939048659083459
62,31.103678929765888,0.76,0.27,0.9969115785488097,0.0030884214511906725,0.005611096358619177,0.9943889036413808
63,31.60535117056856,0.76,0.27,0.9967126041520395,0.0032873958479609213,0.005165423935536576,0.9948345760644633
64,32.10702341137124,0.76,0.27,0.9965006532081189,0.003499346791881607,0.0047551042777004005,0.9952448957222995
65,32.608695652173914,0.76,0.27,0.9962748975706928,0.0037251024293076715,0.004377356469390136,0.9956226435306097
66,33.11036789297659,0.76,0.27,0.9960344578903805,0.003965542109619988,0.004029614475238733,0.9959703855247612
67,33.61204013377927,0.76,0.27,0.9957784006920635,0.00422159930793695,0.0037095111429948165,0.9962904888570051
68,34.11371237458194,0.76,0.27,0.9955057353177441,0.004494264682256369,0.0034148631678662827,0.9965851368321337
69,34.61538461538461,0.76,0.27,0.9952154107222151,0.004784589277785356,0.003143657454206624,0.9968563425457934
70,35.11705685618729,0.76,0.27,0.9949063121558193,0.005093687844181186,0.0028940380184249445,0.9971059619815751
71,35.618729096989966,0.76,0.27,0.9945772576784911,0.005422742321509357,0.002664294140980669,0.9973357058590193
72,36.12040133779264,0.76,0.27,0.9942269945676392,0.005773005432361309,0.0024528492754557047,0.9975471507245443
73,36.62207357859532,0.76,0.27,0.9938541955826062,0.0061458044173942255,0.0022582506862480352,0.9977417493137519
74,37.123745819397996,0.76,0.27,0.993457455086826,0.006542544913174542,0.0020791599627114307,0.9979208400372885
75,37.625418060200666,0.76,0.27,0.993035285114134,0.006964714885866574,0.0019143442252741937,0.9980856557747257
76,38.12709030100334,0.76,0.27,0.9925861111625846,0.007413888837416044,0.0017626678249428676,0.9982373321750571
77,38.62876254180602,0.76,0.27,0.992108268000966,0.007891731999034616,0.0016230847827527208,0.9983769152172473
78,39.130434782608695,0.76,0.27,0.9915999956167637,0.00840000438323688,0.0014946319359236437,0.9985053680640763
79,39.63210702341137,0.76,0.27,0.991059434490618,0.00894056550938268,0.0013764224796131341,0.9986235775203869
80,40.13377926421405,0.76,0.27,0.9904846212025806,0.009515378797419989,0.001267640057351119,0.9987323599426489
81,40.635451505016725,0.76,0.27,0.9898734845109463,0.010126515489054353,0.0011675325408722964,0.9988324674591277
82,41.137123745819395,0.76,0.27,0.9892238401899268,0.010776159810073824,0.0010754080161036075,0.9989245919838964
83,41.63879598662207,0.76,0.27,0.9885333866253344,0.011466613374666139,0.0009906300566653377,0.9990093699433347
84,42.14046822742475,0.76,0.27,0.9877997014348279,0.012200298565172659,0.0009126116613106339,0.9990873883386894
85,42.642140468227424,0.76,0.27,0.9870202360108135,0.012979763989187099,0.0008408131243159963,0.999159186875684
86,43.1438127090301,0.76,0.27,0.9861923114100818,0.013807688589918692,0.0007747382703257842,0.9992252617296743
87,43.64548494983278,0.76,0.27,0.9853131161409184,0.01468688385908206,0.0007139294051770645,0.999286070594823
88,44.147157190635454,0.76,0.27,0.9843797006771257,0.015620299322874792,0.0006579657883442801,0.9993420342116558
89,44.64882943143812,0.76,0.27,0.9833889740923916,0.016611025907608885,0.0006064607525062987,0.9993935392474937
90,45.1505016722408,0.76,0.27,0.9823377038558064,0.017662296144194053,0.0005590576110147975,0.9994409423889853
91,45.65217391304348,0.76,0.27,0.9812225108021477,0.018777489197852795,0.0005154284970322515,0.9994845715029678
92,46.15384615384615,0.76,0.27,0.9800398671420728,0.019960132857927696,0.00047527217322976766,0.9995247278267704
93,46.65551839464883,0.76,0.27,0.9787860993685731,0.02121390063142744,0.0004383107620271215,0.999561689237973
94,47.15719063545151,0.76,0.27,0.977457384447275,0.02254261555272544,0.0004042888123690237,0.9995957111876311
95,47.65886287625418,0.76,0.27,0.9760497500548854,0.023950249945115142,0.000372971644537899,0.9996270283554622
96,48.16053511705685,0.76,0.27,0.9745590819545009,0.025440918045499562,0.0003441428360787926,0.9996558571639214
97,48.66220735785953,0.76,0.27,0.9729811225367195,0.02701887746328099,0.00031760342095770605,0.9996823965790425
98,49.163879598662206,0.76,0.27,0.97131147439748,0.02868852560252041,0.00029317064742470997,0.9997068293525755
99,49.66555183946488,0.76,0.27,0.9695456137232538,0.03045438627674668,0.0002706759756254148,0.9997293240243748
100,50.16722408026756,0.76,0.27,0.9676788927189586,0.032321107281041886,0.00024996444501761345,0.9997500355549825
101,50.668896321070235,0.76,0.27,0.9657065479116329,0.034293452088367385,0.00023089374318853965,0.9997691062568116
102,51.17056856187291,0.76,0.27,0.96362372112994,0.036376278870060355,0.00021333263892831588,0.9997866673610718
103,51.67224080267559,0.76,0.27,0.9614254677908038,0.03857453220919655,0.00019716045652679157,0.9998028395434734
104,52.17391304347826,0.76,0.27,0.9591067715428184,0.04089322845718185,0.00018226637845258009,0.9998177336215476
105,52.675585284280935,0.76,0.27,0.9566625741065784,0.043337425893421926,0.0001685482327035219,0.9998314517672967
106,53.17725752508361,0.76,0.27,0.9540877917469367,0.045912208253063566,0.0001559120551139506,0.9998440879448862
107,53.67892976588629,0.76,0.27,0.9513773380121707,0.04862266198782962,0.00014427156892483076,0.9998557284310754
108,54.180602006688964,0.76,0.27,0.9485261629148315,0.05147383708516887,0.00013354723042022744,0.99986645276958
109,54.68227424749164,0.76,0.27,0.9455292799530501,0.05447072004695019,0.00012366587147112393,0.999876334128529
110,55.18394648829432,0.76,0.27,0.9423817986493769,0.057618201350623434,0.00011456031358940875,0.9998854396864109
111,55.68561872909699,0.76,0.27,0.9390789721138177,0.0609210278861826,0.0001061686314900873,0.9998938313685102
112,56.187290969899664,0.76,0.27,0.9356162364281226,0.0643837635718777,9.843385409579216e-05,0.9999015661459045
113,56.68896321070234,0.76,0.27,0.9319892543101916,0.06801074568980867,9.130367680510015e-05,0.9999086963231951
114,57.19063545150502,0.76,0.27,0.9281939679707762,0.07180603202922402,8.472989022348052e-05,0.9999152701097768
115,57.69230769230769,0.76,0.27,0.9242266511893511,0.07577334881064919,7.866813370849915e-05,0.9999213318662917
116,58.19397993311037,0.76,0.27,0.9200839644972122,0.07991603550278803,7.307768199046088e-05,0.9999269223180098
117,58.69565217391305,0.76,0.27,0.915763005885722,0.08423699411427822,6.792097363458146e-05,0.9999320790263657
118,59.197324414715716,0.76,0.27,0.9112613753210524,0.08873862467894786,6.316345380047625e-05,0.9999368365461998
119,59.69899665551839,0.76,0.27,0.9065772418874735,0.09342275811252679,5.8773442191842477e-05,0.9999412265578084
120,60.20066889632107,0.76,0.27,0.9017094006047716,0.09829059939522873,5.4721853603657525e-05,0.9999452781463967
121,60.702341137123746,0.76,0.27,0.8966573049013353,0.10334269509866498,5.098173973725446e-05,0.9999490182602631
122,61.20401337792642,0.76,0.27,0.8914211503992682,0.10857884960073211,4.7528284970628485e-05,0.9999524717150297
123,61.7056856187291,0.76,0.27,0.886001921907112,0.11399807809288816,4.433868042206938e-05,0.9999556613195782
124,62.207357859531776,0.76,0.27,0.8804014447035685,0.11959855529643175,4.1392047451059215e-05,0.9999586079525493
125,62.709030100334445,0.76,0.27,0.8746224454259341,0.1253775545740661,3.866922267502739e-05,0.9999613307773253
126,63.21070234113712,0.76,0.27,0.8686685574210701,0.13133144257893017,3.6152468432957465e-05,0.9999638475315673
127,63.7123745819398,0.76,0.27,0.8625443709266173,0.13745562907338302,3.382546306323268e-05,0.999966174536937
128,64.21404682274247,0.76,0.27,0.8562554561818345,0.14374454381816584,3.167320866814953e-05,0.9999683267913323
129,64.71571906354515,0.76,0.27,0.8498083743409576,0.15019162565904276,2.9681907299568974e-05,0.9999703180927009
130,65.21739130434783,0.76,0.27,0.8432106791848739,0.15678932081512642,2.7838862654276473e-05,0.9999721611373461
131,65.7190635451505,0.76,0.27,0.8364709071076327,0.16352909289236758,2.6132395991308215e-05,0.9999738676040091
132,66.22073578595318,0.76,0.27,0.8295985555196097,0.1704014444803906,2.4551759633435543e-05,0.999975448240367
133,66.72240802675586,0.76,0.27,0.8226040479622726,0.17739595203772765,2.3087063972574984e-05,0.9999769129360279
134,67.22408026755853,0.76,0.27,0.8154986859345724,0.18450131406542775,2.1729209372023128e-05,0.9999782707906284
135,67.72575250836121,0.76,0.27,0.8082945913350902,0.19170540866490995,2.0469823523093092e-05,0.9999795301764772
136,68.22742474916387,0.76,0.27,0.8010046313948007,0.19899536860519937,1.9301204695347986e-05,0.999980698795305
137,68.72909698996655,0.76,0.27,0.7936423277825143,0.20635767221748572,1.8216251169339894e-05,0.9999817837488311
138,69.23076923076923,0.76,0.27,0.7862217754702873,0.2137782245297129,1.7208443475993045e-05,0.9999827915565245
139,69.7324414715719,0.76,0.27,0.7787575287810232,0.22124247121897683,1.627177743511303e-05,0.9999837282225653
140,70.23411371237458,0.76,0.27,0.7712644936059136,0.22873550639408646,1.540072696899257e-05,0.9999845992730315
141,70.73578595317726,0.76,0.27,0.7637578072174821,0.236242192782518,1.4590206524525569e-05,0.9999854097934758
142,71.23745819397993,0.76,0.27,0.7562527173954342,0.24374728260456582,1.3835536077939821e-05,0.9999861644639224
143,71.73913043478261,0.76,0.27,0.7487644589488565,0.25123554105114365,1.313240913024825e-05,0.9999868675908702
144,72.24080267558529,0.76,0.27,0.7413081309866476,0.25869186901335245,1.2476860025855386e-05,0.9999875231399745
145,72.74247491638796,0.76,0.27,0.7338985768834152,0.26610142311658475,1.1865239064325721e-05,0.9999881347609361
146,73.24414715719064,0.76,0.27,0.7265502615179806,0.27344973848201926,1.1294187978738036e-05,0.9999887058120216
147,73.74581939799332,0.76,0.27,0.7192771688628167,0.2807228311371833,1.0760614779770774e-05,0.9999892393852207
148,74.24749163879599,0.76,0.27,0.7120926925911369,0.28790730740886294,1.0261673532154885e-05,0.9999897383264682
149,74.74916387959867,0.76,0.27,0.7050095500396583,0.2949904499603416,9.794744034551226e-06,0.9999902052559658
150,75.25083612040133,0.76,0.27,0.6980396933497411,0.30196030665025875,9.357414177316013e-06,0.9999906425858232
151,75.75250836120401,0.76,0.27,0.6911942466159271,0.30880575338407285,8.947463085729691e-06,0.9999910525369148
152,76.25418060200668,0.76,0.27,0.6844834404009653,0.31551655959903463,8.562845834903627e-06,0.9999914371541656
153,76.75585284280936,0.76,0.27,0.6779165752011559,0.32208342479884405,8.201679507096019e-06,0.9999917983204935
154,77.25752508361204,0.76,0.27,0.6715019803983299,0.32849801960167,7.862229907527373e-06,0.9999921377700929
155,77.75919732441471,0.76,0.27,0.6652470044716793,0.3347529955283205,7.54290009860501e-06,0.9999924570999019
156,78.26086956521739,0.76,0.27,0.6591579976526964,0.3408420023473034,7.242218869054848e-06,0.9999927577811315
157,78.76254180602007,0.76,0.27,0.6532403266729426,0.3467596733270572,6.95883127508077e-06,0.9999930411687254
158,79.26421404682274,0.76,0.27,0.6474983789902719,0.352501621009728,6.691488648604555e-06,0.9999933085113519
159,79.76588628762542,0.76,0.27,0.6419355978526601,0.3580644021473397,6.439040803967271e-06,0.9999935609591967
160,80.2675585284281,0.76,0.27,0.6365545049671416,0.36344549503285817,6.2004273864857226e-06,0.999993799572614
161,80.76923076923077,0.76,0.27,0.6313567504601196,0.3686432495398801,5.974671453340132e-06,0.9999940253285472
162,81.27090301003345,0.76,0.27,0.6263431502756478,0.373656849724352,5.760871990889396e-06,0.9999942391280098
163,81.77257525083613,0.76,0.27,0.6215137452366096,0.3784862547633902,5.558198628866284e-06,0.9999944418013718
164,82.27424749163879,0.76,0.27,0.6168678492476978,0.3831321507523021,5.36588517547782e-06,0.9999946341148253
165,82.77591973244147,0.76,0.27,0.6124041119919239,0.3875958880080759,5.1832252665647784e-06,0.9999948167747341
166,83.27759197324414,0.76,0.27,0.6081205741100245,0.39187942588997526,5.009566785995549e-06,0.9999949904332147
167,83.77926421404682,0.76,0.27,0.6040147289008708,0.39598527109912895,4.8443082855006945e-06,0.9999951556917153
168,84.2809364548495,0.76,0.27,0.600083580976768,0.3999164190232319,4.6868941743930955e-06,0.9999953131058265
169,84.78260869565217,0.76,0.27,0.5963237034468161,0.4036762965531837,4.5368117743670635e-06,0.9999954631882265
170,85.28428093645485,0.76,0.27,0.5927312970303157,0.4072687029696841,4.393587177027087e-06,0.9999956064128239
171,85.78595317725753,0.76,0.27,0.5893022403820835,0.41069775961791627,4.256782821506732e-06,0.9999957432171794
172,86.2876254180602,0.76,0.27,0.5860321468214467,0.413967853178553,4.125993971086132e-06,0.99999587400603
173,86.78929765886288,0.76,0.27,0.5829164039249582,0.4170835960750415,4.000846974155479e-06,0.999995999153027
174,87.29096989966555,0.76,0.27,0.5799502349553686,0.4200497650446311,3.880995379197625e-06,0.9999961190046219
175,87.79264214046823,0.76,0.27,0.5771287342937232,0.4228712657062765,3.7661182617771137e-06,0.9999962338817394
176,88.29431438127091,0.76,0.27,0.5744468866429812,0.42555311335701856,3.6559199281422163e-06,0.9999963440800731
177,88.79598662207358,0.76,0.27,0.5718996421791543,0.4281003578208454,3.550125027132308e-06,0.999996449874974
178,89.29765886287625,0.76,0.27,0.569481907864248,0.4305180921357518,3.4484793118940383e-06,0.9999965515206894
179,89.79933110367892,0.76,0.27,0.5671886010647538,0.43281139893524606,3.350746763474154e-06,0.999996649253238
180,90.3010033444816,0.76,0.27,0.5650146787693645,0.4349853212306352,3.256707891180666e-06,0.9999967432921103
181,90.80267558528428,0.76,0.27,0.5629551277568791,0.4370448722431206,3.1661599204297775e-06,0.9999968338400811
182,91.30434782608695,0.76,0.27,0.5610050288335873,0.4389949711664124,3.0789135784879306e-06,0.9999969210864231
183,91.80602006688963,0.76,0.27,0.5591595375481045,0.4408404624518952,2.994793442425647e-06,0.9999970052065593
184,92.3076923076923,0.76,0.27,0.5574139124024812,0.44258608759751855,2.9136363621095852e-06,0.9999970863636397
185,92.80936454849498,0.76,0.27,0.5557635388270339,0.4442364611729657,2.8352900240904686e-06,0.9999971647099779
186,93.31103678929766,0.76,0.27,0.5542039078612906,0.445796092138709,2.759613236932739e-06,0.9999972403867652
187,93.81270903010034,0.76,0.27,0.5527306583707073,0.4472693416292922,2.6864738500654776e-06,0.9999973135261521
188,94.31438127090301,0.76,0.27,0.5513395612292988,0.4486604387707007,2.615748809162269e-06,0.9999973842511931
189,94.81605351170569,0.76,0.27,0.5500265266671989,0.4499734733328007,2.5473233629918353e-06,0.9999974526766394
190,95.31772575250837,0.76,0.27,0.5487876211190981,0.4512123788809016,2.481089927838086e-06,0.9999975189100748
191,95.81939799331104,0.76,0.27,0.5476190465878406,0.45238095341215906,2.4169483443251346e-06,0.9999975830516584
192,96.3210702341137,0.76,0.27,0.5465171624405235,0.4534828375594762,2.3548041378397256e-06,0.9999976451958651
193,96.82274247491638,0.76,0.27,0.5454784718032701,0.4545215281967295,2.294570532140611e-06,0.999997705429471
194,97.32441471571906,0.76,0.27,0.5444996249660824,0.4555003750339172,2.2361639580032206e-06,0.9999977638360452
195,97.82608695652173,0.76,0.27,0.5435774208285614,0.45642257917143825,2.1795071711127663e-06,0.9999978204928324
196,98.32775919732441,0.76,0.27,0.5427087922940832,0.4572912077059166,2.1245275874613957e-06,0.9999978754724163
197,98.82943143812709,0.76,0.27,0.5418908219104778,0.4581091780895219,2.071156744172793e-06,0.9999979288432598
198,99.33110367892976,0.76,0.27,0.5411207351290448,0.458879264870955,2.0193302413174538e-06,0.9999979806697628
199,99.83277591973244,0.76,0.27,0.5403958689246543,0.4596041310753454,1.968987074702298e-06,0.9999980310129296
200,100.33444816053512,0.76,0.27,0.5397137037904437,0.4602862962095561,1.9200704045854703e-06,0.9999980799296
201,100.8361204013378,0.76,0.27,0.539071854049542,0.46092814595045767,1.8725270988858354e-06,0.999998127472906
202,101.33779264214047,0.76,0.27,0.5384680330718895,0.4615319669281102,1.826305548369107e-06,0.9999981736944568
203,101.83946488294315,0.76,0.27,0.5379000816735499,0.4620999183264497,1.7813575468561171e-06,0.9999982186424586
204,102.34113712374582,0.76,0.27,0.5373659497222381,0.4626340502777615,1.7376373867852002e-06,0.999998262362619
205,102.8428093645485,0.76,0.27,0.5368636945173626,0.463136305482637,1.6951017386770623e-06,0.9999983048982675
206,103.34448160535118,0.76,0.27,0.5363914846403901,0.4636085153596095,1.6537098682841617e-06,0.9999983462901383
207,103.84615384615384,0.76,0.27,0.5359475721362843,0.4640524278637153,1.6134224984543512e-06,0.9999983865775085
208,104.34782608695652,0.76,0.27,0.5355303171606546,0.464469682839345,1.5742027995934834e-06,0.9999984257972079
209,104.84949832775919,0.76,0.27,0.5351381602397025,0.4648618397602971,1.5360154346538568e-06,0.9999984639845733
210,105.35117056856187,0.76,0.27,0.5347696300172827,0.4652303699827169,1.4988268085643287e-06,0.9999985011731999
211,105.85284280936455,0.76,0.27,0.5344233424874454,0.46557665751255417,1.4626050820708816e-06,0.9999985373949268
212,106.35451505016722,0.76,0.27,0.5340979782510513,0.46590202174894824,1.427319503842636e-06,0.9999985726805056
213,106.8561872909699,0.76,0.27,0.5337923070518621,0.46620769294813735,1.3929411167232491e-06,0.9999986070588932
214,107.35785953177258,0.76,0.27,0.5335051565066287,0.46649484349337084,1.3594419480124802e-06,0.9999986405580625
215,107.85953177257525,0.76,0.27,0.5332354255034545,0.46676457449654507,1.326795338077585e-06,0.9999986732046732
216,108.36120401337793,0.76,0.27,0.5329820794883329,0.4670179205116666,1.2949758081962618e-06,0.9999987050242037
217,108.8628762541806,0.76,0.27,0.5327441429512156,0.4672558570487838,1.2639589575963162e-06,0.999998736041055
218,109.36454849498328,0.76,0.27,0.5325206944152815,0.46747930558471784,1.2337213938687735e-06,0.9999987662786195
219,109.86622073578596,0.76,0.27,0.5323108585200031,0.46768914147999624,1.2042403916916074e-06,0.9999987957596225
220,110.36789297658864,0.76,0.27,0.5321138047100749,0.46788619528992453,1.1754939345913658e-06,0.9999988245060805
221,110.8695652173913,0.76,0.27,0.5319287690488886,0.46807123095111075,1.1474613812348587e-06,0.9999988525386347
222,111.37123745819397,0.76,0.27,0.5317550322446244,0.46824496775537505,1.1201228480786834e-06,0.999998879877169
223,111.87290969899665,0.76,0.27,0.53159191680008,0.46840808319991944,1.0934591637400052e-06,0.9999989065408543
224,112.37458193979933,0.76,0.27,0.5314387785049297,0.46856122149506974,1.067451686702243e-06,0.9999989325483325
225,112.876254180602,0.76,0.27,0.5312950112788104,0.468704988721189,1.042082442747023e-06,0.9999989579175776
226,113.37792642140468,0.76,0.27,0.5311600450903328,0.4688399549096666,1.0173340959798133e-06,0.9999989826659256
227,113.87959866220736,0.76,0.27,0.5310333473102162,0.4689666526897832,9.931900072391093e-07,0.9999990068100156
228,114.38127090301003,0.76,0.27,0.5309144147491921,0.46908558525080724,9.696340487728674e-07,0.9999990303659755
229,114.88294314381271,0.76,0.27,0.5308027748703337,0.4691972251296657,9.466506397540772e-07,0.999999053349386
230,115.38461538461539,0.76,0.27,0.5306979843128641,0.4693020156871353,9.242247219402274e-07,0.9999990757753054
231,115.88628762541806,0.76,0.27,0.5305996256249726,0.4694003743750267,9.023417098461023e-07,0.9999990976583192
232,116.38795986622074,0.76,0.27,0.5305073067073379,0.4694926932926614,8.809874970412806e-07,0.9999991190125337
233,116.88963210702342,0.76,0.27,0.5304206588238322,0.46957934117616723,8.601484217564861e-07,0.9999991398516109
234,117.3913043478261,0.76,0.27,0.5303393347344002,0.4696606652655993,8.398112330105575e-07,0.9999991601888016
235,117.89297658862876,0.76,0.27,0.5302630093705835,0.469736990629416,8.199631046423043e-07,0.9999991800369321
236,118.39464882943143,0.76,0.27,0.5301913770596899,0.46980862294030956,8.00591594118898e-07,0.999999199408445
237,118.89632107023411,0.76,0.27,0.5301241502657661,0.4698758497342335,7.816846249793026e-07,0.9999992183154165
238,119.39799331103679,0.76,0.27,0.5300610600547155,0.469938939945284,7.632304983456517e-07,0.9999992367695456
239,119.89966555183946,0.76,0.27,0.5300018528839311,0.4699981471160685,7.452178408940109e-07,0.9999992547822057
240,120.40133779264214,0.76,0.27,0.5299462896928405,0.4700537103071591,7.276355929814124e-07,0.9999992723644566
241,120.90301003344482,0.76,0.27,0.5298941459526886,0.470105854047311,7.104730115087708e-07,0.9999992895270411
242,121.40468227424749,0.76,0.27,0.5298452135553228,0.47015478644467673,6.937197016898638e-07,0.9999993062803542
243,121.90635451505017,0.76,0.27,0.5297992953073188,0.4702007046926806,6.773655317547173e-07,0.9999993226345275
244,122.40802675585284,0.76,0.27,0.5297562052348239,0.4702437947651755,6.614006396430354e-07,0.9999993385994232
245,122.90969899665552,0.76,0.27,0.5297157691094545,0.470284230890545,6.458154405193816e-07,0.9999993541846263
246,123.4113712374582,0.76,0.27,0.5296778251890585,0.47032217481094096,6.306006370238889e-07,0.9999993693994338
247,123.91304347826087,0.76,0.27,0.5296422201153697,0.4703577798846298,6.157471619074649e-07,0.9999993842529133
248,124.41471571906355,0.76,0.27,0.529608809289935,0.47039119071006436,6.012461831889798e-07,0.9999993987538967
249,124.91638795986621,0.76,0.27,0.5295774576652811,0.47042254233471836,5.870891142659371e-07,0.9999994129109705
250,125.41806020066889,0.76,0.27,0.5295480394676749,0.4704519605323246,5.732676096571661e-07,0.9999994267324803
251,125.91973244147157,0.76,0.27,0.5295204354590538,0.4704795645409457,5.597735276920988e-07,0.9999994402265678
252,126.42140468227424,0.76,0.27,0.5294945331876619,0.4705054668123376,5.465989333223135e-07,0.999999453401168
253,126.92307692307692,0.76,0.27,0.5294702280807676,0.4705297719192319,5.337361097007078e-07,0.9999994662639979
254,127.4247491638796,0.76,0.27,0.5294474223968777,0.4705525776031218,5.211775441316212e-07,0.9999994788225701
255,127.92642140468227,0.76,0.27,0.5294260235632103,0.4705739764367892,5.089159066605869e-07,0.9999994910842147
256,128.42809364548495,0.76,0.27,0.5294059443223224,0.47059405567767726,4.969440503266674e-07,0.9999995030560785
257,128.9297658862876,0.76,0.27,0.5293871037243728,0.47061289627562675,4.85255021576961e-07,0.9999995147451152
258,129.4314381270903,0.76,0.27,0.5293694257758658,0.4706305742241339,4.73842042562003e-07,0.9999995261581026
259,129.93311036789297,0.76,0.27,0.5293528386059831,0.4706471613940165,4.626984996415739e-07,0.9999995373016545
260,130.43478260869566,0.76,0.27,0.5293372745386666,0.470662725461333,4.5181794271984383e-07,0.9999995481822209
261,130.93645484949832,0.76,0.27,0.5293226712645979,0.47067732873540186,4.4119409737417636e-07,0.9999995588060764
262,131.438127090301,0.76,0.27,0.5293089698207053,0.4706910301792943,4.308208395698735e-07,0.9999995691793448
263,131.93979933110367,0.76,0.27,0.5292961142955853,0.47070388570441435,4.2069219060168847e-07,0.9999995793080052
264,132.44147157190636,0.76,0.27,0.5292840517561356,0.4707159482438641,4.1080231462784176e-07,0.9999995891978932
265,132.94314381270902,0.76,0.27,0.5292727322786887,0.4707272677213111,4.0114551724920313e-07,0.9999995988547035
266,133.44481605351172,0.76,0.27,0.5292621113186673,0.4707378886813324,3.917162704024101e-07,0.999999608283964
267,133.94648829431438,0.76,0.27,0.5292521461639512,0.47074785383604856,3.825091706806549e-07,0.9999996174910781
268,134.44816053511707,0.76,0.27,0.5292427962084931,0.4707572037915066,3.735189406413803e-07,0.9999996264813235
269,134.94983277591973,0.76,0.27,0.5292340230618147,0.470765976938185,3.647404282672205e-07,0.9999996352598521
270,135.45150501672242,0.76,0.27,0.5292257906442446,0.4707742093557551,3.561686065122734e-07,0.9999996438316912
271,135.95317725752508,0.76,0.27,0.5292180664976482,0.4707819335023514,3.477985873878409e-07,0.9999996522017287
272,136.45484949832775,0.76,0.27,0.5292108194402423,0.47078918055975744,3.3962559231683577e-07,0.9999996603747432
273,136.95652173913044,0.76,0.27,0.5292040199076777,0.470795980092322,3.3164495462080886e-07,0.9999996683554017
274,137.4581939799331,0.76,0.27,0.5291976399165045,0.4708023600834952,3.2385211748996524e-07,0.9999996761482607
275,137.9598662207358,0.76,0.27,0.5291916532486597,0.47080834675134,3.1624263480900345e-07,0.9999996837577667
276,138.46153846153845,0.76,0.27,0.5291860363273829,0.4708139636726168,3.088121806464893e-07,0.9999996911882457
277,138.96321070234114,0.76,0.27,0.5291807663780533,0.4708192336219464,3.0155652472447734e-07,0.9999996984439279
278,139.4648829431438,0.76,0.27,0.5291758218167438,0.4708241781832559,2.944715358012814e-07,0.9999997055289447
279,139.9665551839465,0.76,0.27,0.5291711821833814,0.47082881781661834,2.8755317934818596e-07,0.9999997124473308
280,140.46822742474916,0.76,0.27,0.529166828424975,0.47083317157502474,2.807975192736142e-07,0.9999997192030223
281,140.96989966555185,0.76,0.27,0.5291627434806051,0.47083725651939456,2.7420072318679843e-07,0.9999997257998517
282,141.4715719063545,0.76,0.27,0.5291589107840592,0.47084108921594053,2.677590432365041e-07,0.9999997322415671
283,141.9732441471572,0.76,0.27,0.5291553146757871,0.47084468532421253,2.614688193451074e-07,0.9999997385318287
284,142.47491638795987,0.76,0.27,0.5291519403367911,0.4708480596632086,2.5532647683519675e-07,0.9999997446742112
285,142.97658862876253,0.76,0.27,0.5291487740151416,0.47085122598485807,2.493285286518934e-07,0.9999997506722018
286,143.47826086956522,0.76,0.27,0.5291458032153803,0.4708541967846194,2.434715770171621e-07,0.9999997565291985
287,143.97993311036788,0.76,0.27,0.529143015865234,0.4708569841347656,2.3775229943225957e-07,0.9999997622485239
288,144.48160535117057,0.76,0.27,0.5291404005561046,0.47085959944389516,2.3216745111390066e-07,0.999999767833423
289,144.98327759197323,0.76,0.27,0.5291379464759886,0.4708620535240112,2.2671386272321058e-07,0.9999997732870654
290,145.48494983277592,0.76,0.27,0.5291356437059322,0.4708643562940675,2.2138844388498798e-07,0.9999997786125414
291,145.9866220735786,0.76,0.27,0.5291334832017174,0.4708665167982824,2.1618818169722982e-07,0.9999997838128644
292,146.48829431438128,0.76,0.27,0.529131456155461,0.4708685438445388,2.1111012937160803e-07,0.9999997888909812
293,146.98996655518394,0.76,0.27,0.5291295542225485,0.47087044577745135,2.0615140864625472e-07,0.9999997938497704
294,147.49163879598663,0.76,0.27,0.5291277694642896,0.47087223053571015,2.0130920767410702e-07,0.9999997986920441
295,147.9933110367893,0.76,0.27,0.5291260943850465,0.47087390561495324,1.965807804705645e-07,0.9999998034205485
296,148.49498327759198,0.76,0.27,0.5291245225723539,0.4708754774276458,1.9196345631086201e-07,0.9999998080379546
297,148.99665551839465,0.76,0.27,0.529123047764729,0.4708769522352707,1.8745462318344236e-07,0.9999998125468749
298,149.49832775919734,0.76,0.27,0.5291216639599097,0.4708783360400901,1.8305172841097984e-07,0.999999816949862
299,150.0,0.76,0.27,0.5291203654795205,0.47087963452047926,1.787522785524332e-07,0.9999998212494099
