,time,beta,alpha,sigma_D,sigma_C,S_c,S_d,I_c,I_d
0,0.0,0.5,0.2,0.75,0.7916666666666666,0.09995999999999998,0.89964,3.999999999999999e-05,0.00036
1,0.200133422281521,0.5,0.2,0.75,0.7916666666666666,0.09641268849806699,0.9031648772148808,4.519157028835857e-05,0.00037724271676379417
2,0.400266844563042,0.5,0.2,0.75,0.7916666666666666,0.09297822333196092,0.9065757412808062,5.0639718259745206e-05,0.00039539566897319346
3,0.600400266844563,0.5,0.2,0.75,0.7916666666666666,0.08965391987395525,0.9098752122658624,5.635186154127127e-05,0.0004145159986411012
4,0.800533689126084,0.5,0.2,0.75,0.7916666666666666,0.0864371117735103,0.9130658878839107,6.233588738642249e-05,0.0004346644551925226
5,1.0006671114076051,0.5,0.2,0.75,0.7916666666666666,0.08332513897283449,0.9161503532484967,6.860041297755035e-05,0.000455907365691206
6,1.200800533689126,0.5,0.2,0.75,0.7916666666666666,0.08031533973205117,0.9191311961001748,7.515394558774613e-05,0.0004783102221862236
7,1.400933955970647,0.5,0.2,0.75,0.7916666666666666,0.07740506856996093,0.922010981979149,8.200566433859656e-05,0.0005019437865514444
8,1.601067378252168,0.5,0.2,0.75,0.7916666666666666,0.07459170632382676,0.9247922402273913,8.916586750376765e-05,0.0005268875812781439
9,1.801200800533689,0.5,0.2,0.75,0.7916666666666666,0.07187264646261785,0.9274774860036774,9.66450198941954e-05,0.0005532225138105077
10,2.0013342228152102,0.5,0.2,0.75,0.7916666666666666,0.06924531648144448,0.9300691922112868,0.00010445450539989579,0.0005810368018687017
11,2.201467645096731,0.5,0.2,0.75,0.7916666666666666,0.06670715876612714,0.9325698141427324,0.00011260598948555119,0.0006104211016547877
12,2.401601067378252,0.5,0.2,0.75,0.7916666666666666,0.06425566364504941,0.9349817489851102,0.00012111223526781742,0.0006414751345723615
13,2.601734489659773,0.5,0.2,0.75,0.7916666666666666,0.0618883545955753,0.9373073542573888,0.0001299866804720264,0.000674304466563786
14,2.801867911941294,0.5,0.2,0.75,0.7916666666666666,0.059602781717557084,0.9395489555175341,0.00013924331241045492,0.0007090194524982174
15,3.002001334222815,0.5,0.2,0.75,0.7916666666666666,0.05739655220775176,0.9417088097747031,0.00014889728039734618,0.0007457407371477657
16,3.202134756504336,0.5,0.2,0.75,0.7916666666666666,0.055267285955930834,0.9437891586979603,0.00015896398758161753,0.0007845913585271293
17,3.402268178785857,0.5,0.2,0.75,0.7916666666666666,0.05321267430073744,0.9457921578072068,0.00016946028212411418,0.0008257076099316152
18,3.602401601067378,0.5,0.2,0.75,0.7916666666666666,0.05123043901953954,0.9477199253674056,0.00018040362628242023,0.0008692319867725054
19,3.802535023348899,0.5,0.2,0.75,0.7916666666666666,0.04931835739426706,0.9495745125126401,0.00019181261066877396,0.0009153174824240956
20,4.0026684456304205,0.5,0.2,0.75,0.7916666666666666,0.04747424566687845,0.9513579212924975,0.0002037067054479796,0.0009641263351760858
21,4.202801867911941,0.5,0.2,0.75,0.7916666666666666,0.04569597322406363,0.9530720885118419,0.00021610650218093866,0.0010158317619134727
22,4.402935290193462,0.5,0.2,0.75,0.7916666666666666,0.043981456212195624,0.954718891798756,0.0002290336463954071,0.0010706183426528713
23,4.603068712474983,0.5,0.2,0.75,0.7916666666666666,0.04232865482826706,0.9563001526411133,0.00024251079342246833,0.0011286817371970158
24,4.803202134756504,0.5,0.2,0.75,0.7916666666666666,0.04073558077639239,0.957817627043118,0.0002565617920765207,0.001190230388412981
25,5.003335557038025,0.5,0.2,0.75,0.7916666666666666,0.039200296170123064,0.9592730043385281,0.00027121178499318974,0.001255487706355517
26,5.203468979319546,0.5,0.2,0.75,0.7916666666666666,0.03772091165247112,0.9606679113233648,0.0002864870746707375,0.0013246899494932288
27,5.403602401601067,0.5,0.2,0.75,0.7916666666666666,0.03629558731776018,0.9620039062646744,0.00030241538935587577,0.0013980910282094384
28,5.603735823882588,0.5,0.2,0.75,0.7916666666666666,0.0349225323153453,0.9632824825140358,0.0003190257158167631,0.0014759594548021003
29,5.803869246164109,0.5,0.2,0.75,0.7916666666666666,0.033600003922048344,0.9645050626644178,0.0003363486261296652,0.0015585847874041675
30,6.00400266844563,0.5,0.2,0.75,0.7916666666666666,0.03232630845610169,0.9656730030314694,0.00035441601976893424,0.0016462724926600949
31,6.204136090727151,0.5,0.2,0.75,0.7916666666666666,0.031099800971786235,0.9667875928574482,0.00037326117336580067,0.0017393449973998457
32,6.404269513008672,0.5,0.2,0.75,0.7916666666666666,0.029918881705474704,0.9678500447769622,0.0003929193337546924,0.0018381541838084542
33,6.604402935290193,0.5,0.2,0.75,0.7916666666666666,0.028781999077551173,0.9688615025881743,0.0004134272316413459,0.0019430711026333083
34,6.804536357571714,0.5,0.2,0.75,0.7916666666666666,0.027687649390870078,0.9698230408694597,0.0004348231080203062,0.0020544866316500533
35,7.004669779853235,0.5,0.2,0.75,0.7916666666666666,0.026634370901073005,0.9707356547426813,0.0004571473860485746,0.0021728269701972803
36,7.204803202134756,0.5,0.2,0.75,0.7916666666666666,0.02562074836922264,0.9716002673837998,0.00048044217490049646,0.0022985420720773118
37,7.404936624416277,0.5,0.2,0.75,0.7916666666666666,0.024645413008737113,0.9724177299872886,0.0005047512677516649,0.0024321057362227333
38,7.605070046697798,0.5,0.2,0.75,0.7916666666666666,0.02370703485485542,0.9731888099445553,0.0005301208582651222,0.002574034342324361
39,7.805203468979319,0.5,0.2,0.75,0.7916666666666666,0.022804328167547214,0.973914199148175,0.0005565990432104279,0.0027248736410674327
40,8.005336891260841,0.5,0.2,0.75,0.7916666666666666,0.02193605177499082,0.9745945144430571,0.0005842357883839656,0.002885197993568179
41,8.205470313542362,0.5,0.2,0.75,0.7916666666666666,0.02110100033042335,0.9752302828802918,0.0006130836915697095,0.0030556330977152134
42,8.405603735823883,0.5,0.2,0.75,0.7916666666666666,0.0202980100428901,0.9758219515080528,0.0006431974864722278,0.003236840962584854
43,8.605737158105404,0.5,0.2,0.75,0.7916666666666666,0.019525959563250907,0.9763698887827005,0.0006746339645134734,0.0034295176895352184
44,8.805870580386925,0.5,0.2,0.75,0.7916666666666666,0.01878376148303846,0.9768743678517069,0.0007074526784780191,0.0036344179867767103
45,9.006004002668446,0.5,0.2,0.75,0.7916666666666666,0.018070365922760605,0.9773355737843206,0.0007417156480709044,0.0038523446448480076
46,9.206137424949967,0.5,0.2,0.75,0.7916666666666666,0.017384760625068732,0.9777536024331854,0.0007774873418885165,0.004084149599857439
47,9.406270847231488,0.5,0.2,0.75,0.7916666666666666,0.016725967198083055,0.9781284508667804,0.000814834970034564,0.004330746965102125
48,9.606404269513009,0.5,0.2,0.75,0.7916666666666666,0.016093044465938476,0.9784600266091912,0.0008538282267820951,0.004593100698088205
49,9.80653769179453,0.5,0.2,0.75,0.7916666666666666,0.015485082048927035,0.9787481286437144,0.0008945397469729793,0.004872249560385584
50,10.00667111407605,0.5,0.2,0.75,0.7916666666666666,0.014901203880127641,0.9789924579597074,0.0009370448600190541,0.0051692933001459
51,10.206804536357572,0.5,0.2,0.75,0.7916666666666666,0.014340565918496972,0.9791926085558317,0.0009814217186195314,0.005485403807051748
52,10.406937958639093,0.5,0.2,0.75,0.7916666666666666,0.013802353409814196,0.9793480576052338,0.001027751466709907,0.005821837518242058
53,10.607071380920614,0.5,0.2,0.75,0.7916666666666666,0.013285784624953067,0.9794581791963213,0.0010761180097121539,0.006179918169013416
54,10.807204803202135,0.5,0.2,0.75,0.7916666666666666,0.012790103589518998,0.9795222124374677,0.001126608307204094,0.006561075665809087
55,11.007338225483656,0.5,0.2,0.75,0.7916666666666666,0.01231458602939458,0.9795392884433255,0.0011793121604639681,0.006966813366815983
56,11.207471647765177,0.5,0.2,0.75,0.7916666666666666,0.011858534444582623,0.9795084052602443,0.00123432228706824,0.007398738008104798
57,11.407605070046698,0.5,0.2,0.75,0.7916666666666666,0.011421277115509668,0.979428422095689,0.0012917343093254419,0.007858566479475878
58,11.607738492328219,0.5,0.2,0.75,0.7916666666666666,0.011002169128925219,0.979298065505095,0.0013516467738836108,0.008348118592096205
59,11.80787191460974,0.5,0.2,0.75,0.7916666666666666,0.010600591270717639,0.9791159165227565,0.0014141608745375422,0.008869331331988275
60,12.00800533689126,0.5,0.2,0.75,0.7916666666666666,0.010215948282048751,0.9788804034455801,0.0014793805455298808,0.009424267726841283
61,12.208138759172781,0.5,0.2,0.75,0.7916666666666666,0.009847667630474635,0.9785897956302257,0.0015474124563447102,0.010015124282954927
62,12.408272181454302,0.5,0.2,0.75,0.7916666666666666,0.009495201643518294,0.9782422046540794,0.0016183653773718242,0.010644228325030546
63,12.608405603735823,0.5,0.2,0.75,0.7916666666666666,0.009158024518594944,0.9778355723082187,0.0016923504676240033,0.011314052705562487
64,12.808539026017344,0.5,0.2,0.75,0.7916666666666666,0.008835631718918302,0.9773676636437628,0.0017694809884747922,0.012027223648844333
65,13.008672448298865,0.5,0.2,0.75,0.7916666666666666,0.008527539721936853,0.9768360579136881,0.0018498716208974267,0.012786530743477815
66,13.208805870580386,0.5,0.2,0.75,0.7916666666666666,0.008233284999981801,0.9762381453205196,0.001933638779879985,0.013594930899618858
67,13.408939292861907,0.5,0.2,0.75,0.7916666666666666,0.007952423440774946,0.975571117237792,0.0020208998822404847,0.014455559439192857
68,13.609072715143428,0.5,0.2,0.75,0.7916666666666666,0.00768452971394724,0.974831957034386,0.0021117726975979963,0.015371740554069004
69,13.80920613742495,0.5,0.2,0.75,0.7916666666666666,0.0074291964205643055,0.974017435899561,0.0022063756130543846,0.016346992066820547
70,14.00933955970647,0.5,0.2,0.75,0.7916666666666666,0.007186033512535755,0.9731241030547292,0.002304826275398683,0.017385037157336677
71,14.209472981987991,0.5,0.2,0.75,0.7916666666666666,0.006954667578906833,0.9721482783903803,0.002407241252163036,0.018489812778550184
72,14.409606404269512,0.5,0.2,0.75,0.7916666666666666,0.0067347411001059485,0.971086045681141,0.0025137358584008244,0.019665477360352592
73,14.609739826551033,0.5,0.2,0.75,0.7916666666666666,0.006525911754907634,0.9699332459053328,0.0026244219943410176,0.020916420345418924
74,14.809873248832554,0.5,0.2,0.75,0.7916666666666666,0.006327851728182002,0.9686854688474211,0.002739408751968748,0.022247270672428408
75,15.010006671114075,0.5,0.2,0.75,0.7916666666666666,0.006140247009330151,0.9673380456012073,0.002858801876260459,0.02366290551320238
76,15.210140093395596,0.5,0.2,0.75,0.7916666666666666,0.005962796646188968,0.9658860465165597,0.002982701409974477,0.02516845542727709
77,15.410273515677117,0.5,0.2,0.75,0.7916666666666666,0.005795211989885465,0.9643242803084028,0.003111199149189267,0.02676930855252278
78,15.610406937958638,0.5,0.2,0.75,0.7916666666666666,0.005637216073890541,0.9626472765938235,0.0032443810355185197,0.028471126296767776
79,15.810540360240159,0.5,0.2,0.75,0.7916666666666666,0.005488542859663619,0.9608492847267088,0.0033823249390566796,0.030279847474571235
80,16.010673782521682,0.5,0.2,0.75,0.7916666666666666,0.005348936296005287,0.9589242925620463,0.003525096778319676,0.03220167436362912
81,16.210807204803203,0.5,0.2,0.75,0.7916666666666666,0.005218149677027815,0.9568660125518003,0.0036727505245915783,0.03424308724658079
82,16.410940627084724,0.5,0.2,0.75,0.7916666666666666,0.0050959449204442415,0.954667878738183,0.0038253273031585936,0.0364108490382145
83,16.611074049366245,0.5,0.2,0.75,0.7916666666666666,0.004982091707699753,0.9523230683320776,0.0039828532645511516,0.038711986695671836
84,16.811207471647766,0.5,0.2,0.75,0.7916666666666666,0.0048763667895721135,0.9498244861228033,0.004145338473026377,0.041153808614598504
85,17.011340893929287,0.5,0.2,0.75,0.7916666666666666,0.004778553197616087,0.9471647825625449,0.004312774913696862,0.04374388932614251
86,17.211474316210808,0.5,0.2,0.75,0.7916666666666666,0.004688439446999482,0.9443363902676015,0.004485133993031697,0.046490036292367504
87,17.41160773849233,0.5,0.2,0.75,0.7916666666666666,0.004605818827661836,0.9413315133350836,0.004662366049401919,0.0494003017878529
88,17.61174116077385,0.5,0.2,0.75,0.7916666666666666,0.004530488661187086,0.9381421591948325,0.004844398373803345,0.05248295377017737
89,17.81187458305537,0.5,0.2,0.75,0.7916666666666666,0.004462249646573611,0.9347601624673529,0.0050311338625622076,0.055746454023511534
90,18.01200800533689,0.5,0.2,0.75,0.7916666666666666,0.004400905175745245,0.9311772168566081,0.005222449641090027,0.05919942832655679
91,18.212141427618413,0.5,0.2,0.75,0.7916666666666666,0.004346260752876714,0.9273849108107927,0.0054181959947006,0.06285063244163022
92,18.412274849899934,0.5,0.2,0.75,0.7916666666666666,0.004298123466524687,0.9233747698201745,0.005618195529901723,0.06670891118339929
93,18.612408272181455,0.5,0.2,0.75,0.7916666666666666,0.004256301557703067,0.9191383061031378,0.005822242706179624,0.07078314963297967
94,18.812541694462976,0.5,0.2,0.75,0.7916666666666666,0.004220604123129006,0.9146670599133869,0.006030103628035257,0.07508223233544903
95,19.012675116744497,0.5,0.2,0.75,0.7916666666666666,0.004190840830581033,0.9099526797665254,0.006241516492834985,0.07961496291005872
96,19.212808539026017,0.5,0.2,0.75,0.7916666666666666,0.0041668217080547834,0.9049869865806219,0.006456191998172128,0.08438999971315123
97,19.41294196130754,0.5,0.2,0.75,0.7916666666666666,0.004148357532939928,0.8997620332519937,0.006673815412239664,0.08941579380282681
98,19.61307538358906,0.5,0.2,0.75,0.7916666666666666,0.0041352598522395876,0.8942701999730749,0.006894048265973507,0.09470049190871208
99,19.81320880587058,0.5,0.2,0.75,0.7916666666666666,0.0041273413862602725,0.8885042756781302,0.007116530903791143,0.10025185203181834
100,20.0133422281521,0.5,0.2,0.75,0.7916666666666666,0.004124416801633401,0.8824575595097734,0.007340886520476475,0.10607713716811652
101,20.213475650433622,0.5,0.2,0.75,0.7916666666666666,0.004126303391179911,0.8761239548371331,0.0075667248139894595,0.11218301695769749
102,20.413609072715143,0.5,0.2,0.75,0.7916666666666666,0.004132822249474811,0.8694980794133405,0.007793647444794226,0.11857545089239042
103,20.613742494996664,0.5,0.2,0.75,0.7916666666666666,0.004143799628384929,0.862575375468145,0.008021254049467208,0.1252595708540028
104,20.813875917278185,0.5,0.2,0.75,0.7916666666666666,0.004159068086683805,0.8553522173795924,0.008249147575670562,0.132239566958053
105,21.014009339559706,0.5,0.2,0.75,0.7916666666666666,0.004178468569302964,0.8478260295155395,0.00847694264577485,0.13951855926938242
106,21.214142761841227,0.5,0.2,0.75,0.7916666666666666,0.004201852590496982,0.8399954133900341,0.008704274422605907,0.14709845959686282
107,21.41427618412275,0.5,0.2,0.75,0.7916666666666666,0.004229083973828835,0.8318602463186556,0.008930805445221512,0.15497986426229393
108,21.61440960640427,0.5,0.2,0.75,0.7916666666666666,0.0042600411728810905,0.8234217894595108,0.0091562344176568,0.1631619349499512
109,21.81454302868579,0.5,0.2,0.75,0.7916666666666666,0.0042946200219210265,0.8146828042141234,0.009380306468530619,0.17164226929542495
110,22.01467645096731,0.5,0.2,0.75,0.7916666666666666,0.004332735947509044,0.8056476264327969,0.009602820766704665,0.18041681685298933
111,22.214809873248832,0.5,0.2,0.75,0.7916666666666666,0.004374326953052161,0.7963222720778415,0.009823641150739224,0.18947975981836707
112,22.414943295530353,0.5,0.2,0.75,0.7916666666666666,0.004419355922325525,0.7867144800768936,0.010042703095849153,0.19882346090493153
113,22.615076717811874,0.5,0.2,0.75,0.7916666666666666,0.004467813623554285,0.7768337910435165,0.010260023740306715,0.2084383715926223
114,22.815210140093395,0.5,0.2,0.75,0.7916666666666666,0.004519720823695749,0.7666915495101927,0.0104757072365542,0.21831302242955714
115,23.015343562374916,0.5,0.2,0.75,0.7916666666666666,0.004575131171527021,0.7563009414258218,0.010689953300505078,0.22843397410214586
116,23.215476984656437,0.5,0.2,0.75,0.7916666666666666,0.0046341330777554,0.7456769568302016,0.010903061000115679,0.23878584909192713
117,23.415610406937958,0.5,0.2,0.75,0.7916666666666666,0.0046968521308634855,0.7348363676900674,0.011115434393763224,0.24935134578530568
118,23.61574382921948,0.5,0.2,0.75,0.7916666666666666,0.004763452800328171,0.7237976520176366,0.01132758496659265,0.2601113102154424
119,23.815877251501,0.5,0.2,0.75,0.7916666666666666,0.004834140149787253,0.7125809024579081,0.011540133628715225,0.2710448237635892
120,24.01601067378252,0.5,0.2,0.75,0.7916666666666666,0.0049091614259467245,0.7012077139364832,0.011753811933293166,0.2821293127042767
121,24.216144096064042,0.5,0.2,0.75,0.7916666666666666,0.004988807102856246,0.6897010300606071,0.011969461107529951,0.29334070172900656
122,24.416277518345563,0.5,0.2,0.75,0.7916666666666666,0.00507341168099164,0.6780849567270424,0.01218802927994794,0.304653602312018
123,24.616410940627084,0.5,0.2,0.75,0.7916666666666666,0.00516335493457125,0.6663845952117216,0.012410570941180811,0.31604147891252643
124,24.816544362908605,0.5,0.2,0.75,0.7916666666666666,0.005259062701536647,0.6546258358961594,0.012638244254529247,0.3274768571477746
125,25.016677785190126,0.5,0.2,0.75,0.7916666666666666,0.00536100718436627,0.642835111510558,0.012872305871735901,0.3389315754333397
126,25.216811207471647,0.5,0.2,0.75,0.7916666666666666,0.005469707431067822,0.6310391518871423,0.013114106527857399,0.3503770341539323
127,25.416944629753168,0.5,0.2,0.75,0.7916666666666666,0.005585730084568275,0.6192647515894426,0.013365087949538643,0.36178443037645036
128,25.61707805203469,0.5,0.2,0.75,0.7916666666666666,0.005709690100803377,0.6075385291106201,0.013626779461128943,0.3731250013274475
129,25.81721147431621,0.5,0.2,0.75,0.7916666666666666,0.0058422513017906946,0.5958866692929471,0.013900793510922334,0.3843702858943398
130,26.01734489659773,0.5,0.2,0.75,0.7916666666666666,0.005984127284514838,0.5843346874364892,0.014188822634565786,0.39549236264443005
131,26.21747831887925,0.5,0.2,0.75,0.7916666666666666,0.006136082533997306,0.5729072051888433,0.01449263726169359,0.4064640750154657
132,26.417611741160773,0.5,0.2,0.75,0.7916666666666666,0.006298933764048596,0.561627743229116,0.014814084028397746,0.4172592389784376
133,26.617745163442294,0.5,0.2,0.75,0.7916666666666666,0.0064735514766544365,0.5505185291215364,0.015155084941277625,0.42785283446053146
134,26.817878585723815,0.5,0.2,0.75,0.7916666666666666,0.006660861793751125,0.5396003307921667,0.01551763730060807,0.438221170113474
135,27.018012008005336,0.5,0.2,0.75,0.7916666666666666,0.006861848672348387,0.528892316690975,0.01590381486709922,0.4483420197695773
136,27.218145430286857,0.5,0.2,0.75,0.7916666666666666,0.007077556316617,0.5184119370375787,0.016315769290289165,0.4581947373555151
137,27.418278852568378,0.5,0.2,0.75,0.7916666666666666,0.007309092001575859,0.508174842014904,0.016755733079238545,0.46776033290428143
138,27.6184122748499,0.5,0.2,0.75,0.7916666666666666,0.007557629009166224,0.4981948148454756,0.017226022478246686,0.47702153366711136
139,27.81854569713142,0.5,0.2,0.75,0.7916666666666666,0.007824410042101541,0.4884837475163804,0.017729041760639164,0.48596280068087877
140,28.01867911941294,0.5,0.2,0.75,0.7916666666666666,0.008110750667612075,0.47905162475177415,0.018267287181213707,0.4945703373994
141,28.21881254169446,0.5,0.2,0.75,0.7916666666666666,0.008418043167731143,0.4699065509010457,0.01884335204878464,0.5028320538824385
142,28.418945963975982,0.5,0.2,0.75,0.7916666666666666,0.008747760365493382,0.46105478015390905,0.01945993127150708,0.5107375282090904
143,28.619079386257503,0.5,0.2,0.75,0.7916666666666666,0.009101459771387738,0.4525007840925351,0.020119826530391727,0.5182779296056853
144,28.819212808539024,0.5,0.2,0.75,0.7916666666666666,0.009480787631926082,0.44424732025722435,0.020825950775073165,0.5254459413357763
145,29.019346230820545,0.5,0.2,0.75,0.7916666666666666,0.009887483168889913,0.436295528142956,0.02158133279730946,0.5322356558908445
146,29.219479653102066,0.5,0.2,0.75,0.7916666666666666,0.010323382636545846,0.42864502589059716,0.022389120909665435,0.5386424705631915
147,29.419613075383587,0.5,0.2,0.75,0.7916666666666666,0.01079042348573933,0.4212940259804552,0.0232525862999507,0.5446629642338546
148,29.61974649766511,0.5,0.2,0.75,0.7916666666666666,0.011290648103581356,0.41423944667369134,0.02417512494582236,0.5502947802769048
149,29.81987991994663,0.5,0.2,0.75,0.7916666666666666,0.01182620752572804,0.4074770320876358,0.025160258734597984,0.555536501652038
150,30.02001334222815,0.5,0.2,0.75,0.7916666666666666,0.01239936476645384,0.401001475364257,0.026211635116323816,0.5603875247529652
151,30.22014676450967,0.5,0.2,0.75,0.7916666666666666,0.013012497639514616,0.39480653930982085,0.02733302496824023,0.5648479380824242
152,30.420280186791192,0.5,0.2,0.75,0.7916666666666666,0.013668101299993645,0.38888517212450285,0.028528318924647748,0.5689184076508557
153,30.620413609072713,0.5,0.2,0.75,0.7916666666666666,0.01436878978845124,0.38322962714165726,0.029801521054221795,0.5726000620156696
154,30.820547031354234,0.5,0.2,0.75,0.7916666666666666,0.015117297284305598,0.3778315667228599,0.03115674074312933,0.575894395249705
155,31.020680453635755,0.5,0.2,0.75,0.7916666666666666,0.01591647808249305,0.37268217268810816,0.03259818141021013,0.5788031678191885
156,31.220813875917276,0.5,0.2,0.75,0.7916666666666666,0.016769305857040957,0.36777224136976094,0.0341301265937646,0.5813283261794333
157,31.420947298198797,0.5,0.2,0.75,0.7916666666666666,0.017678871698286847,0.36309227490498724,0.035756922787384966,0.5834719306093407
158,31.621080720480318,0.5,0.2,0.75,0.7916666666666666,0.01864838071780111,0.3586325705491861,0.03748295865300098,0.5852360900800115
159,31.82121414276184,0.5,0.2,0.75,0.7916666666666666,0.019681147571448072,0.3543832918408496,0.03931264079665867,0.5866229197910434
160,32.021347565043364,0.5,0.2,0.75,0.7916666666666666,0.020780589913973198,0.35033454745577597,0.041250365494505774,0.5876344971357448
161,32.22148098732488,0.5,0.2,0.75,0.7916666666666666,0.021950220570679222,0.346476449398582,0.04330048616503392,0.5882728438657046
162,32.421614409606406,0.5,0.2,0.75,0.7916666666666666,0.02319363748276631,0.34279917572544644,0.04546727712801428,0.5885399096637727
163,32.62174783188792,0.5,0.2,0.75,0.7916666666666666,0.024514511741508843,0.33929302148232127,0.04775489237016246,0.5884375744060072
164,32.82188125416945,0.5,0.2,0.75,0.7916666666666666,0.025916573490439795,0.3359484453602857,0.050167320624370876,0.5879676605249033
165,33.022014676450965,0.5,0.2,0.75,0.7916666666666666,0.027403595452669623,0.33275611354551876,0.05270833632424204,0.5871319546775693
166,33.22214809873249,0.5,0.2,0.75,0.7916666666666666,0.028979373957377534,0.32970693266280876,0.05538144417541493,0.5859322492043986
167,33.42228152101401,0.5,0.2,0.75,0.7916666666666666,0.030647708087652277,0.32679208825775136,0.058189825547920945,0.5843703781066751
168,33.62241494329553,0.5,0.2,0.75,0.7916666666666666,0.03241237555002947,0.32400307228650677,0.061136275700232855,0.5824482764632306
169,33.82254836557705,0.5,0.2,0.75,0.7916666666666666,0.03427710631709092,0.3213317079578539,0.06422313949468943,0.5801680462303656
170,34.02268178785857,0.5,0.2,0.75,0.7916666666666666,0.03624555531675072,0.3187701739556123,0.06745225199957591,0.5775320187280608
171,34.22281521014009,0.5,0.2,0.75,0.7916666666666666,0.03832126987529614,0.31631102450686294,0.07082486532786116,0.5745428402899795
172,34.422948632421615,0.5,0.2,0.75,0.7916666666666666,0.04050765813171054,0.31394720706383367,0.0743415871621305,0.5712035476423251
173,34.62308205470313,0.5,0.2,0.75,0.7916666666666666,0.04280795485817363,0.31167207805773645,0.07800231786163218,0.5675176492224574
174,34.82321547698466,0.5,0.2,0.75,0.7916666666666666,0.045225183039651486,0.30947941765229686,0.08180618089786601,0.5634892184101854
175,35.023348899266175,0.5,0.2,0.75,0.7916666666666666,0.0477621201487308,0.3073634389059308,0.08575147448607971,0.5591229664592584
176,35.2234823215477,0.5,0.2,0.75,0.7916666666666666,0.05042125797383322,0.3053187993382926,0.08983561311777985,0.5544243295700941
177,35.42361574382922,0.5,0.2,0.75,0.7916666666666666,0.053204764389224224,0.30334060893562437,0.09405508116723364,0.5493995455079175
178,35.62374916611074,0.5,0.2,0.75,0.7916666666666666,0.05611444971715823,0.30142443287801546,0.09840540414565227,0.5440557132591737
179,35.82388258839226,0.5,0.2,0.75,0.7916666666666666,0.059151725976318466,0.29956629875408264,0.10288111436249277,0.5384008609071058
180,36.02401601067378,0.5,0.2,0.75,0.7916666666666666,0.06231757548995522,0.2977626957084041,0.10747574036486478,0.5324439884367757
181,36.2241494329553,0.5,0.2,0.75,0.7916666666666666,0.0656125193792613,0.29601057327332403,0.11218180664308738,0.526195100704327
182,36.424282855236825,0.5,0.2,0.75,0.7916666666666666,0.06903658627294229,0.2943073399782796,0.11699084479809686,0.519665228950681
183,36.62441627751834,0.5,0.2,0.75,0.7916666666666666,0.07258929065057593,0.29265085499699406,0.12189341895470997,0.5128664353977198
184,36.82454969979987,0.5,0.2,0.75,0.7916666666666666,0.07626961082844846,0.2910394208899927,0.12687917276964233,0.5058117955119164
185,37.024683122081385,0.5,0.2,0.75,0.7916666666666666,0.08007597342180474,0.2894717723734285,0.13193688517900756,0.49851536902575905
186,37.22481654436291,0.5,0.2,0.75,0.7916666666666666,0.08400624380320913,0.28794706179950763,0.1370545340336434,0.49099216036363963
187,37.42494996664443,0.5,0.2,0.75,0.7916666666666666,0.088057722579202,0.2864648425978335,0.14221940371141756,0.48325803111154675
188,37.62508338892595,0.5,0.2,0.75,0.7916666666666666,0.09222714717313601,0.28502505003601,0.14741817666189308,0.47532962612896074
189,37.82521681120747,0.5,0.2,0.75,0.7916666666666666,0.09651069757050564,0.2836279804490236,0.15263701756627376,0.4672243044141968
190,38.02535023348899,0.5,0.2,0.75,0.7916666666666666,0.10090401354779427,0.2822742658929891,0.15786171535145616,0.45896000520776026
191,38.22548365577051,0.5,0.2,0.75,0.7916666666666666,0.10540221066317801,0.2809648497399061,0.16307781045966138,0.4505551291372543
192,38.425617078052035,0.5,0.2,0.75,0.7916666666666666,0.10999990837507956,0.2797009578238903,0.1682707313997959,0.44202840240123403
193,38.62575050033355,0.5,0.2,0.75,0.7916666666666666,0.11469125920853201,0.2784840704462659,0.1734259167573544,0.4333987535878475
194,38.82588392261508,0.5,0.2,0.75,0.7916666666666666,0.1194699829029442,0.2773158934044209,0.17852893795460995,0.4246851857380247
195,39.026017344896594,0.5,0.2,0.75,0.7916666666666666,0.12432940842163553,0.27619832626558816,0.18356564344678186,0.41590662186599414
196,39.22615076717812,0.5,0.2,0.75,0.7916666666666666,0.12926251064391123,0.27513343356855086,0.18852227870803961,0.407081777079498
197,39.426284189459636,0.5,0.2,0.75,0.7916666666666666,0.13426195957748313,0.27412341358994746,0.19338560164320467,0.3982290251893644
198,39.62641761174116,0.5,0.2,0.75,0.7916666666666666,0.13932016359566876,0.2731705700279102,0.19814298728748184,0.3893662790889389
199,39.82655103402268,0.5,0.2,0.75,0.7916666666666666,0.14442931689731256,0.2722772838304123,0.20278252101579386,0.38051087825648094
200,40.0266844563042,0.5,0.2,0.75,0.7916666666666666,0.14958144773271653,0.27144598601497416,0.20729308137923103,0.371679484873078
201,40.22681787858572,0.5,0.2,0.75,0.7916666666666666,0.15476846425271495,0.2706791323836387,0.21166441222257093,0.3628879911410751
202,40.426951300867245,0.5,0.2,0.75,0.7916666666666666,0.15998220084973652,0.2699791808769614,0.21588716822907442,0.3541514500442273
203,40.62708472314876,0.5,0.2,0.75,0.7916666666666666,0.165214460951418,0.26934856968806115,0.2199529662795204,0.3454840030810001
204,40.82721814543029,0.5,0.2,0.75,0.7916666666666666,0.17045705809606268,0.2687896992386376,0.22385440208258617,0.33689884058271324
205,41.027351567711804,0.5,0.2,0.75,0.7916666666666666,0.1757018559422121,0.2683049147275818,0.22758506722677807,0.32840816210342777
206,41.22748498999333,0.5,0.2,0.75,0.7916666666666666,0.18094080463051235,0.26789649129092613,0.23113955195457273,0.3200231521239886
207,41.427618412274846,0.5,0.2,0.75,0.7916666666666666,0.18616597173145996,0.267566623055948,0.2345134247861141,0.3117539804264776
208,41.62775183455637,0.5,0.2,0.75,0.7916666666666666,0.19136957409237024,0.26731741124674097,0.23770322271514274,0.30360979194574583
209,41.82788525683789,0.5,0.2,0.75,0.7916666666666666,0.19654400115970178,0.26715085796409255,0.24070640854102535,0.2955987323351801
210,42.02801867911941,0.5,0.2,0.75,0.7916666666666666,0.20168184017453572,0.26706885865251145,0.24352133874253712,0.28772796243041543
211,42.22815210140093,0.5,0.2,0.75,0.7916666666666666,0.20677589453819042,0.2670731982104501,0.24614721573581602,0.28000369151554316
212,42.428285523682455,0.5,0.2,0.75,0.7916666666666666,0.21181919935976598,0.26716554855384944,0.24858403490821918,0.2724312171781651
213,42.62841894596397,0.5,0.2,0.75,0.7916666666666666,0.21680503672683896,0.2673474661905254,0.25083253359598645,0.26501496348664894
214,42.8285523682455,0.5,0.2,0.75,0.7916666666666666,0.22172694353379077,0.26762039312311253,0.25289413013218626,0.25775853321091013
215,43.028685790527014,0.5,0.2,0.75,0.7916666666666666,0.226578721772249,0.26798565675529123,0.25477086602401083,0.25066475544844863
216,43.22881921280854,0.5,0.2,0.75,0.7916666666666666,0.23135444175761416,0.2684444722107784,0.2564653464844815,0.2437357395471256
217,43.428952635090056,0.5,0.2,0.75,0.7916666666666666,0.2360484456454328,0.2689979446039547,0.2579806807588569,0.23697292899175534
218,43.62908605737158,0.5,0.2,0.75,0.7916666666666666,0.24065535128651983,0.26964707123157766,0.2593204220742887,0.2303771554076136
219,43.8292194796531,0.5,0.2,0.75,0.7916666666666666,0.2451700490963296,0.27039274529954366,0.26048851549112856,0.223948690112998
220,44.02935290193462,0.5,0.2,0.75,0.7916666666666666,0.24958770160142774,0.27123575940912203,0.26148923878902997,0.21768730020042007
221,44.22948632421614,0.5,0.2,0.75,0.7916666666666666,0.2539037405876419,0.2721768090137666,0.2623271516940044,0.21159229870458676
222,44.429619746497664,0.5,0.2,0.75,0.7916666666666666,0.258113862851434,0.27321649565855793,0.2630070518679937,0.20566258962201406
223,44.62975316877918,0.5,0.2,0.75,0.7916666666666666,0.2622140258135139,0.27435533109956745,0.26353392160456457,0.19989672148235385
224,44.829886591060706,0.5,0.2,0.75,0.7916666666666666,0.2662004423826728,0.27559373996010456,0.2639128921027587,0.19429292555446367
225,45.030020013342224,0.5,0.2,0.75,0.7916666666666666,0.2700695751991892,0.2769320628789203,0.264149204304404,0.18884915761748627
226,45.23015343562375,0.5,0.2,0.75,0.7916666666666666,0.2738181301431838,0.27837056002465355,0.26424816815158203,0.18356314168058038
227,45.430286857905266,0.5,0.2,0.75,0.7916666666666666,0.2774430510813211,0.27990941251334905,0.2642151382887675,0.17843239811656203
228,45.63042028018679,0.5,0.2,0.75,0.7916666666666666,0.28094151288825747,0.2815487252960394,0.26405548064851175,0.17345428116719114
229,45.83055370246831,0.5,0.2,0.75,0.7916666666666666,0.28431091538247566,0.283288528851356,0.2637745474153703,0.16862600835079775
230,46.03068712474983,0.5,0.2,0.75,0.7916666666666666,0.2875488779013745,0.2851287800360097,0.2633776578490453,0.16394468421357022
231,46.23082054703135,0.5,0.2,0.75,0.7916666666666666,0.29065323215306577,0.28706936401164146,0.262870074564597,0.1594073292706956
232,46.430953969312874,0.5,0.2,0.75,0.7916666666666666,0.29362201746159494,0.28911009427950896,0.26225698945884296,0.155010898800053
233,46.63108739159439,0.5,0.2,0.75,0.7916666666666666,0.29645347524243976,0.29125071305513944,0.26154350917556374,0.15075230252685695
234,46.831220813875916,0.5,0.2,0.75,0.7916666666666666,0.29914604306273396,0.2934908917533707,0.2607346411590566,0.1466284240248386
235,47.03135423615743,0.5,0.2,0.75,0.7916666666666666,0.30169835086155367,0.29583023002899794,0.25983528570352005,0.14263613340592818
236,47.23148765843896,0.5,0.2,0.75,0.7916666666666666,0.30410921552448034,0.29826825565231735,0.25885022665009055,0.13877230217311154
237,47.431621080720475,0.5,0.2,0.75,0.7916666666666666,0.3063776369140898,0.3008044235129602,0.2577841251418283,0.13503381443112153
238,47.631754503002,0.5,0.2,0.75,0.7916666666666666,0.3085027947829235,0.3034381141022567,0.25664151538988056,0.13141757572493917
239,47.83188792528352,0.5,0.2,0.75,0.7916666666666666,0.3104840439058605,0.3061686328364235,0.25542680034904264,0.12792052290867328
240,48.03202134756504,0.5,0.2,0.75,0.7916666666666666,0.3123209109102681,0.308995208529664,0.25414424931500945,0.12453963124505829
241,48.23215476984656,0.5,0.2,0.75,0.7916666666666666,0.3140130921782777,0.31191699135664963,0.25279799683896453,0.12127191962610792
242,48.432288192128084,0.5,0.2,0.75,0.7916666666666666,0.3155604501053878,0.314933051531602,0.25139204274017946,0.11811445562283057
243,48.6324216144096,0.5,0.2,0.75,0.7916666666666666,0.3169630105651797,0.318042377532765,0.24993025241233457,0.11506435948972053
244,48.832555036691126,0.5,0.2,0.75,0.7916666666666666,0.3182209610877198,0.3212438741182775,0.24841635723259126,0.11211880756141118
245,49.03268845897264,0.5,0.2,0.75,0.7916666666666666,0.319334647939824,0.3245363607847432,0.24685395707440783,0.10927503420102475
246,49.23282188125417,0.5,0.2,0.75,0.7916666666666666,0.32030457397177897,0.3279185700625568,0.24524652232112687,0.10653033364453712
247,49.432955303535685,0.5,0.2,0.75,0.7916666666666666,0.321131396974214,0.3313891457641511,0.24359739549255305,0.10388206176908157
248,49.63308872581721,0.5,0.2,0.75,0.7916666666666666,0.32181592729469377,0.3349466415201284,0.24190979512950556,0.10132763605567208
249,49.83322214809873,0.5,0.2,0.75,0.7916666666666666,0.3223591258259332,0.3385895194114912,0.2401868188059431,0.09886453595663226
250,50.03335557038025,0.5,0.2,0.75,0.7916666666666666,0.3227621022010873,0.34231614878256617,0.23843144532702104,0.09649030368932515
251,50.23348899266177,0.5,0.2,0.75,0.7916666666666666,0.32302611247537444,0.3461248052458274,0.23664653918749717,0.09420254309130065
252,50.433622414943294,0.5,0.2,0.75,0.7916666666666666,0.3231525569157218,0.35001366994937283,0.23483485405389842,0.09199891908100659
253,50.63375583722481,0.5,0.2,0.75,0.7916666666666666,0.3231429778308528,0.3539808291461585,0.232999035281767,0.08987715774122136
254,50.833889259506336,0.5,0.2,0.75,0.7916666666666666,0.32299905714703525,0.3580242738577266,0.2311416243118395,0.0878350446833983
255,51.03402268178785,0.5,0.2,0.75,0.7916666666666666,0.3227226138203784,0.3621418999559055,0.2292650622039991,0.08587042401971672
256,51.23415610406938,0.5,0.2,0.75,0.7916666666666666,0.322315600969766,0.36633150874201875,0.22737169226836684,0.08398119801984809
257,51.4342895263509,0.5,0.2,0.75,0.7916666666666666,0.3217801029665409,0.3705908075200836,0.22546376418678377,0.0821653253265914
258,51.63442294863242,0.5,0.2,0.75,0.7916666666666666,0.32111833220177577,0.37491741067935674,0.22354343740269075,0.08042081971617634
259,51.834556370913944,0.5,0.2,0.75,0.7916666666666666,0.32033262548002883,0.37930884134922405,0.22161278363387243,0.0787457495368743
260,52.03468979319546,0.5,0.2,0.75,0.7916666666666666,0.3194254405271957,0.3837625329281616,0.21967379065015613,0.0771382358944862
261,52.234823215476986,0.5,0.2,0.75,0.7916666666666666,0.31839935197214575,0.3882758312844638,0.21772836523920028,0.0755964515041898
262,52.4349566377585,0.5,0.2,0.75,0.7916666666666666,0.31725704672852323,0.3928459976781333,0.21577833538106664,0.0741186202122765
263,52.63509006004003,0.5,0.2,0.75,0.7916666666666666,0.3160013195442906,0.3974702115621293,0.21382545323763066,0.07270301565594904
264,52.835223482321545,0.5,0.2,0.75,0.7916666666666666,0.3146350689394619,0.4021455730307846,0.21187139913326739,0.07134795889648568
265,53.03535690460307,0.5,0.2,0.75,0.7916666666666666,0.31316129122217595,0.40686910737413845,0.20991778267079023,0.07005181873289498
266,53.23549032688459,0.5,0.2,0.75,0.7916666666666666,0.3115830751086009,0.4116377690332164,0.20796614527246665,0.06881301058571566
267,53.43562374916611,0.5,0.2,0.75,0.7916666666666666,0.30990359673224566,0.41644844528103026,0.2060179630142969,0.0676299949724268
268,53.63575717144763,0.5,0.2,0.75,0.7916666666666666,0.30812611368867066,0.4212979608985903,0.20407464876624623,0.06650127664649252
269,53.835890593729154,0.5,0.2,0.75,0.7916666666666666,0.30625395829966695,0.4261830836601455,0.20213755382668075,0.06542540421350655
270,54.03602401601067,0.5,0.2,0.75,0.7916666666666666,0.3042905315553567,0.4311005292408356,0.20020797010535007,0.06440096909845736
271,54.236157438292196,0.5,0.2,0.75,0.7916666666666666,0.30223929746761236,0.43604696578033303,0.19828713254571095,0.06342660420634327
272,54.43629086057371,0.5,0.2,0.75,0.7916666666666666,0.30010377536449334,0.4410190204796306,0.19637622034736935,0.06250098380850633
273,54.63642428285524,0.5,0.2,0.75,0.7916666666666666,0.29788753312235045,0.44601328534104473,0.1944763587693677,0.06162282276723673
274,54.836557705136755,0.5,0.2,0.75,0.7916666666666666,0.295594180823937,0.4510263225612733,0.19258862101201749,0.06079087560277182
275,55.03669112741828,0.5,0.2,0.75,0.7916666666666666,0.2932273635534198,0.4560546707726615,0.19071402975845045,0.06000393591546792
276,55.2368245496998,0.5,0.2,0.75,0.7916666666666666,0.2907907537913254,0.46109485169346076,0.18885355854691904,0.05926083596829447
277,55.43695797198132,0.5,0.2,0.75,0.7916666666666666,0.2882880445078213,0.46614337617469814,0.18700813328879212,0.05856044602868816
278,55.63709139426284,0.5,0.2,0.75,0.7916666666666666,0.2857229426769016,0.4711967499361571,0.18517863370752344,0.057901673679417516
279,55.837224816544364,0.5,0.2,0.75,0.7916666666666666,0.2830991613515308,0.4762514805518794,0.1833658946229219,0.05728346347366762
280,56.03735823882588,0.5,0.2,0.75,0.7916666666666666,0.2804204127093896,0.48130408362782834,0.18157070725325555,0.056704796409526276
281,56.237491661107406,0.5,0.2,0.75,0.7916666666666666,0.2776904013464943,0.4863510887654858,0.17979382051443565,0.0561646893735841
282,56.43762508338892,0.5,0.2,0.75,0.7916666666666666,0.27491281729736156,0.49138904577631004,0.17803594223171598,0.05566219469461216
283,56.63775850567045,0.5,0.2,0.75,0.7916666666666666,0.27209132912392514,0.4964145308370476,0.17629774031336748,0.05519639972565951
284,56.837891927951965,0.5,0.2,0.75,0.7916666666666666,0.2692295774272063,0.5014241522858597,0.17457984390386633,0.05476642638306743
285,57.03802535023349,0.5,0.2,0.75,0.7916666666666666,0.26633116859744055,0.5064145562512081,0.17288284443626292,0.0543714307150881
286,57.23815877251501,0.5,0.2,0.75,0.7916666666666666,0.2633996685049216,0.5113824322028162,0.17120729682383298,0.054010602468429036
287,57.43829219479653,0.5,0.2,0.75,0.7916666666666666,0.26043859663582297,0.5163245181771642,0.16955372052379963,0.05368316466321295
288,57.63842561707805,0.5,0.2,0.75,0.7916666666666666,0.25745142028729223,0.5212376059893169,0.16792260052126923,0.053388373202121406
289,57.83855903935957,0.5,0.2,0.75,0.7916666666666666,0.2544415492602362,0.526118545901532,0.166314388396981,0.053125516441250596
290,58.03869246164109,0.5,0.2,0.75,0.7916666666666666,0.2514123308780773,0.5309642509787259,0.16472950338470094,0.05289391475849558
291,58.238825883922615,0.5,0.2,0.75,0.7916666666666666,0.24836704510052748,0.535771701403987,0.1631683333419996,0.052692920153485534
292,58.43895930620413,0.5,0.2,0.75,0.7916666666666666,0.24530889973465528,0.5405379487295937,0.1616312356658782,0.052521915869872454
293,58.63909272848566,0.5,0.2,0.75,0.7916666666666666,0.24224102678222612,0.5452601189271962,0.16011853836465473,0.05238031592592262
294,58.839226150767175,0.5,0.2,0.75,0.7916666666666666,0.23916647860165918,0.5499354156934043,0.15863054100177829,0.05226756470315775
295,59.0393595730487,0.5,0.2,0.75,0.7916666666666666,0.23608822397795823,0.5545611238933517,0.15716751555436229,0.05218313657432738
296,59.23949299533022,0.5,0.2,0.75,0.7916666666666666,0.2330091453072324,0.5591346118499619,0.15572970738829436,0.05212653545451085
297,59.43962641761174,0.5,0.2,0.75,0.7916666666666666,0.22993203609131246,0.5636533333440834,0.15431733620991048,0.05209729435469321
298,59.63975983989326,0.5,0.2,0.75,0.7916666666666666,0.2268595981593353,0.5681148299361766,0.15293059692495786,0.05209497497952976
299,59.83989326217478,0.5,0.2,0.75,0.7916666666666666,0.2237944390429357,0.5725167331542061,0.15156966047300272,0.0521191673298549
300,60.0400266844563,0.5,0.2,0.75,0.7916666666666666,0.22073907155461542,0.5768567644288018,0.15023467482867667,0.05216948918790549
301,60.240160106737825,0.5,0.2,0.75,0.7916666666666666,0.21769591225118004,0.5811327362130657,0.14892576584731154,0.05224558568844212
302,60.44029352901934,0.5,0.2,0.75,0.7916666666666666,0.2146672806550533,0.5853425523474494,0.14764303813731652,0.05234712886018026
303,60.64042695130087,0.5,0.2,0.75,0.7916666666666666,0.21165539589403964,0.5894842111372748,0.1463865756579603,0.05247381731072478
304,60.840560373582385,0.5,0.2,0.75,0.7916666666666666,0.20866237775128313,0.5935558038816287,0.14515644266753397,0.05262537569955372
305,61.04069379586391,0.5,0.2,0.75,0.7916666666666666,0.2056902479910665,0.5975555131477779,0.14395268465228522,0.052801554208869936
306,61.24082721814543,0.5,0.2,0.75,0.7916666666666666,0.20274092992246118,0.6014816129080038,0.14277532905394263,0.05300212811559185
307,61.44096064042695,0.5,0.2,0.75,0.7916666666666666,0.19981624860646238,0.6053324680344305,0.1416243860258541,0.0532268973332525
308,61.64109406270847,0.5,0.2,0.75,0.7916666666666666,0.1969179290015954,0.609106535940913,0.14049984902496931,0.05347568603252174
309,61.84122748498999,0.5,0.2,0.75,0.7916666666666666,0.1940476001016261,0.612802362096649,0.13940169574836886,0.05374834205335551
310,62.04136090727151,0.5,0.2,0.75,0.7916666666666666,0.19120679558562398,0.6164185791527618,0.1383298888158093,0.05404473644580438
311,62.241494329553035,0.5,0.2,0.75,0.7916666666666666,0.18839695516663188,0.6199539053804781,0.13728437646276087,0.05436476299012853
312,62.44162775183455,0.5,0.2,0.75,0.7916666666666666,0.18561942504624013,0.6234071440766873,0.1362650931696047,0.05470833770746719
313,62.64176117411608,0.5,0.2,0.75,0.7916666666666666,0.18287545913063133,0.6267771822102661,0.13527196029625352,0.0550753983628484
314,62.841894596397594,0.5,0.2,0.75,0.7916666666666666,0.18016622294506132,0.6300629862926849,0.13430488680825534,0.055465903953997926
315,63.04202801867912,0.5,0.2,0.75,0.7916666666666666,0.17749279492647305,0.6332636010122792,0.1333637698580929,0.05587983420315433
316,63.242161440960636,0.5,0.2,0.75,0.7916666666666666,0.17485616864064982,0.6363781469393229,0.13244849538559805,0.05631718903442863
317,63.44229486324216,0.5,0.2,0.75,0.7916666666666666,0.17225725399717262,0.6394058192981712,0.1315589387396707,0.05677798796498479
318,63.64242828552368,0.5,0.2,0.75,0.7916666666666666,0.16969688055479026,0.6423458846153298,0.1306949652063183,0.057262269623560895
319,63.8425617078052,0.5,0.2,0.75,0.7916666666666666,0.16717580011484007,0.6451976781356542,0.1298564305453657,0.05777009120413934
320,64.04269513008673,0.5,0.2,0.75,0.7916666666666666,0.16469468908369536,0.6479606015106132,0.12904318151722263,0.058301527888468145
321,64.24282855236824,0.5,0.2,0.75,0.7916666666666666,0.1622541510301435,0.6506341203388551,0.12825505639128765,0.058856672239713075
322,64.44296197464976,0.5,0.2,0.75,0.7916666666666666,0.15985471917901964,0.6532177618380446,0.12749188544954962,0.05943563353338545
323,64.64309539693129,0.5,0.2,0.75,0.7916666666666666,0.15749685931062674,0.6557111120278323,0.12675349141021494,0.060038537251325394
324,64.84322881921281,0.5,0.2,0.75,0.7916666666666666,0.15518097236884568,0.6581138133351258,0.12603968987645475,0.06066552441957322
325,65.04336224149432,0.5,0.2,0.75,0.7916666666666666,0.15290739713431412,0.6604255621513567,0.12535028975392928,0.061316750960399194
326,65.24349566377585,0.5,0.2,0.75,0.7916666666666666,0.15067641327511472,0.6626461060787878,0.12468509374113458,0.061992386904962206
327,65.44362908605737,0.5,0.2,0.75,0.7916666666666666,0.14848824393565074,0.6647752416448378,0.12404389869241014,0.06269261572710057
328,65.6437625083389,0.5,0.2,0.75,0.7916666666666666,0.14634305815692944,0.666812812216062,0.12342649592918305,0.0634176336978248
329,65.8438959306204,0.5,0.2,0.75,0.7916666666666666,0.14424097362172103,0.6687587056587005,0.12283267162425356,0.06416764909532424
330,66.04402935290193,0.5,0.2,0.75,0.7916666666666666,0.14218205934063718,0.6706128520974914,0.12226220714998384,0.06494288141188696
331,66.24416277518345,0.5,0.2,0.75,0.7916666666666666,0.14016633909098677,0.6723752210024496,0.12171487950039502,0.06574356040616805
332,66.44429619746498,0.5,0.2,0.75,0.7916666666666666,0.13819379303776805,0.6740458200637197,0.12119046150183213,0.06656992539667954
333,66.64442961974649,0.5,0.2,0.75,0.7916666666666666,0.1362643603338969,0.6756246931811093,0.12068872212605253,0.0674222243589407
334,66.84456304202801,0.5,0.2,0.75,0.7916666666666666,0.13437794159645114,0.6771119186250248,0.12020942678420377,0.06830071299431965
335,67.04469646430954,0.5,0.2,0.75,0.7916666666666666,0.1325344018864631,0.6785076067535624,0.11975233766143299,0.06920565369854091
336,67.24482988659106,0.5,0.2,0.75,0.7916666666666666,0.13073357349503412,0.6798118979730327,0.11931721402932931,0.07013731450260326
337,67.44496330887257,0.5,0.2,0.75,0.7916666666666666,0.1289752568327845,0.6810249626131087,0.11890381237682461,0.0710959681772815
338,67.6450967311541,0.5,0.2,0.75,0.7916666666666666,0.12725922311578444,0.6821469990967554,0.11851188670968556,0.07208189107777399
339,67.84523015343562,0.5,0.2,0.75,0.7916666666666666,0.12558521638592493,0.6831782328203985,0.1181411887875514,0.07309536200612453
340,68.04536357571715,0.5,0.2,0.75,0.7916666666666666,0.12395295595913511,0.6841189146571531,0.11779146840299312,0.0741366609807179
341,68.24549699799866,0.5,0.2,0.75,0.7916666666666666,0.12236214065043982,0.684969317721869,0.11746247383093482,0.07520606779675573
342,68.44563042028018,0.5,0.2,0.75,0.7916666666666666,0.12081244769062625,0.6857297395555868,0.11715395178324936,0.07630386097053683
343,68.6457638425617,0.5,0.2,0.75,0.7916666666666666,0.11930353531583812,0.6864005006588417,0.11686564771494704,0.0774303163103724
344,68.84589726484323,0.5,0.2,0.75,0.7916666666666666,0.11783504469437597,0.6869819437542364,0.11659730607545422,0.07858570547593276
345,69.04603068712474,0.5,0.2,0.75,0.7916666666666666,0.11640660164211551,0.687474433316677,0.11634867054776483,0.07977029449344196
346,69.24616410940627,0.5,0.2,0.75,0.7916666666666666,0.11501781994046362,0.6878783534185297,0.11611948442758772,0.08098434221341831
347,69.44629753168779,0.5,0.2,0.75,0.7916666666666666,0.11366830153430307,0.6881941090139352,0.11590949075750986,0.08222809869425125
348,69.64643095396931,0.5,0.2,0.75,0.7916666666666666,0.11235763779026925,0.688422126127645,0.11571843255950241,0.08350180352258268
349,69.84656437625083,0.5,0.2,0.75,0.7916666666666666,0.11108541129442538,0.6885628515142245,0.11554605312450532,0.08480568406684408
350,70.04669779853235,0.5,0.2,0.75,0.7916666666666666,0.10985119718113093,0.6886167528821153,0.11539209627796498,0.08613995365878808
351,70.24683122081387,0.5,0.2,0.75,0.7916666666666666,0.10865456542768226,0.6885843179210424,0.11525630672116374,0.08750480993011103
352,70.4469646430954,0.5,0.2,0.75,0.7916666666666666,0.1074950822120489,0.6884660545657734,0.11513843032779146,0.08890043289438562
353,70.64709806537691,0.5,0.2,0.75,0.7916666666666666,0.10637230990885149,0.6882624930395987,0.11503821436985145,0.09032698268169767
354,70.84723148765843,0.5,0.2,0.75,0.7916666666666666,0.1052858088437186,0.6879741856880324,0.11495540787401776,0.09178459759423058
355,71.04736490993996,0.5,0.2,0.75,0.7916666666666666,0.1042351383789107,0.6876017077063249,0.11488976195430883,0.09327339196045496
356,71.24749833222148,0.5,0.2,0.75,0.7916666666666666,0.1032198582280192,0.6871456574810193,0.11484103012439775,0.094793454166563
357,71.44763175450299,0.5,0.2,0.75,0.7916666666666666,0.10223953020324449,0.6866066561964521,0.11480896856645158,0.09634484503385099
358,71.64776517678452,0.5,0.2,0.75,0.7916666666666666,0.10129371804803017,0.6859853507311441,0.11479333663800853,0.09792759458281641
359,71.84789859906604,0.5,0.2,0.75,0.7916666666666666,0.10038198873512769,0.6852824140477173,0.1147938972144287,0.09954170000272551
360,72.04803202134757,0.5,0.2,0.75,0.7916666666666666,0.09950391338080529,0.6844985462474102,0.11481041708896135,0.10118712328282223
361,72.24816544362908,0.5,0.2,0.75,0.7916666666666666,0.09865906809976875,0.6836344756455894,0.11484266737608663,0.10286378887855434
362,72.4482988659106,0.5,0.2,0.75,0.7916666666666666,0.09784703514145185,0.6826909585246832,0.114890423732054,0.10457158260181011
363,72.64843228819213,0.5,0.2,0.75,0.7916666666666666,0.09706740330004414,0.6816687818498252,0.11495346700791576,0.1063103478422141
364,72.84856571047365,0.5,0.2,0.75,0.7916666666666666,0.096319768646884,0.6805687644918175,0.1150315836980338,0.10807988316326399
365,73.04869913275516,0.5,0.2,0.75,0.7916666666666666,0.09560373525857006,0.679391758347996,0.11512456638461892,0.10987994000881421
366,73.24883255503669,0.5,0.2,0.75,0.7916666666666666,0.094918915850729,0.6781386497391967,0.11523221423169538,0.11171022017837823
367,73.44896597731821,0.5,0.2,0.75,0.7916666666666666,0.09426493248315129,0.6768103595174083,0.11535433303315233,0.11357037496628727
368,73.64909939959973,0.5,0.2,0.75,0.7916666666666666,0.0936414170904451,0.6754078448781026,0.11549073585956476,0.11546000217188682
369,73.84923282188124,0.5,0.2,0.75,0.7916666666666666,0.0930480119480064,0.6739321015590933,0.1156412438469007,0.11737864264599875
370,74.04936624416277,0.5,0.2,0.75,0.7916666666666666,0.09248437021928042,0.672384164669136,0.11580568651748607,0.11932577859409674
371,74.2494996664443,0.5,0.2,0.75,0.7916666666666666,0.09195015643054491,0.6707651100238173,0.11598390228914628,0.12130083125649063
372,74.44963308872582,0.5,0.2,0.75,0.7916666666666666,0.09144504681739435,0.6690760548208277,0.11617573867159303,0.12330315969018417
373,74.64976651100733,0.5,0.2,0.75,0.7916666666666666,0.09096872959370972,0.6673181579707291,0.11638105230990713,0.1253320601256532
374,74.84989993328885,0.5,0.2,0.75,0.7916666666666666,0.09052090557597624,0.6654926229039443,0.11659971027731017,0.12738676124276854
375,75.05003335557038,0.5,0.2,0.75,0.7916666666666666,0.0901012884196366,0.6636006979646186,0.11683159019504295,0.12946642342070108
376,75.2501667778519,0.5,0.2,0.75,0.7916666666666666,0.08970960492268322,0.6616436773585284,0.11707658065418677,0.13157013706460083
377,75.45030020013341,0.5,0.2,0.75,0.7916666666666666,0.08934559524096918,0.659622901856614,0.11733458150074352,0.13369692140167258
378,75.65043362241494,0.5,0.2,0.75,0.7916666666666666,0.08900901272586947,0.6575397583748961,0.11760550335214409,0.13584572554708957
379,75.85056704469646,0.5,0.2,0.75,0.7916666666666666,0.08869962456913431,0.6553956819094413,0.117889268894461,0.13801542462696265
380,76.05070046697799,0.5,0.2,0.75,0.7916666666666666,0.08841721187042703,0.6531921557349363,0.11818581297300207,0.1402048194216338
381,76.2508338892595,0.5,0.2,0.75,0.7916666666666666,0.08816156971496408,0.6509307115853388,0.11849508273819141,0.14241263596150486
382,76.45096731154102,0.5,0.2,0.75,0.7916666666666666,0.08793250725506696,0.6486129298001712,0.11881703782887643,0.14463752511588454
383,76.65110073382255,0.5,0.2,0.75,0.7916666666666666,0.08772984741199216,0.646240438772624,0.11915164974116679,0.14687806407421602
384,76.85123415610407,0.5,0.2,0.75,0.7916666666666666,0.08755342709328036,0.6438149150672953,0.1194989023640292,0.1491327554753943
385,77.0513675783856,0.5,0.2,0.75,0.7916666666666666,0.08740309726133796,0.6413380831728365,0.11985879220467043,0.15140002736115432
386,77.2515010006671,0.5,0.2,0.75,0.7916666666666666,0.08727872275741462,0.6388117147305176,0.12023132808725832,0.15367823442480863
387,77.45163442294863,0.5,0.2,0.75,0.7916666666666666,0.08718018218592383,0.6362376276971462,0.12061653099725118,0.15596565911967794
388,77.65176784523015,0.5,0.2,0.75,0.7916666666666666,0.08710736751950433,0.6336176857017699,0.12101443362746502,0.15826051315125994
389,77.85190126751168,0.5,0.2,0.75,0.7916666666666666,0.08706018374774496,0.6309537970314973,0.12142507992359387,0.16056093929716303
390,78.05203468979319,0.5,0.2,0.75,0.7916666666666666,0.08703854901705207,0.6282479124682722,0.12184852504321304,0.1628650134714619
391,78.25216811207471,0.5,0.2,0.75,0.7916666666666666,0.08704239412954026,0.6255020239061208,0.12228483466719664,0.16517074729714154
392,78.45230153435624,0.5,0.2,0.75,0.7916666666666666,0.0870716621768427,0.6227181624077454,0.12273408438427003,0.1674760910311411
393,78.65243495663776,0.5,0.2,0.75,0.7916666666666666,0.08712630808333664,0.6198983965580698,0.12319635904380674,0.16977893631478602
394,78.85256837891927,0.5,0.2,0.75,0.7916666666666666,0.08720629796977668,0.6170448321565262,0.12367175219444292,0.1720771176792534
395,79.0527018012008,0.5,0.2,0.75,0.7916666666666666,0.0873116088576058,0.6141596069609992,0.1241603648673425,0.1743684193140517
396,79.25283522348232,0.5,0.2,0.75,0.7916666666666666,0.08744222802971137,0.6112448887125806,0.12466230466687298,0.17665057859083422
397,79.45296864576385,0.5,0.2,0.75,0.7916666666666666,0.08759815238926753,0.6083028723068117,0.12517768468021823,0.17892129062370177
398,79.65310206804536,0.5,0.2,0.75,0.7916666666666666,0.08777938778097041,0.6053357767737079,0.12570662231717028,0.1811782131281507
399,79.85323549032688,0.5,0.2,0.75,0.7916666666666666,0.08798594829922689,0.6023458458494061,0.12624923912416408,0.18341896672720226
400,80.0533689126084,0.5,0.2,0.75,0.7916666666666666,0.0882178554698153,0.5993353413928776,0.12680565852630446,0.18564114461100203
401,80.25350233488993,0.5,0.2,0.75,0.7916666666666666,0.08847513740648477,0.5963065393975011,0.1273760042571436,0.18784231893886996
402,80.45363575717144,0.5,0.2,0.75,0.7916666666666666,0.08875782792594189,0.5932617270937423,0.12796039904816844,0.19002004593214686
403,80.65376917945296,0.5,0.2,0.75,0.7916666666666666,0.08906596559833868,0.5902031990350939,0.12855896297883931,0.19217187238772762
404,80.85390260173449,0.5,0.2,0.75,0.7916666666666666,0.08939959293652898,0.5871332564454886,0.1291718130357502,0.19429533758223153
405,81.05403602401601,0.5,0.2,0.75,0.7916666666666666,0.0897587553770028,0.5840542036945111,0.12979906154126994,0.19638797938721553
406,81.25416944629752,0.5,0.2,0.75,0.7916666666666666,0.09014349996232426,0.5809683403166751,0.1304408128460783,0.19844734687492163
407,81.45430286857905,0.5,0.2,0.75,0.7916666666666666,0.09055387431436619,0.5778779590241562,0.1310971622660456,0.20047100439543133
408,81.65443629086057,0.5,0.2,0.75,0.7916666666666666,0.09098992544248415,0.5747853416531138,0.13176819418970584,0.2024565387146955
409,81.8545697131421,0.5,0.2,0.75,0.7916666666666666,0.0914516986812021,0.5716927564274091,0.13245398078285553,0.20440156410853266
410,82.05470313542361,0.5,0.2,0.75,0.7916666666666666,0.091939236930478,0.5686024578711727,0.1331545819271407,0.20630372327120805
411,82.25483655770513,0.5,0.2,0.75,0.7916666666666666,0.09245257863032637,0.5655166774014176,0.13387004064108426,0.2081607033271712
412,82.45496997998666,0.5,0.2,0.75,0.7916666666666666,0.09299175667204833,0.5624376214313265,0.134600382065023,0.20997023983160173
413,82.65510340226818,0.5,0.2,0.75,0.7916666666666666,0.09355679706604808,0.5593674679805474,0.1353456116826315,0.21173012327077267
414,82.85523682454969,0.5,0.2,0.75,0.7916666666666666,0.09414771760140292,0.5563083633544768,0.1361057135848632,0.21343820545925685
415,83.05537024683122,0.5,0.2,0.75,0.7916666666666666,0.09476452721953121,0.5532624217185373,0.1368806507762893,0.21509240028564178
416,83.25550366911274,0.5,0.2,0.75,0.7916666666666666,0.09540722389216058,0.5502317193247032,0.1376703615011063,0.21669069528202958
417,83.45563709139427,0.5,0.2,0.75,0.7916666666666666,0.09607579319653381,0.5472182915933721,0.13847475757042815,0.2182311576396655
418,83.65577051367578,0.5,0.2,0.75,0.7916666666666666,0.09677020701570642,0.5442241309250836,0.13929372313329821,0.21971193892591132
419,83.8559039359573,0.5,0.2,0.75,0.7916666666666666,0.09749042208381233,0.5412511842016455,0.14012711312836043,0.22113128058618128
420,84.05603735823883,0.5,0.2,0.75,0.7916666666666666,0.09823637923204051,0.538301350482693,0.14097475294373013,0.22248751734153593
421,84.25617078052035,0.5,0.2,0.75,0.7916666666666666,0.09900800186715326,0.5353764789619525,0.14183643694029388,0.22377908223059992
422,84.45630420280186,0.5,0.2,0.75,0.7916666666666666,0.09980519396376987,0.5324783671925292,0.1427119262927772,0.22500451255092338
423,84.65643762508338,0.5,0.2,0.75,0.7916666666666666,0.10062783901581104,0.5296087595539507,0.14360094846564433,0.22616245296459359
424,84.85657104736491,0.5,0.2,0.75,0.7916666666666666,0.10147579866859431,0.5267693460192926,0.14450319628252453,0.2272516590295882
425,85.05670446964643,0.5,0.2,0.75,0.7916666666666666,0.10234891169816981,0.5239617601065859,0.14541832728677317,0.2282710009084708
426,85.25683789192794,0.5,0.2,0.75,0.7916666666666666,0.10324699341110598,0.5211875757969168,0.14634596343636982,0.22921946735560697
427,85.45697131420947,0.5,0.2,0.75,0.7916666666666666,0.10416983332085572,0.5184483106534761,0.14728569010512854,0.23009616592053928
428,85.657104736491,0.5,0.2,0.75,0.7916666666666666,0.10511719437166202,0.5157454241759765,0.14823705597848305,0.23090032547387798
429,85.85723815877252,0.5,0.2,0.75,0.7916666666666666,0.10608881185433103,0.5130803176560338,0.14919957295507155,0.23163129753456307
430,86.05737158105403,0.5,0.2,0.75,0.7916666666666666,0.10708439241840784,0.5104543338866687,0.15017271614038408,0.23228855755453875
431,86.25750500333555,0.5,0.2,0.75,0.7916666666666666,0.10810361379579876,0.5078687522812303,0.15115592334542033,0.23287171057755005
432,86.45763842561708,0.5,0.2,0.75,0.7916666666666666,0.10914612321620847,0.5053247946150989,0.15214859623560703,0.233380485933085
433,86.6577718478986,0.5,0.2,0.75,0.7916666666666666,0.11021153667811107,0.5028236251890729,0.1531501008622276,0.23381473727058788
434,86.85790527018011,0.5,0.2,0.75,0.7916666666666666,0.1112994383475789,0.5003663509259819,0.15415976835873407,0.2341744423677046
435,87.05803869246164,0.5,0.2,0.75,0.7916666666666666,0.11240937994683656,0.4979540224594349,0.15517689595027684,0.23445970164345115
436,87.25817211474316,0.5,0.2,0.75,0.7916666666666666,0.11354088047217394,0.4955876306835137,0.15620074649389018,0.23467074235042168
437,87.45830553702469,0.5,0.2,0.75,0.7916666666666666,0.11469342571837776,0.49326810962947526,0.1572305503914634,0.23480791426068304
438,87.6584389593062,0.5,0.2,0.75,0.7916666666666666,0.11586646785715723,0.4909963407021797,0.1582655081292493,0.23487168331141323
439,87.85857238158772,0.5,0.2,0.75,0.7916666666666666,0.11705942536840046,0.48877315225328427,0.1593047913250619,0.2348626310532528
440,88.05870580386924,0.5,0.2,0.75,0.7916666666666666,0.11827168300733751,0.48659932112475884,0.16034754463142745,0.2347814512364757
441,88.25883922615077,0.5,0.2,0.75,0.7916666666666666,0.11950259172117214,0.484475572518887,0.16139288656877904,0.23462894919116128
442,88.45897264843228,0.5,0.2,0.75,0.7916666666666666,0.12075146859154597,0.4824025789083505,0.16243990980012923,0.23440604269997378
443,88.6591060707138,0.5,0.2,0.75,0.7916666666666666,0.12201759764797876,0.48038096652313256,0.16348768687797238,0.23411374895091577
444,88.85923949299533,0.5,0.2,0.75,0.7916666666666666,0.12330023014259762,0.47841131500565615,0.16453527130598555,0.2337531835457602
445,89.05937291527685,0.5,0.2,0.75,0.7916666666666666,0.12459858514486663,0.4764941589089555,0.16558170004368528,0.2333255559024921
446,89.25950633755836,0.5,0.2,0.75,0.7916666666666666,0.12591185011792172,0.47462998903823544,0.16662599572921707,0.23283216511462532
447,89.45963975983989,0.5,0.2,0.75,0.7916666666666666,0.12723918054976627,0.47281925204706765,0.16766716581848948,0.23227440158467616
448,89.65977318212141,0.5,0.2,0.75,0.7916666666666666,0.12857970223302664,0.47106235408060154,0.16870420929690072,0.2316537343894707
449,89.85990660440294,0.5,0.2,0.75,0.7916666666666666,0.1299325121161829,0.46935966185584904,0.1697361188432319,0.23097170718473573
450,90.06004002668445,0.5,0.2,0.75,0.7916666666666666,0.13129667935987618,0.4677115038022878,0.17076188328188427,0.23022993355595128
451,90.26017344896597,0.5,0.2,0.75,0.7916666666666666,0.13267124665630406,0.4661181713954127,0.17178049051569375,0.22943009143258908
452,90.4603068712475,0.5,0.2,0.75,0.7916666666666666,0.13405523001141187,0.4645799208037811,0.17279092742562738,0.22857392175917923
453,90.66044029352902,0.5,0.2,0.75,0.7916666666666666,0.13544762110113537,0.4630969739179764,0.17379218435247032,0.22766322062841748
454,90.86057371581053,0.5,0.2,0.75,0.7916666666666666,0.13684738958102977,0.461669519336314,0.1747832592890669,0.22669983179358888
455,91.06070713809206,0.5,0.2,0.75,0.7916666666666666,0.13825348424213404,0.46029771354343724,0.1757631597189818,0.22568564249544654
456,91.26084056037358,0.5,0.2,0.75,0.7916666666666666,0.13966483481577457,0.45898168186681193,0.17673090543473072,0.22462257788268236
457,91.4609739826551,0.5,0.2,0.75,0.7916666666666666,0.14108035284072923,0.45772152036850816,0.17768553020294206,0.22351259658782016
458,91.66110740493662,0.5,0.2,0.75,0.7916666666666666,0.1424989325344869,0.45651729772704625,0.1786260832837276,0.22235768645473888
459,91.86124082721814,0.5,0.2,0.75,0.7916666666666666,0.14391945502344955,0.455369053770396,0.17955163441827246,0.22115985678788164
460,92.06137424949966,0.5,0.2,0.75,0.7916666666666666,0.1453407893818441,0.454276801146577,0.18046127519882432,0.21992113427275423
461,92.26150767178119,0.5,0.2,0.75,0.7916666666666666,0.14676179466627223,0.4532405259675637,0.1813541213339352,0.21864355803222846
462,92.4616410940627,0.5,0.2,0.75,0.7916666666666666,0.1481813217060929,0.45226018881282826,0.1822293147393983,0.21732917474168015
463,92.66177451634422,0.5,0.2,0.75,0.7916666666666666,0.14959821342878188,0.45133572788326687,0.1830860251122944,0.21598003357565645
464,92.86190793862575,0.5,0.2,0.75,0.7916666666666666,0.15101130906536436,0.4504670563527503,0.18392345234554303,0.21459818223634192
465,93.06204136090727,0.5,0.2,0.75,0.7916666666666666,0.15241944576914093,0.4496540635117859,0.18474082811401585,0.21318566260505692
466,93.26217478318878,0.5,0.2,0.75,0.7916666666666666,0.1538214605353141,0.44889661540127646,0.1855374173599712,0.21174450670343783
467,93.46230820547031,0.5,0.2,0.75,0.7916666666666666,0.15521619228141761,0.4481945551565562,0.18631251968419027,0.21027673287783544
468,93.66244162775183,0.5,0.2,0.75,0.7916666666666666,0.15660248288367898,0.4475477055754038,0.18706547196482956,0.20878433957608716
469,93.86257505003336,0.5,0.2,0.75,0.7916666666666666,0.15797917989968802,0.4469558678720649,0.18779564849591687,0.20726930373232966
470,94.06270847231487,0.5,0.2,0.75,0.7916666666666666,0.15934513885992346,0.44641882127124766,0.18850246148467312,0.20573357838415524
471,94.26284189459639,0.5,0.2,0.75,0.7916666666666666,0.1606992249459581,0.44593632382779375,0.18918536213315534,0.20417908909309226
472,94.46297531687792,0.5,0.2,0.75,0.7916666666666666,0.16204031491199106,0.4455081125665789,0.18984384112671476,0.20260773139471477
473,94.66310873915944,0.5,0.2,0.75,0.7916666666666666,0.16336729885637383,0.44513390451235135,0.19047743061217076,0.20102136601910356
474,94.86324216144095,0.5,0.2,0.75,0.7916666666666666,0.1646790819775704,0.44481339735856196,0.19108570540972664,0.19942181525414052
475,95.06337558372248,0.5,0.2,0.75,0.7916666666666666,0.16597458651262434,0.4445462679615988,0.19166828019237891,0.19781086533339748
476,95.263509006004,0.5,0.2,0.75,0.7916666666666666,0.16725275334047995,0.4443321731754773,0.1922248107302895,0.19619026275375284
477,95.46364242828552,0.5,0.2,0.75,0.7916666666666666,0.16851254359210127,0.44417074994125605,0.1927549936496098,0.19456171281703244
478,95.66377585056703,0.5,0.2,0.75,0.7916666666666666,0.1697529403311375,0.44406161551572415,0.19325856677092723,0.19292687738221065
479,95.86390927284856,0.5,0.2,0.75,0.7916666666666666,0.1709729506346114,0.44400436823952183,0.19373531182371653,0.19128736930214982
480,96.06404269513008,0.5,0.2,0.75,0.7916666666666666,0.17217160622554553,0.4439985867036653,0.1941850497477235,0.18964475732306516
481,96.26417611741161,0.5,0.2,0.75,0.7916666666666666,0.1733479650152875,0.44404383006899334,0.19460764114215892,0.18800056377355975
482,96.46430953969312,0.5,0.2,0.75,0.7916666666666666,0.17450111239453295,0.4441396381972612,0.19500298572481128,0.18635626368339406
483,96.66444296197464,0.5,0.2,0.75,0.7916666666666666,0.17563016243092305,0.4442855317261428,0.19537102151855595,0.18471328432437767
484,96.86457638425617,0.5,0.2,0.75,0.7916666666666666,0.17673426009324564,0.4444810122324748,0.19571172684203017,0.18307300083224887
485,97.06470980653769,0.5,0.2,0.75,0.7916666666666666,0.17781258139309455,0.44472556224250737,0.19602511698450928,0.1814367393798883
486,97.2648432288192,0.5,0.2,0.75,0.7916666666666666,0.17886433415923084,0.4450186453061054,0.1963112426840644,0.17980577785059887
487,97.46497665110073,0.5,0.2,0.75,0.7916666666666666,0.1798887591491219,0.4453597061149989,0.19657018965064926,0.1781813450852295
488,97.66511007338225,0.5,0.2,0.75,0.7916666666666666,0.18088513080153007,0.4457481706136684,0.19680207732761906,0.17656462125718203
489,97.86524349566378,0.5,0.2,0.75,0.7916666666666666,0.18185275875007775,0.4461834459380748,0.19700705887096442,0.17495673644088258
490,98.06537691794529,0.5,0.2,0.75,0.7916666666666666,0.18279098864588303,0.44666492049728723,0.19718532016766277,0.1733587706891664
491,98.26551034022681,0.5,0.2,0.75,0.7916666666666666,0.18369920159069442,0.4471919643506488,0.19733707685006768,0.17177175720858853
492,98.46564376250834,0.5,0.2,0.75,0.7916666666666666,0.18457681515858232,0.44776392924044606,0.19746257380512722,0.17019668179584382
493,98.66577718478986,0.5,0.2,0.75,0.7916666666666666,0.18542328378381784,0.4483801487612491,0.19756208383849433,0.1686344836164381
494,98.86591060707137,0.5,0.2,0.75,0.7916666666666666,0.1862380993742307,0.4490399384386802,0.19763590650885707,0.16708605567823145
495,99.0660440293529,0.5,0.2,0.75,0.7916666666666666,0.18702079255086185,0.44974259557883606,0.19768436738838935,0.16555224448191216
496,99.26617745163442,0.5,0.2,0.75,0.7916666666666666,0.18777093145275936,0.4504873999632076,0.19770781586365005,0.16403385272038246
497,99.46631087391594,0.5,0.2,0.75,0.7916666666666666,0.18848812229896955,0.45127361392117,0.1977066240773902,0.16253163970246967
498,99.66644429619745,0.5,0.2,0.75,0.7916666666666666,0.18917200950746027,0.4521004825530832,0.19768118565805912,0.16104632228139684
499,99.86657771847898,0.5,0.2,0.75,0.7916666666666666,0.18982227572641627,0.4529672339749765,0.19763191440423808,0.15957857589436863
500,100.0667111407605,0.5,0.2,0.75,0.7916666666666666,0.19043864260798957,0.45387307921836756,0.19755924268390693,0.1581290354897354
501,100.26684456304203,0.5,0.2,0.75,0.7916666666666666,0.191020869939103,0.4548172128628508,0.19746362044607776,0.1566982967519678
502,100.46697798532354,0.5,0.2,0.75,0.7916666666666666,0.1915687554289976,0.4557988133657073,0.19734551399306086,0.1552869172122336
503,100.66711140760506,0.5,0.2,0.75,0.7916666666666666,0.1920821346265611,0.4568170433278546,0.1972054047170136,0.15389541732857004
504,100.86724482988659,0.5,0.2,0.75,0.7916666666666666,0.19256088061109244,0.4578710498584333,0.19704378794021418,0.15252428159025933
505,101.06737825216811,0.5,0.2,0.75,0.7916666666666666,0.19300490402046036,0.4589599647222954,0.19686117108966827,0.15117396016757526
506,101.26751167444962,0.5,0.2,0.75,0.7916666666666666,0.1934141526219704,0.4600829047539866,0.19665807261954715,0.1498448700044951
507,101.46764509673115,0.5,0.2,0.75,0.7916666666666666,0.1937886104786741,0.4612389725079395,0.1964350215957777,0.14853739541760802
508,101.66777851901267,0.5,0.2,0.75,0.7916666666666666,0.19412829765157344,0.4624272565762651,0.19619255628662435,0.14725188948553639
509,101.8679119412942,0.5,0.2,0.75,0.7916666666666666,0.19443326964823937,0.46364683205458734,0.19593122316355704,0.1459886751336155
510,102.0680453635757,0.5,0.2,0.75,0.7916666666666666,0.19470361691681534,0.4648967609405636,0.19565157556903834,0.144748046573582
511,102.26817878585723,0.5,0.2,0.75,0.7916666666666666,0.19493946443011928,0.4661760924238334,0.1953541718813504,0.14353027126469614
512,102.46831220813876,0.5,0.2,0.75,0.7916666666666666,0.19514097066552455,0.46748386374399675,0.19503957598954297,0.14233558960093495
513,102.66844563042028,0.5,0.2,0.75,0.7916666666666666,0.19530832701031484,0.46881910061859494,0.19470835593293961,0.14116421643814975
514,102.8685790527018,0.5,0.2,0.75,0.7916666666666666,0.1954417570204416,0.47018081779895116,0.19436108302485416,0.1400163421557522
515,103.06871247498331,0.5,0.2,0.75,0.7916666666666666,0.19554151564278272,0.4715680196359175,0.193998330973717,0.13889213374758186
516,103.26884589726484,0.5,0.2,0.75,0.7916666666666666,0.1956078885302913,0.4729797004180476,0.19362067403155098,0.13779173702010916
517,103.46897931954636,0.5,0.2,0.75,0.7916666666666666,0.19564119105737654,0.4744148452510984,0.19322868731507867,0.13671527637644543
518,103.66911274182789,0.5,0.2,0.75,0.7916666666666666,0.19564176744821082,0.47587243067868895,0.19282294602954334,0.13566285584355592
519,103.8692461641094,0.5,0.2,0.75,0.7916666666666666,0.19560998989024259,0.47735142529683783,0.19240402463011286,0.13463456018280576
520,104.06937958639092,0.5,0.2,0.75,0.7916666666666666,0.195546257599678,0.4788507904303444,0.1919724962015207,0.13363045576845592
521,104.26951300867245,0.5,0.2,0.75,0.7916666666666666,0.19545099591590695,0.48036948060911816,0.1915289311893129,0.13265059228566095
522,104.46964643095397,0.5,0.2,0.75,0.7916666666666666,0.1953246553085104,0.4819064443301495,0.1910738970239489,0.13169500333739023
523,104.66977985323548,0.5,0.2,0.75,0.7916666666666666,0.1951677103437053,0.48346062492091246,0.19060795805550873,0.13076370667987258
524,104.869913275517,0.5,0.2,0.75,0.7916666666666666,0.19498065869259784,0.4850309611742289,0.19013167475471024,0.12985670537846206
525,105.07004669779853,0.5,0.2,0.75,0.7916666666666666,0.19476402010202193,0.4866163880878522,0.18964560323829271,0.1289739885718322
526,105.27018012008006,0.5,0.2,0.75,0.7916666666666666,0.19451833536366622,0.488215837516778,0.1891502946117312,0.12811553250782365
527,105.47031354236157,0.5,0.2,0.75,0.7916666666666666,0.19424416528115634,0.48982823875842463,0.18864629417490386,0.12728130178551428
528,105.67044696464309,0.5,0.2,0.75,0.7916666666666666,0.1939420895745415,0.49145251960698233,0.18813414167076004,0.12647124914771524
529,105.87058038692462,0.5,0.2,0.75,0.7916666666666666,0.1936127058258603,0.4930876070055525,0.18761437066318754,0.1256853165053988
530,106.07071380920614,0.5,0.2,0.75,0.7916666666666666,0.19325662840780566,0.4947324278103367,0.18708750817568692,0.12492343560616984
531,106.27084723148765,0.5,0.2,0.75,0.7916666666666666,0.1928744874096352,0.4963859095396926,0.18655407433490215,0.12418552871576914
532,106.47098065376917,0.5,0.2,0.75,0.7916666666666666,0.19246692756712536,0.4980469809285829,0.18601458175846144,0.12347150974582936
533,106.6711140760507,0.5,0.2,0.75,0.7916666666666666,0.19203460718378543,0.49971457293254873,0.1854695356090002,0.12278128427466471
534,106.87124749833222,0.5,0.2,0.75,0.7916666666666666,0.19157819706200663,0.5013876194623234,0.184919433287204,0.12211475018846506
535,107.07138092061373,0.5,0.2,0.75,0.7916666666666666,0.19109837943994623,0.503065058121327,0.18436476415396258,0.12147179828476327
536,107.27151434289526,0.5,0.2,0.75,0.7916666666666666,0.19059584693522394,0.5047458309684927,0.1838060093156348,0.1208523127806475
537,107.47164776517678,0.5,0.2,0.75,0.7916666666666666,0.1900713014681746,0.5064288851444564,0.18324364131611345,0.12025617207125447
538,107.67178118745831,0.5,0.2,0.75,0.7916666666666666,0.18952545323916536,0.5081131736797865,0.18267812401251235,0.11968324906853475
539,107.87191460973982,0.5,0.2,0.75,0.7916666666666666,0.1889590197198045,0.5097976562975074,0.1821099124717281,0.11913341151095898
540,108.07204803202134,0.5,0.2,0.75,0.7916666666666666,0.1883727246343606,0.5114813000949926,0.1815394527883404,0.11860652248230538
541,108.27218145430287,0.5,0.2,0.75,0.7916666666666666,0.1877672969689569,0.5131630802607619,0.1809671819590689,0.11810244081121143
542,108.47231487658439,0.5,0.2,0.75,0.7916666666666666,0.187143469955883,0.5148419807544994,0.18039352776789458,0.11762102152172207
543,108.6724482988659,0.5,0.2,0.75,0.7916666666666666,0.18650198006757382,0.516516994967765,0.17981890868548434,0.11716211627917583
544,108.87258172114743,0.5,0.2,0.75,0.7916666666666666,0.18584356618486156,0.5181871264578813,0.17924373380466563,0.11672557355259044
545,109.07271514342895,0.5,0.2,0.75,0.7916666666666666,0.18516896864165172,0.5198513895807528,0.1786684027693061,0.1163112390082884
546,109.27284856571048,0.5,0.2,0.75,0.7916666666666666,0.18447892833581647,0.52150881012963,0.17809330572185175,0.11591895581270081
547,109.47298198799199,0.5,0.2,0.75,0.7916666666666666,0.18377418584161448,0.523158425964245,0.1775188232712559,0.11554856492288366
548,109.67311541027351,0.5,0.2,0.75,0.7916666666666666,0.18305548041266836,0.5247992876624066,0.17694532651318778,0.11519990541173629
549,109.87324883255503,0.5,0.2,0.75,0.7916666666666666,0.18232354934862327,0.5264304590485667,0.17637317696247015,0.11487281464033894
550,110.07338225483656,0.5,0.2,0.75,0.7916666666666666,0.18157912717067728,0.5280510177683022,0.17580272656123602,0.11456712849978354
551,110.27351567711807,0.5,0.2,0.75,0.7916666666666666,0.18082294484755512,0.529660055834052,0.17523431769113004,0.11428268162726193
552,110.4736490993996,0.5,0.2,0.75,0.7916666666666666,0.18005572906391165,0.5312566801463798,0.1746682831917667,0.11401930759794092
553,110.67378252168112,0.5,0.2,0.75,0.7916666666666666,0.17927820131322375,0.5328400131250502,0.17410494645443483,0.11377683910729035
554,110.87391594396264,0.5,0.2,0.75,0.7916666666666666,0.17849107736886155,0.5344091930936706,0.17354462141367202,0.11355510812379496
555,111.07404936624415,0.5,0.2,0.75,0.7916666666666666,0.1776950666933948,0.5359633747005947,0.1729876125771071,0.1133539460289025
556,111.27418278852568,0.5,0.2,0.75,0.7916666666666666,0.1768908717765094,0.5375017293820704,0.17243421509634868,0.1131731837450707
557,111.4743162108072,0.5,0.2,0.75,0.7916666666666666,0.17607918756206178,0.5390234457642021,0.17188471482728182,0.11301265184645344
558,111.67444963308873,0.5,0.2,0.75,0.7916666666666666,0.17526070073627095,0.5405277301733568,0.1713393884444231,0.11287218064594841
559,111.87458305537024,0.5,0.2,0.75,0.7916666666666666,0.17443608916364595,0.5420138070329986,0.17079850353024675,0.11275160027310792
560,112.07471647765176,0.5,0.2,0.75,0.7916666666666666,0.17360602163556993,0.5434809190191873,0.17026231859381882,0.11265074075142317
561,112.27484989993329,0.5,0.2,0.75,0.7916666666666666,0.17277115730339362,0.5449283274612292,0.16973108319093017,0.1125694320444462
562,112.47498332221481,0.5,0.2,0.75,0.7916666666666666,0.17193214525906064,0.5463553126288254,0.16920503801817627,0.11250750409393696
563,112.67511674449632,0.5,0.2,0.75,0.7916666666666666,0.17108962406520184,0.5477611740648499,0.16868441503132553,0.11246478683862192
564,112.87525016677785,0.5,0.2,0.75,0.7916666666666666,0.17024422116219162,0.5491452310246754,0.16816943760445277,0.1124411102086795
565,113.07538358905937,0.5,0.2,0.75,0.7916666666666666,0.16939655287585145,0.5505068224142927,0.16766032056106092,0.11243630414879421
566,113.2755170113409,0.5,0.2,0.75,0.7916666666666666,0.1685472240019929,0.5518453070870883,0.1671572703150018,0.1124501985959162
567,113.4756504336224,0.5,0.2,0.75,0.7916666666666666,0.16769682752189435,0.5531600640339561,0.16666048499187752,0.11248262345227134
568,113.67578385590393,0.5,0.2,0.75,0.7916666666666666,0.16684594433760783,0.5544504925605461,0.1661701545555961,0.11253340854624919
569,113.87591727818545,0.5,0.2,0.75,0.7916666666666666,0.16599514277919036,0.5557160126637536,0.16568646099088605,0.1126023835661692
570,114.07605070046698,0.5,0.2,0.75,0.7916666666666666,0.16514497868532677,0.5569560649211879,0.16520957837694863,0.11268937801653588
571,114.27618412274849,0.5,0.2,0.75,0.7916666666666666,0.16429599521867722,0.5581701106118065,0.16473967302387885,0.11279422114563659
572,114.47631754503001,0.5,0.2,0.75,0.7916666666666666,0.16344872268647428,0.5593576318360991,0.16427690361595024,0.11291674186147549
573,114.67645096731154,0.5,0.2,0.75,0.7916666666666666,0.16260367843148454,0.5605181315800588,0.1638214213479795,0.11305676864047619
574,114.87658438959306,0.5,0.2,0.75,0.7916666666666666,0.1617613665434623,0.561651133933461,0.16337337010426392,0.11321412941881183
575,115.07671781187457,0.5,0.2,0.75,0.7916666666666666,0.1609222778789982,0.56275618405287,0.16293288658277516,0.11338865148535579
576,115.2768512341561,0.5,0.2,0.75,0.7916666666666666,0.1600868901304924,0.5638328480870775,0.1625001004156937,0.11358016136673554
577,115.47698465643762,0.5,0.2,0.75,0.7916666666666666,0.159255667731474,0.5648807132436443,0.16207513432813586,0.11378848469674498
578,115.67711807871915,0.5,0.2,0.75,0.7916666666666666,0.15842906186013597,0.5658993877767291,0.1616581042826499,0.11401344608048421
579,115.87725150100066,0.5,0.2,0.75,0.7916666666666666,0.15760751037652015,0.566888501028672,0.1612491196427283,0.11425486895207863
580,116.07738492328218,0.5,0.2,0.75,0.7916666666666666,0.15679143777303278,0.5678477034635036,0.1608482833382462,0.11451257542521667
581,116.2775183455637,0.5,0.2,0.75,0.7916666666666666,0.15598125542741623,0.5687766664678772,0.16045569197190188,0.11478638613280397
582,116.47765176784523,0.5,0.2,0.75,0.7916666666666666,0.15517736159495465,0.5696750823569252,0.16007143598411877,0.1150761200640005
583,116.67778519012674,0.5,0.2,0.75,0.7916666666666666,0.15438014149852816,0.570542664306566,0.1596955998009422,0.11538159439396285
584,116.87791861240827,0.5,0.2,0.75,0.7916666666666666,0.1535899674054931,0.5713791462947846,0.15932826198507588,0.11570262431464567
585,117.07805203468979,0.5,0.2,0.75,0.7916666666666666,0.15280719867518155,0.5721842830517838,0.15896949542426544,0.11603902284876844
586,117.27818545697131,0.5,0.2,0.75,0.7916666666666666,0.15203218195947982,0.5729578499369471,0.15861936742038324,0.11639060068318902
587,117.47831887925283,0.5,0.2,0.75,0.7916666666666666,0.15126525137971927,0.5736996428036104,0.15827793986495056,0.11675716595171894
588,117.67845230153435,0.5,0.2,0.75,0.7916666666666666,0.1505067286477461,0.5744094779164766,0.15794526937985465,0.11713852405592179
589,117.87858572381587,0.5,0.2,0.75,0.7916666666666666,0.1497569232340787,0.575087191832467,0.15762140746425232,0.11753447746920101
590,118.0787191460974,0.5,0.2,0.75,0.7916666666666666,0.1490161324722046,0.5757326412837892,0.15730640067041515,0.1179448255735901
591,118.27885256837891,0.5,0.2,0.75,0.7916666666666666,0.14828464182150097,0.5763457030398156,0.15700029071536728,0.1183693644233153
592,118.47898599066043,0.5,0.2,0.75,0.7916666666666666,0.14756272507300744,0.5769262737704729,0.15670311461865424,0.11880788653786446
593,118.67911941294196,0.5,0.2,0.75,0.7916666666666666,0.14685064454006383,0.5774742699067211,0.1564149048486546,0.11926018070455947
594,118.87925283522348,0.5,0.2,0.75,0.7916666666666666,0.14614865127675217,0.5779896274936053,0.15613568945945466,0.11972603177018704
595,119.07938625750499,0.5,0.2,0.75,0.7916666666666666,0.14545698528062206,0.578472302037053,0.15586549223302812,0.12020522044929587
596,119.27951967978652,0.5,0.2,0.75,0.7916666666666666,0.1447758755203472,0.578922268339997,0.1556043328717839,0.12069752326787095
597,119.47965310206804,0.5,0.2,0.75,0.7916666666666666,0.14410554042105037,0.5793395203453799,0.1553522270625493,0.12120271217101954
598,119.67978652434957,0.5,0.2,0.75,0.7916666666666666,0.1434461880753396,0.5797240709657303,0.15510918661897968,0.12172055433994956
599,119.87991994663108,0.5,0.2,0.75,0.7916666666666666,0.14279801646616128,0.5800759519072484,0.1548752196214869,0.12225081200510264
600,120.0800533689126,0.5,0.2,0.75,0.7916666666666666,0.14216121373008897,0.5803952134891962,0.15465033054659263,0.12279324223412134
601,120.28018679119413,0.5,0.2,0.75,0.7916666666666666,0.14153595831000615,0.5806819244880861,0.15443452038580632,0.12334759681610062
602,120.48032021347565,0.5,0.2,0.75,0.7916666666666666,0.14092241873774095,0.5809361720725926,0.15422778673488496,0.12391362245478064
603,120.68045363575716,0.5,0.2,0.75,0.7916666666666666,0.14032075460813537,0.5811580614324066,0.1540301239686826,0.12449105999077469
604,120.88058705803869,0.5,0.2,0.75,0.7916666666666666,0.13973111665242768,0.5813477156326506,0.15384152334723117,0.12507964436768973
605,121.08072048032021,0.5,0.2,0.75,0.7916666666666666,0.13915364696298466,0.5815052754265294,0.15366197313067298,0.12567910447981215
606,121.28085390260173,0.5,0.2,0.75,0.7916666666666666,0.1385884792717811,0.5816308990510136,0.15349145869584319,0.1262891629813613
607,121.48098732488324,0.5,0.2,0.75,0.7916666666666666,0.13803573894500198,0.5817247620980904,0.15332996260110116,0.12690953635580557
608,121.68112074716477,0.5,0.2,0.75,0.7916666666666666,0.1374955426782891,0.5817870574658737,0.15317746459674894,0.12753993525908744
609,121.8812541694463,0.5,0.2,0.75,0.7916666666666666,0.13696799982883312,0.5818179948526087,0.15303394191398406,0.12818006340457327
610,122.08138759172782,0.5,0.2,0.75,0.7916666666666666,0.1364532122797371,0.58181780065456,0.15289936929852707,0.128829617767175
611,122.28152101400933,0.5,0.2,0.75,0.7916666666666666,0.13595127466230553,0.5817867177614743,0.15277371910286178,0.12948828847335747
612,122.48165443629085,0.5,0.2,0.75,0.7916666666666666,0.13546227461345586,0.581725005339143,0.15265696138157916,0.1301557586658211
613,122.68178785857238,0.5,0.2,0.75,0.7916666666666666,0.1349862926514831,0.5816329386316761,0.15254906390536113,0.13083170481147877
614,122.8819212808539,0.5,0.2,0.75,0.7916666666666666,0.13452340213905933,0.5815108087547579,0.1524499921898571,0.13151579691632476
615,123.08205470313541,0.5,0.2,0.75,0.7916666666666666,0.13407367035799722,0.5813589224171029,0.1523597097497692,0.13220769747512987
616,123.28218812541694,0.5,0.2,0.75,0.7916666666666666,0.1336371583585501,0.5811776017133302,0.15227817809835822,0.1329070618297606
617,123.48232154769846,0.5,0.2,0.75,0.7916666666666666,0.13321392117146258,0.580967183890937,0.1522053568184004,0.13361353811919924
618,123.68245496997999,0.5,0.2,0.75,0.7916666666666666,0.13280400802604572,0.5807280211132221,0.15214120363136444,0.13432676722936687
619,123.8825883922615,0.5,0.2,0.75,0.7916666666666666,0.13240746216019622,0.5804604801063885,0.15208567435818357,0.1350463833752308
620,124.08272181454302,0.5,0.2,0.75,0.7916666666666666,0.13202432106108708,0.5801649419221505,0.15203872298837204,0.13577201402838943
621,124.28285523682455,0.5,0.2,0.75,0.7916666666666666,0.1316546171119088,0.5798418018090556,0.15200030185112404,0.13650327922791064
622,124.48298865910607,0.5,0.2,0.75,0.7916666666666666,0.13129837752354134,0.5794914688833077,0.15197036159866617,0.13723979199448383
623,124.68312208138758,0.5,0.2,0.75,0.7916666666666666,0.13095562450837317,0.5791143658630996,0.15194885124923502,0.13798115837929129
624,124.8832555036691,0.5,0.2,0.75,0.7916666666666666,0.13062637544512515,0.5787109287950389,0.1519357182246083,0.13872697753522673
625,125.08338892595063,0.5,0.2,0.75,0.7916666666666666,0.1303106426830722,0.5782816065282064,0.15193090827970537,0.13947684250901507
626,125.28352234823215,0.5,0.2,0.75,0.7916666666666666,0.13000843390622635,0.5778268605758881,0.1519343655925774,0.14023033992530726
627,125.48365577051366,0.5,0.2,0.75,0.7916666666666666,0.1297197524474462,0.5773471649408404,0.15194603283697772,0.1409870497747348
628,125.68378919279519,0.5,0.2,0.75,0.7916666666666666,0.12944459728390917,0.576843005717365,0.1519658511592335,0.14174654583949134
629,125.88392261507671,0.5,0.2,0.75,0.7916666666666666,0.1291829631601407,0.5763148807804185,0.15199376018947228,0.14250839586996766
630,126.08405603735824,0.5,0.2,0.75,0.7916666666666666,0.12893484069450933,0.5757632994557845,0.1520296980448827,0.14327216180482263
631,126.28418945963975,0.5,0.2,0.75,0.7916666666666666,0.12870021626963804,0.5751887819250244,0.15207360126086242,0.14403740054447423
632,126.48432288192127,0.5,0.2,0.75,0.7916666666666666,0.12847907230843453,0.5745918591078324,0.1521254048434758,0.14480366374025638
633,126.6844563042028,0.5,0.2,0.75,0.7916666666666666,0.12827138738884425,0.57397307234681,0.15218504226741672,0.14557049799692812
634,126.88458972648432,0.5,0.2,0.75,0.7916666666666666,0.1280771362691469,0.5733329729833033,0.15225244544256386,0.146337445304985
635,127.08472314876583,0.5,0.2,0.75,0.7916666666666666,0.1278962899559956,0.5726721219874622,0.15232754469162546,0.1471040433649158
636,127.28485657104736,0.5,0.2,0.75,0.7916666666666666,0.12772881576366504,0.5719910895252104,0.1524102687375733,0.14786982597355036
637,127.48498999332888,0.5,0.2,0.75,0.7916666666666666,0.12757467736723793,0.5712904545639653,0.15250054467375443,0.14863432339504146
638,127.6851234156104,0.5,0.2,0.75,0.7916666666666666,0.12743383485049947,0.5705708045458676,0.15259829790902418,0.1493970626946078
639,127.88525683789192,0.5,0.2,0.75,0.7916666666666666,0.1273062447436439,0.5698327349457624,0.15270345213655442,0.15015756817403844
640,128.08539026017345,0.5,0.2,0.75,0.7916666666666666,0.12719186005460287,0.5690768488561339,0.15281592928845955,0.15091536180080287
641,128.28552368245496,0.5,0.2,0.75,0.7916666666666666,0.12709063029081796,0.5683037565545525,0.15293564950052457,0.15166996365410418
642,128.48565710473648,0.5,0.2,0.75,0.7916666666666666,0.12700250146963613,0.5675140750459753,0.15306253109920334,0.15242089238518444
643,128.685790527018,0.5,0.2,0.75,0.7916666666666666,0.12692741613670985,0.5667084276612421,0.1531964904814171,0.15316766572063023
644,128.88592394929952,0.5,0.2,0.75,0.7916666666666666,0.12686531336441173,0.5658874435943003,0.1533374420741267,0.15390980096716045
645,129.08605737158106,0.5,0.2,0.75,0.7916666666666666,0.1268161287455246,0.5650517574422053,0.15348529827173404,0.15464681554053542
646,129.28619079386257,0.5,0.2,0.75,0.7916666666666666,0.1267797943887202,0.564202008748299,0.15363996937798102,0.15537822748499916
647,129.48632421614408,0.5,0.2,0.75,0.7916666666666666,0.12675623900648622,0.5633388416494055,0.15380136367546374,0.1561035556686439
648,129.68645763842562,0.5,0.2,0.75,0.7916666666666666,0.12674538778789685,0.5624629042808457,0.15396938721561956,0.1568223207156373
649,129.88659106070713,0.5,0.2,0.75,0.7916666666666666,0.12674716237297015,0.5615748482957535,0.1541439437484241,0.1575340455828516
650,130.08672448298864,0.5,0.2,0.75,0.7916666666666666,0.12676148083801447,0.5606753283967275,0.1543249346718842,0.15823825609337325
651,130.28685790527018,0.5,0.2,0.75,0.7916666666666666,0.12678825765563162,0.5597650018391934,0.15451225895324955,0.1589344815519249
652,130.4869913275517,0.5,0.2,0.75,0.7916666666666666,0.1268274037692105,0.5588445281471315,0.15470581321059926,0.1596222548730582
653,130.68712474983323,0.5,0.2,0.75,0.7916666666666666,0.12687882651330465,0.5579145685536173,0.15490549159132821,0.16030111334174924
654,130.88725817211474,0.5,0.2,0.75,0.7916666666666666,0.1269424294654506,0.556975785321475,0.15511118556330725,0.16097059964976657
655,131.08739159439625,0.5,0.2,0.75,0.7916666666666666,0.1270181124478328,0.5560288413404676,0.1553227839142623,0.16163026229743677
656,131.2875250166778,0.5,0.2,0.75,0.7916666666666666,0.12710577146743046,0.5550743996173801,0.15554017267335585,0.16227965624183294
657,131.4876584389593,0.5,0.2,0.75,0.7916666666666666,0.12720529873671818,0.5541131229160219,0.15576323513622783,0.1629183432110314
658,131.6877918612408,0.5,0.2,0.75,0.7916666666666666,0.1273165827586937,0.5531456735178545,0.15599185197360937,0.16354589174984183
659,131.88792528352235,0.5,0.2,0.75,0.7916666666666666,0.1274395079895138,0.5521727122245783,0.15622590082698595,0.16416187895892126
660,132.08805870580386,0.5,0.2,0.75,0.7916666666666666,0.12757395487559073,0.5511948980412272,0.15646525636793235,0.16476589071524905
661,132.2881921280854,0.5,0.2,0.75,0.7916666666666666,0.12771979979206363,0.5502128876857106,0.15670979024130635,0.16535752228091874
662,132.4883255503669,0.5,0.2,0.75,0.7916666666666666,0.1278769150449981,0.5492273351368048,0.156959371005839,0.16593637881235748
663,132.68845897264842,0.5,0.2,0.75,0.7916666666666666,0.1280451688792791,0.548238891686775,0.15721386456370562,0.16650207487023966
664,132.88859239492996,0.5,0.2,0.75,0.7916666666666666,0.1282244254640717,0.5472482048046735,0.15747313344326117,0.16705423628799304
665,133.08872581721147,0.5,0.2,0.75,0.7916666666666666,0.12841454456207083,0.5462559178199882,0.15773703707879463,0.16759250053914582
666,133.28885923949298,0.5,0.2,0.75,0.7916666666666666,0.12861538161752456,0.5452626694877971,0.15800543171457682,0.1681165171801009
667,133.48899266177452,0.5,0.2,0.75,0.7916666666666666,0.12882678769050515,0.5442690935296078,0.1582781703804882,0.1686259483993982
668,133.68912608405603,0.5,0.2,0.75,0.7916666666666666,0.1290486098267998,0.5432758189450181,0.15855510333888653,0.1691204678892949
669,133.88925950633757,0.5,0.2,0.75,0.7916666666666666,0.12928069063904643,0.5422834689276858,0.15883607767822386,0.1695997627550433
670,134.08939292861908,0.5,0.2,0.75,0.7916666666666666,0.12952286804104268,0.5412926600523384,0.15912093707236064,0.1700635348342576
671,134.2895263509006,0.5,0.2,0.75,0.7916666666666666,0.12977497536278962,0.5403040021354849,0.15940952195174815,0.17051150054997666
672,134.48965977318213,0.5,0.2,0.75,0.7916666666666666,0.1300368412859611,0.5393180977783746,0.15970166948035236,0.1709433914553113
673,134.68979319546364,0.5,0.2,0.75,0.7916666666666666,0.13030828977937317,0.5383355419099566,0.15999721353257776,0.17135895477809177
674,134.88992661774515,0.5,0.2,0.75,0.7916666666666666,0.1305891402440765,0.5373569217216283,0.16029598494591218,0.1717579530883823
675,135.09006004002669,0.5,0.2,0.75,0.7916666666666666,0.1308792085241984,0.5363828182200931,0.16059781291230632,0.17214016034340135
676,135.2901934623082,0.5,0.2,0.75,0.7916666666666666,0.13117830539312492,0.5354138030615655,0.1609025230488258,0.1725053684964831
677,135.49032688458973,0.5,0.2,0.75,0.7916666666666666,0.13148623686543673,0.5344504387983527,0.1612099378697477,0.1728533864664621
678,135.69046030687124,0.5,0.2,0.75,0.7916666666666666,0.13180280428989077,0.5334932787162109,0.16151987697066325,0.17318404002323437
679,135.89059372915276,0.5,0.2,0.75,0.7916666666666666,0.13212780435022375,0.5325428665195066,0.1618321571020284,0.1734971720282407
680,136.0907271514343,0.5,0.2,0.75,0.7916666666666666,0.13246102958474137,0.531599737336115,0.16214659311136717,0.17379263996777577
681,136.2908605737158,0.5,0.2,0.75,0.7916666666666666,0.13280226784774513,0.5306644160304718,0.16246299711369303,0.17407031900808936
682,136.49099399599731,0.5,0.2,0.75,0.7916666666666666,0.13315130224120908,0.5297374167128851,0.1627811784493139,0.17433010259659126
683,136.69112741827885,0.5,0.2,0.75,0.7916666666666666,0.1335079112312019,0.5288192427188216,0.16310094395097452,0.17457190209900128
684,136.89126084056036,0.5,0.2,0.75,0.7916666666666666,0.13387186863874617,0.5279103862668868,0.16342209799994267,0.1747956470944236
685,137.0913942628419,0.5,0.2,0.75,0.7916666666666666,0.13424294460902622,0.5270113299021502,0.16374444391687815,0.17500128157194478
686,137.2915276851234,0.5,0.2,0.75,0.7916666666666666,0.13462090527493173,0.5261225455568216,0.16406778357135493,0.1751887655968911
687,137.49166110740492,0.5,0.2,0.75,0.7916666666666666,0.1350055119428803,0.5252444927391529,0.16439191633961797,0.1753580789783483
688,137.69179452968646,0.5,0.2,0.75,0.7916666666666666,0.13539652160876445,0.524377619149628,0.1647166398770584,0.17550921936454855
689,137.89192795196797,0.5,0.2,0.75,0.7916666666666666,0.13579368698491961,0.5235223604048372,0.16504175022356368,0.1756422023866789
690,138.09206137424948,0.5,0.2,0.75,0.7916666666666666,0.13619675709027723,0.5226791407966755,0.16536704255511925,0.17575705955792736
691,138.29219479653102,0.5,0.2,0.75,0.7916666666666666,0.13660547788000077,0.5218483741241271,0.16569231198071666,0.17585383601515486
692,138.49232821881253,0.5,0.2,0.75,0.7916666666666666,0.13701959080516987,0.521030460719768,0.16601735196400463,0.1759325965110569
693,138.69246164109407,0.5,0.2,0.75,0.7916666666666666,0.13743883349278854,0.5202257883741493,0.16634195517799868,0.17599342295506282
694,138.89259506337558,0.5,0.2,0.75,0.7916666666666666,0.1378629398322146,0.5194347321689828,0.16666591367866332,0.17603641432013853
695,139.0927284856571,0.5,0.2,0.75,0.7916666666666666,0.13829164037072805,0.5186576547443945,0.16698901931986754,0.17606168556500926
696,139.29286190793863,0.5,0.2,0.75,0.7916666666666666,0.13872466374437795,0.5178949080484068,0.16731106500079881,0.17606936320641595
697,139.49299533022014,0.5,0.2,0.75,0.7916666666666666,0.13916173477996685,0.5171468303204293,0.16763184323666808,0.17605959166293517
698,139.69312875250165,0.5,0.2,0.75,0.7916666666666666,0.1396025751409997,0.5164137467169876,0.16795114677499412,0.17603253136701802
699,139.8932621747832,0.5,0.2,0.75,0.7916666666666666,0.14004690357384939,0.5156959693650754,0.16826876889042555,0.17598835817064906
700,140.0933955970647,0.5,0.2,0.75,0.7916666666666666,0.14049443611953213,0.5149937973714301,0.1685845036366472,0.17592726287238988
701,140.29352901934624,0.5,0.2,0.75,0.7916666666666666,0.1409448876087569,0.5143075187359072,0.16889814693247385,0.1758494467228614
702,140.49366244162775,0.5,0.2,0.75,0.7916666666666666,0.14139797037947308,0.5136374081436442,0.16920949584243927,0.17575512563444282
703,140.69379586390926,0.5,0.2,0.75,0.7916666666666666,0.14185339441494446,0.5129837268649772,0.16951834878079322,0.17564452993928453
704,140.8939292861908,0.5,0.2,0.75,0.7916666666666666,0.14231086778222812,0.5123467231010942,0.1698245059107755,0.17551790320590163
705,141.0940627084723,0.5,0.2,0.75,0.7916666666666666,0.14277009679618013,0.5117266319212237,0.17012776936263457,0.17537550191996104
706,141.29419613075382,0.5,0.2,0.75,0.7916666666666666,0.14323078728357694,0.5111236766747883,0.1704279437970796,0.17521759224455455
707,141.49432955303536,0.5,0.2,0.75,0.7916666666666666,0.14369264420499187,0.5105380682017399,0.17072483645307218,0.1750444511401955
708,141.69446297531687,0.5,0.2,0.75,0.7916666666666666,0.14415537112031038,0.509970003833254,0.1710182571465216,0.17485636789991346
709,141.8945963975984,0.5,0.2,0.75,0.7916666666666666,0.14461867085834437,0.5094196680068059,0.17130801864706335,0.17465364248778584
710,142.09472981987992,0.5,0.2,0.75,0.7916666666666666,0.14508224571327694,0.5088872322468515,0.1715939369062634,0.1744365851336076
711,142.29486324216143,0.5,0.2,0.75,0.7916666666666666,0.14554579817818586,0.5083728558971163,0.1718758312310718,0.17420551469362536
712,142.49499666444297,0.5,0.2,0.75,0.7916666666666666,0.1460090315316108,0.5078766866472296,0.1721535244722569,0.17396075734890204
713,142.69513008672448,0.5,0.2,0.75,0.7916666666666666,0.1464716488604534,0.5073988588710973,0.17242684337224531,0.1737026488962034
714,142.89526350900599,0.5,0.2,0.75,0.7916666666666666,0.14693335381053524,0.50693949438303,0.1726956187368389,0.17343153306959533
715,143.09539693128752,0.5,0.2,0.75,0.7916666666666666,0.14739385082578352,0.506498702478237,0.17295968565906208,0.17314776103691673
716,143.29553035356903,0.5,0.2,0.75,0.7916666666666666,0.14785284555559747,0.5060765802624464,0.17321888358879328,0.1728516905931623
717,143.49566377585057,0.5,0.2,0.75,0.7916666666666666,0.14831004567658876,0.5056732136864119,0.1734730560414901,0.1725436845955087
718,143.69579719813208,0.5,0.2,0.75,0.7916666666666666,0.1487651602086648,0.505288676019158,0.1737220516182931,0.17222411215388375
719,143.8959306204136,0.5,0.2,0.75,0.7916666666666666,0.14921790004338015,0.5049230283834041,0.17396572397028354,0.1718933476029318
720,144.09606404269513,0.5,0.2,0.75,0.7916666666666666,0.14966797824434885,0.5045763199032465,0.17420393196126832,0.1715517698911359
721,144.29619746497664,0.5,0.2,0.75,0.7916666666666666,0.15011511032855346,0.5042485878675387,0.1744365397596138,0.17119976204429363
722,144.49633088725815,0.5,0.2,0.75,0.7916666666666666,0.15055901483605424,0.5039398588409563,0.174663415848223,0.170837710474766
723,144.6964643095397,0.5,0.2,0.75,0.7916666666666666,0.15099941320469695,0.5036501474912832,0.17488443464162956,0.17046600466238976
724,144.8965977318212,0.5,0.2,0.75,0.7916666666666666,0.15143603006193596,0.5033794567873432,0.1750994765383901,0.17008503661233035
725,145.09673115410274,0.5,0.2,0.75,0.7916666666666666,0.151868593543608,0.5031277782854874,0.17530842787238143,0.16969520029852272
726,145.29686457638425,0.5,0.2,0.75,0.7916666666666666,0.15229683555213724,0.502895092217058,0.17551118109130193,0.16929689113950236
727,145.49699799866576,0.5,0.2,0.75,0.7916666666666666,0.15272049200058302,0.502681367786505,0.17570763455900287,0.1688905056539087
728,145.6971314209473,0.5,0.2,0.75,0.7916666666666666,0.15313930299328157,0.502486564412884,0.17589769067321073,0.16847644192062328
729,145.8972648432288,0.5,0.2,0.75,0.7916666666666666,0.15355301319376638,0.5023106301849155,0.1760812589590374,0.16805509766228027
730,146.09739826551032,0.5,0.2,0.75,0.7916666666666666,0.15396137205558758,0.5021535023559215,0.17625825551984786,0.16762687006864263
731,146.29753168779186,0.5,0.2,0.75,0.7916666666666666,0.15436413406853328,0.5020151076095909,0.1764286028973635,0.16719215542451193
732,146.49766511007337,0.5,0.2,0.75,0.7916666666666666,0.15476105901494766,0.5018953621755239,0.1765922302000166,0.16675134860951144
733,146.6977985323549,0.5,0.2,0.75,0.7916666666666666,0.15515191197580538,0.5017941721868507,0.1767490725737137,0.16630484326362993
734,146.89793195463642,0.5,0.2,0.75,0.7916666666666666,0.15553646285672923,0.5017114345022308,0.17689906941110742,0.1658530332299323
735,147.09806537691793,0.5,0.2,0.75,0.7916666666666666,0.15591448790251872,0.5016470356042696,0.17704216778627516,0.16539630870693622
736,147.29819879919947,0.5,0.2,0.75,0.7916666666666666,0.15628576951941042,0.5016008521349486,0.17717832144245688,0.1649350569031838
737,147.49833222148098,0.5,0.2,0.75,0.7916666666666666,0.15665009644767416,0.501572751092158,0.17730749070040555,0.16446966175976205
738,147.6984656437625,0.5,0.2,0.75,0.7916666666666666,0.15700726399696627,0.501562589965522,0.17742964253164897,0.16400050350586243
739,147.89859906604403,0.5,0.2,0.75,0.7916666666666666,0.15735707366989313,0.5015702171794225,0.17754474962344372,0.16352795952724045
740,148.09873248832554,0.5,0.2,0.75,0.7916666666666666,0.15769933254040952,0.5015954726591254,0.17765278903966444,0.1630524057608005
741,148.29886591060708,0.5,0.2,0.75,0.7916666666666666,0.1580338554684057,0.5016381869727754,0.17775374555610068,0.162574212002718
742,148.4989993328886,0.5,0.2,0.75,0.7916666666666666,0.1583604645001926,0.5016981818864329,0.1778476103577488,0.16209374325562548
743,148.6991327551701,0.5,0.2,0.75,0.7916666666666666,0.15867898902437333,0.5017752705398092,0.1779343809810777,0.16161135945473945
744,148.89926617745164,0.5,0.2,0.75,0.7916666666666666,0.15898926597231947,0.5018692575996051,0.1780140613298096,0.16112741509826556
745,149.09939959973315,0.5,0.2,0.75,0.7916666666666666,0.15929113891755786,0.5019799397660815,0.17808666037342993,0.16064226094293046
746,149.29953302201466,0.5,0.2,0.75,0.7916666666666666,0.1595844578241392,0.5021071060714358,0.17815219162209578,0.16015624448232893
747,149.4996664442962,0.5,0.2,0.75,0.7916666666666666,0.15986908141045658,0.5022505373391325,0.1782106757304971,0.1596697055199136
748,149.6997998665777,0.5,0.2,0.75,0.7916666666666666,0.16014487626831295,0.50241000668416,0.17826213921991094,0.15918297782761595
749,149.89993328885924,0.5,0.2,0.75,0.7916666666666666,0.16041171700628865,0.5025852796846904,0.17830661442566087,0.15869638888335996
750,150.10006671114076,0.5,0.2,0.75,0.7916666666666666,0.16066948640434275,0.5027761145500935,0.1783441394582738,0.1582102595872899
751,150.30020013342227,0.5,0.2,0.75,0.7916666666666666,0.16091807382912482,0.5029822627523705,0.17837475669001396,0.15772490672849074
752,150.5003335557038,0.5,0.2,0.75,0.7916666666666666,0.161157375870552,0.5032034690657501,0.17839851312467353,0.15724064193902434
753,150.70046697798531,0.5,0.2,0.75,0.7916666666666666,0.1613872982781094,0.5034394712599853,0.17841546186930748,0.1567577685925977
754,150.90060040026682,0.5,0.2,0.75,0.7916666666666666,0.16160775501491154,0.5036900005615976,0.17842566116231912,0.15627658326117172
755,151.10073382254836,0.5,0.2,0.75,0.7916666666666666,0.1618186683595173,0.5039547818359554,0.17842917428986307,0.15579737551466413
756,151.30086724482987,0.5,0.2,0.75,0.7916666666666666,0.1620199689745685,0.5042335337768797,0.17842606948179968,0.15532042776675214
757,151.5010006671114,0.5,0.2,0.75,0.7916666666666666,0.16221159379601274,0.5045259695906207,0.17841641846436726,0.1548460181489994
758,151.70113408939292,0.5,0.2,0.75,0.7916666666666666,0.16239348767427975,0.5048317968287528,0.17840029732537002,0.15437441817159742
759,151.90126751167443,0.5,0.2,0.75,0.7916666666666666,0.16256560448068677,0.5051507173423759,0.17837778704975985,0.15390589112717754
760,152.10140093395597,0.5,0.2,0.75,0.7916666666666666,0.1627279062929142,0.5054824276720534,0.17834897287125345,0.15344069316377898
761,152.30153435623748,0.5,0.2,0.75,0.7916666666666666,0.16288036344041892,0.505826619242686,0.17831394415397253,0.15297907316292256
762,152.501667778519,0.5,0.2,0.75,0.7916666666666666,0.1630229544355632,0.5061829785816206,0.17827279422670764,0.15252127275610855
763,152.70180120080053,0.5,0.2,0.75,0.7916666666666666,0.16315566362779202,0.5065511879996978,0.17822561927329816,0.152067529099212
764,152.90193462308204,0.5,0.2,0.75,0.7916666666666666,0.1632784835796161,0.5069309253122849,0.17817251918038357,0.15161807192771548
765,153.10206804536358,0.5,0.2,0.75,0.7916666666666666,0.16339141535726473,0.5073218639842882,0.17811359752070421,0.1511731231377428
766,153.3022014676451,0.5,0.2,0.75,0.7916666666666666,0.16349446788909225,0.5077236734647051,0.17804896114995045,0.15073289749625216
767,153.5023348899266,0.5,0.2,0.75,0.7916666666666666,0.16358765795536462,0.5081360193928071,0.1779787200653426,0.1502976025864857
768,153.70246831220814,0.5,0.2,0.75,0.7916666666666666,0.16367100994662395,0.5085585638453506,0.1779029872124317,0.14986743899559377
769,153.90260173448965,0.5,0.2,0.75,0.7916666666666666,0.16374455360541787,0.5089909659413122,0.1778218778406871,0.14944260261258288
770,154.1027351567712,0.5,0.2,0.75,0.7916666666666666,0.16380832672483045,0.5094328815678455,0.17773550996814605,0.1490232817391781
771,154.3028685790527,0.5,0.2,0.75,0.7916666666666666,0.16386237479139878,0.5098839636479594,0.1776440041623834,0.1486096573982585
772,154.5030020013342,0.5,0.2,0.75,0.7916666666666666,0.16390675051336803,0.5103438624285253,0.17754748329582623,0.14820190376228054
773,154.70313542361575,0.5,0.2,0.75,0.7916666666666666,0.16394151375883112,0.5108122256956158,0.1774460723927784,0.1478001881527748
774,154.90326884589726,0.5,0.2,0.75,0.7916666666666666,0.16396673113958407,0.5112886990372466,0.177339898463662,0.14740467135950752
775,155.10340226817877,0.5,0.2,0.75,0.7916666666666666,0.16398247413774092,0.5117729263010942,0.17722909028667913,0.14701550927448592
776,155.3035356904603,0.5,0.2,0.75,0.7916666666666666,0.16398882165837864,0.5122645494600199,0.17711377834917197,0.14663285053242972
777,155.50366911274182,0.5,0.2,0.75,0.7916666666666666,0.16398585928323103,0.5127632089189857,0.17699409466995153,0.1462568371278319
778,155.70380253502336,0.5,0.2,0.75,0.7916666666666666,0.16397367893845072,0.5132685437665707,0.1768701726365663,0.14588760465841247
779,155.90393595730487,0.5,0.2,0.75,0.7916666666666666,0.1639523787881176,0.5137801919962809,0.17674214685071674,0.14552528236488507
780,156.10406937958638,0.5,0.2,0.75,0.7916666666666666,0.1639220626804762,0.5142977907529267,0.17661015305477926,0.145169993511818
781,156.30420280186792,0.5,0.2,0.75,0.7916666666666666,0.16388283882842516,0.5148209766219166,0.17647432819719472,0.14482185635246372
782,156.50433622414943,0.5,0.2,0.75,0.7916666666666666,0.1638348218469992,0.5153493857304106,0.17633480988908512,0.1444809825335053
783,156.70446964643094,0.5,0.2,0.75,0.7916666666666666,0.1637781318877755,0.5158826540111752,0.17619173638732655,0.14414747771372297
784,156.90460306871248,0.5,0.2,0.75,0.7916666666666666,0.16371289439745879,0.5164204174314552,0.17604524646443115,0.14382144170665517
785,157.104736490994,0.5,0.2,0.75,0.7916666666666666,0.16363923997560506,0.5169623122162895,0.17589547926045052,0.14350296854765515
786,157.30486991327552,0.5,0.2,0.75,0.7916666666666666,0.16355730376118585,0.5175079750246907,0.17574257436228513,0.14319214685183856
787,157.50500333555703,0.5,0.2,0.75,0.7916666666666666,0.16346722469168967,0.5180570431130691,0.17558667194451424,0.14288906025072715
788,157.70513675783855,0.5,0.2,0.75,0.7916666666666666,0.16336914680882614,0.5186091547034171,0.17542791192242888,0.1425937865653282
789,157.90527018012008,0.5,0.2,0.75,0.7916666666666666,0.16326321849360034,0.5191639491443296,0.17526643410445827,0.14230639825761196
790,158.1054036024016,0.5,0.2,0.75,0.7916666666666666,0.16314959226899275,0.5197210671288148,0.1751023780706405,0.14202696253155217
791,158.3055370246831,0.5,0.2,0.75,0.7916666666666666,0.16302842463185033,0.5202801509150249,0.17493588303699403,0.14175554141613086
792,158.50567044696464,0.5,0.2,0.75,0.7916666666666666,0.16289987549372098,0.5208408443563677,0.17476708813278016,0.1414921920171314
793,158.70580386924615,0.5,0.2,0.75,0.7916666666666666,0.1627641078868498,0.5214027930608695,0.1745961323977987,0.1412369666544823
794,158.9059372915277,0.5,0.2,0.75,0.7916666666666666,0.16262128851804092,0.5219656449638337,0.17442315388447913,0.14098991263364638
795,159.1060707138092,0.5,0.2,0.75,0.7916666666666666,0.16247158723248467,0.5225290503691591,0.17424828991086663,0.14075107248748972
796,159.3062041360907,0.5,0.2,0.75,0.7916666666666666,0.16231517682707472,0.5230926621610174,0.17407167694460457,0.14052048406730344
797,159.50633755837225,0.5,0.2,0.75,0.7916666666666666,0.16215223286660477,0.523656136016587,0.17389345048432533,0.1402981806324831
798,159.70647098065376,0.5,0.2,0.75,0.7916666666666666,0.16198293331388053,0.52421913020233,0.17371374555709007,0.14008419092669952
799,159.90660440293527,0.5,0.2,0.75,0.7916666666666666,0.1618074584085576,0.5247813059269176,0.1735326963923997,0.13987853927212526
800,160.1067378252168,0.5,0.2,0.75,0.7916666666666666,0.16162599065905306,0.525342327947212,0.1733504357218659,0.13968124567186924
801,160.30687124749832,0.5,0.2,0.75,0.7916666666666666,0.16143871454695174,0.525901864530814,0.1731670950306934,0.13949232589154104
802,160.50700466977986,0.5,0.2,0.75,0.7916666666666666,0.1612458163378229,0.5264595876567569,0.17298280445688116,0.13931179154853923
803,160.70713809206137,0.5,0.2,0.75,0.7916666666666666,0.16104748389441756,0.5270151732041605,0.17279769270389708,0.13913965019752508
804,160.90727151434288,0.5,0.2,0.75,0.7916666666666666,0.16084390662174156,0.5275683004740165,0.1726118876996876,0.13897590520455455
805,161.10740493662442,0.5,0.2,0.75,0.7916666666666666,0.1606352751796955,0.5281186528863427,0.17242551594025898,0.13882055599370297
806,161.30753835890593,0.5,0.2,0.75,0.7916666666666666,0.16042178123917716,0.5286659184575574,0.17223870207922753,0.13867359822403819
807,161.50767178118744,0.5,0.2,0.75,0.7916666666666666,0.1602036173461734,0.5292097897317692,0.17205156912852665,0.138535023793531
808,161.70780520346898,0.5,0.2,0.75,0.7916666666666666,0.15998097673595046,0.529749963964412,0.17186423837670037,0.13840482092293746
809,161.9079386257505,0.5,0.2,0.75,0.7916666666666666,0.15975405316673552,0.5302861432673881,0.17167682934173836,0.13828297422413824
810,162.10807204803203,0.5,0.2,0.75,0.7916666666666666,0.15952304112178625,0.5308180340267472,0.17148946037675777,0.13816946447470888
811,162.30820547031354,0.5,0.2,0.75,0.7916666666666666,0.15928813529185362,0.5313453477413916,0.17130224800041863,0.1380642689663362
812,162.50833889259505,0.5,0.2,0.75,0.7916666666666666,0.15904953035023173,0.5318678012840019,0.171115306745854,0.13796736161991247
813,162.7084723148766,0.5,0.2,0.75,0.7916666666666666,0.1588074208714141,0.532385116878379,0.17092874926409485,0.13787871298611215
814,162.9086057371581,0.5,0.2,0.75,0.7916666666666666,0.15856200119244718,0.5328970222176581,0.17074268628810474,0.13779829030179022
815,163.1087391594396,0.5,0.2,0.75,0.7916666666666666,0.15831346558686488,0.5334032502315889,0.17055722678712115,0.13772605739442542
816,163.30887258172115,0.5,0.2,0.75,0.7916666666666666,0.15806200773479656,0.533903539643998,0.17037247769249114,0.1376619749287146
817,163.50900600400266,0.5,0.2,0.75,0.7916666666666666,0.15780782058618517,0.5343976350889094,0.17018854386284113,0.1376060004620647
818,163.7091394262842,0.5,0.2,0.75,0.7916666666666666,0.15755109626056296,0.5348852871856207,0.1700055280715041,0.1375580884823126
819,163.9092728485657,0.5,0.2,0.75,0.7916666666666666,0.1572920259593954,0.535366252580264,0.16982353102541875,0.13751819043492217
820,164.10940627084722,0.5,0.2,0.75,0.7916666666666666,0.15703080024817168,0.5358402934708418,0.1696426517336144,0.13748625454737248
821,164.30953969312876,0.5,0.2,0.75,0.7916666666666666,0.15676760836233758,0.5363071784959232,0.1694629869527645,0.13746222618897505
822,164.50967311541027,0.5,0.2,0.75,0.7916666666666666,0.15650263816862559,0.5367666827077726,0.169284631252401,0.13744604787120124
823,164.70980653769178,0.5,0.2,0.75,0.7916666666666666,0.15623607607699533,0.5372185876144725,0.16910767703343235,0.13743765927510015
824,164.90993995997331,0.5,0.2,0.75,0.7916666666666666,0.15596810702004718,0.5376626811567551,0.16893221456464863,0.1374369972585495
825,165.11007338225482,0.5,0.2,0.75,0.7916666666666666,0.1556989147659329,0.5380987572987824,0.16875833220828232,0.13744399572700275
826,165.31020680453636,0.5,0.2,0.75,0.7916666666666666,0.15542868113331396,0.538526616889895,0.16858611602315338,0.13745858595363813
827,165.51034022681787,0.5,0.2,0.75,0.7916666666666666,0.15515758605037036,0.5389460675493037,0.16841564984629592,0.13748069655403036
828,165.71047364909938,0.5,0.2,0.75,0.7916666666666666,0.15488580747093544,0.5393569237161716,0.1682470152935917,0.13751025351930174
829,165.91060707138092,0.5,0.2,0.75,0.7916666666666666,0.15461352143375512,0.5397590065348393,0.16808029182600046,0.13754718020540554
830,166.11074049366243,0.5,0.2,0.75,0.7916666666666666,0.154340902340224,0.54015214348814,0.16791555692095997,0.13759139725067648
831,166.31087391594394,0.5,0.2,0.75,0.7916666666666666,0.15406812215343857,0.5405361692744806,0.16775288572453345,0.13764282284754792
832,166.51100733822548,0.5,0.2,0.75,0.7916666666666666,0.15379535053401652,0.5409109256047917,0.16759235115449425,0.13770137270669802
833,166.711140760507,0.5,0.2,0.75,0.7916666666666666,0.1535227547602186,0.5412762612481865,0.16743402389957873,0.13776696009201664
834,166.91127418278853,0.5,0.2,0.75,0.7916666666666666,0.15325049987949568,0.5416320318054156,0.16727797252299414,0.13783949579209512
835,167.11140760507004,0.5,0.2,0.75,0.7916666666666666,0.1529787487514392,0.5419780996098332,0.16712426351671042,0.13791888812201772
836,167.31154102735155,0.5,0.2,0.75,0.7916666666666666,0.15270766158175586,0.5423143342259884,0.16697296112508322,0.13800504306717307
837,167.5116744496331,0.5,0.2,0.75,0.7916666666666666,0.15243739587798089,0.5426406124530223,0.16682412735960978,0.13809786430938764
838,167.7118078719146,0.5,0.2,0.75,0.7916666666666666,0.15216810645605558,0.5429568182683423,0.16667782203673623,0.13819725323886642
839,167.9119412941961,0.5,0.2,0.75,0.7916666666666666,0.1518999457935009,0.5432628423603948,0.1665341029274373,0.1383031089186675
840,168.11207471647765,0.5,0.2,0.75,0.7916666666666666,0.15163306398154894,0.5435585821359337,0.16639302576650478,0.13841532811601318
841,168.31220813875916,0.5,0.2,0.75,0.7916666666666666,0.15136760789799997,0.543843942649263,0.1662546439888591,0.13853380546387853
842,168.5123415610407,0.5,0.2,0.75,0.7916666666666666,0.15110372155107377,0.5441188361461416,0.16611900887704795,0.13865843342573717
843,168.7124749833222,0.5,0.2,0.75,0.7916666666666666,0.15084154602806213,0.544383182075272,0.16598616957050322,0.13878910232616318
844,168.91260840560372,0.5,0.2,0.75,0.7916666666666666,0.15058121944680303,0.5446369070964838,0.16585617307618486,0.13892570038052893
845,169.11274182788526,0.5,0.2,0.75,0.7916666666666666,0.1503228769121372,0.5448799450830588,0.16572906428136824,0.1390681137234364
846,169.31287525016677,0.5,0.2,0.75,0.7916666666666666,0.15006665047740775,0.5451122371181156,0.16560488596858852,0.1392162264358887
847,169.51300867244828,0.5,0.2,0.75,0.7916666666666666,0.14981266978233895,0.545333730601743,0.16548367896807342,0.1393699206478453
848,169.71314209472982,0.5,0.2,0.75,0.7916666666666666,0.1495610618015171,0.5455443795290543,0.16536548213202515,0.139529076537404
849,169.91327551701133,0.5,0.2,0.75,0.7916666666666666,0.14931195009645867,0.5457441454220945,0.16525033220997176,0.13969357227147564
850,170.11340893929287,0.5,0.2,0.75,0.7916666666666666,0.1490654552749103,0.545932996674024,0.16513826396862027,0.13986328408244603
851,170.31354236157438,0.5,0.2,0.75,0.7916666666666666,0.14882169500300432,0.5461109084823301,0.1650293102227113,0.14003808629195486
852,170.5136757838559,0.5,0.2,0.75,0.7916666666666666,0.14858078402380231,0.5462778627743289,0.1649235018683009,0.14021785133356846
853,170.71380920613743,0.5,0.2,0.75,0.7916666666666666,0.14834283418222724,0.546433848124956,0.16482086791847025,0.1404024497743471
854,170.91394262841894,0.5,0.2,0.75,0.7916666666666666,0.148107954447868,0.5465788596759693,0.16472143553707896,0.14059175033908422
855,171.11407605070045,0.5,0.2,0.75,0.7916666666666666,0.14787624956489348,0.5467129005248175,0.1646252293648947,0.14078562054539484
856,171.314209472982,0.5,0.2,0.75,0.7916666666666666,0.14764782097544282,0.5468359806774702,0.1645322720152448,0.14098392633184262
857,171.5143428952635,0.5,0.2,0.75,0.7916666666666666,0.14742276776153912,0.5469481159805423,0.164442584578342,0.14118653167957704
858,171.71447631754504,0.5,0.2,0.75,0.7916666666666666,0.1472011859599999,0.5470493287952668,0.16435618628717,0.1413932989575636
859,171.91460973982655,0.5,0.2,0.75,0.7916666666666666,0.14698316857905477,0.5471396479189887,0.16427309454374628,0.14160408895821056
860,172.11474316210806,0.5,0.2,0.75,0.7916666666666666,0.14676880561882022,0.547219108501658,0.16419332494650885,0.14181876093301315
861,172.3148765843896,0.5,0.2,0.75,0.7916666666666666,0.14655818409563184,0.5472877519573255,0.16411689131882784,0.14203717262821502
862,172.5150100066711,0.5,0.2,0.75,0.7916666666666666,0.14635138805193343,0.5473456258851648,0.1640438057305457,0.14225918033235632
863,172.71514342895262,0.5,0.2,0.75,0.7916666666666666,0.14614849768229646,0.5473927846901582,0.163974078127908,0.14248463949963758
864,172.91527685123415,0.5,0.2,0.75,0.7916666666666666,0.14594959014216222,0.5474292888661292,0.1639077167073555,0.1427134042843534
865,173.11541027351566,0.5,0.2,0.75,0.7916666666666666,0.1457547398942007,0.5474552046438694,0.16384472808417347,0.1429453273777566
866,173.3155436957972,0.5,0.2,0.75,0.7916666666666666,0.14556401837557187,0.5474706041763853,0.16378511716012475,0.14318026028791844
867,173.5156771180787,0.5,0.2,0.75,0.7916666666666666,0.1453774940174809,0.5474755654425605,0.1637288871463565,0.14341805339360233
868,173.71581054036022,0.5,0.2,0.75,0.7916666666666666,0.1451952322670825,0.5474701721470199,0.16367603958676444,0.14365855599913352
869,173.91594396264176,0.5,0.2,0.75,0.7916666666666666,0.14501729561173388,0.5474545136161885,0.1636265743818142,0.14390161639026372
870,174.11607738492327,0.5,0.2,0.75,0.7916666666666666,0.14484374358655874,0.5474286847065701,0.16358048980078943,0.1441470819060819
871,174.31621080720478,0.5,0.2,0.75,0.7916666666666666,0.14467463234956954,0.5473927860750537,0.16353778221974202,0.14439479935563496
872,174.51634422948632,0.5,0.2,0.75,0.7916666666666666,0.14451001518012133,0.547346923670507,0.16349844644189163,0.1446446147074803
873,174.71647765176783,0.5,0.2,0.75,0.7916666666666666,0.1443499425618948,0.5472912085731212,0.1634624757544519,0.14489637311053236
874,174.91661107404937,0.5,0.2,0.75,0.7916666666666666,0.14419446206915032,0.5472257569974567,0.1634298618601114,0.1451499190732817
875,175.11674449633088,0.5,0.2,0.75,0.7916666666666666,0.1440436183917573,0.547150690176899,0.16340059489518302,0.14540509653616085
876,175.3168779186124,0.5,0.2,0.75,0.7916666666666666,0.1438974533618553,0.5470661342449151,0.16337466344775772,0.14566174894547196
877,175.51701134089393,0.5,0.2,0.75,0.7916666666666666,0.14375600598214844,0.5469722201131123,0.1633520545758631,0.1459197193288763
878,175.71714476317544,0.5,0.2,0.75,0.7916666666666666,0.1436193124270847,0.5468690833649897,0.16333275382680182,0.14617885038112383
879,175.91727818545695,0.5,0.2,0.75,0.7916666666666666,0.1434874056786754,0.5467568643876867,0.1633167452714987,0.14643898466213925
880,176.1174116077385,0.5,0.2,0.75,0.7916666666666666,0.14336031602858884,0.5466357079322723,0.16330401150350257,0.14669996453563636
881,176.31754503002,0.5,0.2,0.75,0.7916666666666666,0.1432380710822214,0.5465057629992194,0.16329453365842056,0.1469616322601387
882,176.51767845230154,0.5,0.2,0.75,0.7916666666666666,0.14312069568984973,0.5463671827696761,0.163288291436405,0.1472238301040693
883,176.71781187458305,0.5,0.2,0.75,0.7916666666666666,0.14300821197328337,0.5462201244718464,0.16328526312080724,0.14748640043406314
884,176.91794529686456,0.5,0.2,0.75,0.7916666666666666,0.14290063935353706,0.546064749244575,0.16328542559686118,0.14774918580502683
885,177.1180787191461,0.5,0.2,0.75,0.7916666666666666,0.14279799457952347,0.5459012219981356,0.1632887543703964,0.14801202905194463
886,177.3182121414276,0.5,0.2,0.75,0.7916666666666666,0.14270029172167312,0.5457297113180302,0.16329522357709778,0.14827477338319917
887,177.51834556370912,0.5,0.2,0.75,0.7916666666666666,0.1426075418894064,0.5455503897177678,0.16330480591896976,0.1485372624738563
888,177.71847898599066,0.5,0.2,0.75,0.7916666666666666,0.14251975368125633,0.5453634329602783,0.16331747279306374,0.14879934056540178
889,177.91861240827217,0.5,0.2,0.75,0.7916666666666666,0.14243693314235284,0.5451690200030695,0.16333319429052806,0.14906085256404975
890,178.1187458305537,0.5,0.2,0.75,0.7916666666666666,0.1423590837302297,0.5449673329313189,0.16335193919760627,0.14932164414084517
891,178.31887925283522,0.5,0.2,0.75,0.7916666666666666,0.1422862063404211,0.5447585568135819,0.16337367501210673,0.1495815618338904
892,178.51901267511673,0.5,0.2,0.75,0.7916666666666666,0.14221829933258653,0.5445428795553254,0.16339836795977247,0.14984045315231564
893,178.71914609739827,0.5,0.2,0.75,0.7916666666666666,0.1421553585571646,0.544320491750291,0.16342598301055172,0.15009816668199283
894,178.91927951967978,0.5,0.2,0.75,0.7916666666666666,0.14209737736590028,0.5440915865786753,0.1634564838986859,0.1503545521567386
895,179.1194129419613,0.5,0.2,0.75,0.7916666666666666,0.14204434654304543,0.5438563599380442,0.16348983316147803,0.1506094603574324
896,179.31954636424283,0.5,0.2,0.75,0.7916666666666666,0.14199625447386466,0.5436150098755671,0.1635259921222777,0.15086274352829063
897,179.51967978652434,0.5,0.2,0.75,0.7916666666666666,0.141953087136862,0.5433677365381803,0.16356492091494745,0.15111425541001028
898,179.71981320880587,0.5,0.2,0.75,0.7916666666666666,0.1419148281157529,0.5431147420640482,0.16360657850371033,0.1513638513164886
899,179.91994663108738,0.5,0.2,0.75,0.7916666666666666,0.1418814586258389,0.5428562304310407,0.16365092269963522,0.15161138824348522
900,180.1200800533689,0.5,0.2,0.75,0.7916666666666666,0.14185295754071944,0.5425924073036009,0.16369791017706778,0.15185672497861186
901,180.32021347565043,0.5,0.2,0.75,0.7916666666666666,0.1418293014193411,0.5423234798780028,0.16374749649000675,0.1520997222126494
902,180.52034689793194,0.5,0.2,0.75,0.7916666666666666,0.14181046444997714,0.5420496570020661,0.16379963616265727,0.15234024238529947
903,180.72048032021348,0.5,0.2,0.75,0.7916666666666666,0.14179641848738708,0.5417711489859633,0.1638542826973009,0.1525781498293486
904,180.920613742495,0.5,0.2,0.75,0.7916666666666666,0.14178713319240754,0.5414881670734989,0.1639113884912488,0.15281331124284475
905,181.1207471647765,0.5,0.2,0.75,0.7916666666666666,0.14178257599269498,0.5412009235048586,0.16397090491321348,0.15304559558923295
906,181.32088058705804,0.5,0.2,0.75,0.7916666666666666,0.1417827121073739,0.5409096313673492,0.1640327823230511,0.15327487420222585
907,181.52101400933955,0.5,0.2,0.75,0.7916666666666666,0.14178750457184403,0.540614504445116,0.1640969700916082,0.1535010208914317
908,181.72114743162106,0.5,0.2,0.75,0.7916666666666666,0.14179691426269495,0.5403157570680136,0.16416341662071876,0.1537239120485727
909,181.9212808539026,0.5,0.2,0.75,0.7916666666666666,0.14181089993383936,0.5400136040043758,0.1642320693735798,0.15394342668820502
910,182.1214142761841,0.5,0.2,0.75,0.7916666666666666,0.1418294183243855,0.5397082606414071,0.16430287497121154,0.15415944606299592
911,182.32154769846565,0.5,0.2,0.75,0.7916666666666666,0.14185242407166565,0.5393999423796411,0.1643757791096242,0.15437185443906906
912,182.52168112074716,0.5,0.2,0.75,0.7916666666666666,0.1418798697603533,0.5390888645741615,0.16445072660229995,0.15458053906318533
913,182.72181454302867,0.5,0.2,0.75,0.7916666666666666,0.1419117059645616,0.5387752424462777,0.16452766141626718,0.1547853901728935
914,182.9219479653102,0.5,0.2,0.75,0.7916666666666666,0.14194788127625615,0.53845929093881,0.1646065266956291,0.15498630108930478
915,183.12208138759172,0.5,0.2,0.75,0.7916666666666666,0.14198834233393354,0.5381412245711634,0.16468726478538903,0.1551831683095141
916,183.32221480987323,0.5,0.2,0.75,0.7916666666666666,0.14203303385156543,0.5378212572941946,0.1647698172555722,0.1553758915986678
917,183.52234823215477,0.5,0.2,0.75,0.7916666666666666,0.14208189868598076,0.5374996025920017,0.16485412498197666,0.155564373740041
918,183.72248165443628,0.5,0.2,0.75,0.7916666666666666,0.14213487787235096,0.5371764733752812,0.16494012817975723,0.1557485205726107
919,183.92261507671782,0.5,0.2,0.75,0.7916666666666666,0.14219191058827266,0.5368520814104771,0.16502776633153976,0.1559282416697106
920,184.12274849899933,0.5,0.2,0.75,0.7916666666666666,0.1422529342203867,0.5365266374108463,0.16511697826675986,0.1561034501020073
921,184.32288192128084,0.5,0.2,0.75,0.7916666666666666,0.14231788439693002,0.5362003509050323,0.16520770219063013,0.1562740625074077
922,184.52301534356238,0.5,0.2,0.75,0.7916666666666666,0.14238669502045484,0.5358734301047952,0.1652998757132591,0.1564399991614911
923,184.7231487658439,0.5,0.2,0.75,0.7916666666666666,0.14245929830093154,0.5355460817732967,0.1653934358792407,0.15660118404653123
924,184.9232821881254,0.5,0.2,0.75,0.7916666666666666,0.1425356247962179,0.535218511134735,0.16548831920771834,0.15675754486132898
925,185.12341561040694,0.5,0.2,0.75,0.7916666666666666,0.14261560351345975,0.5348909221382893,0.16558446181966513,0.156909012528586
926,185.32354903268845,0.5,0.2,0.75,0.7916666666666666,0.14269916185795833,0.5345635168291921,0.16568179934655317,0.15705552196629652
927,185.52368245497,0.5,0.2,0.75,0.7916666666666666,0.14278622568095217,0.5342364952960289,0.165780266980657,0.15719701204236217
928,185.7238158772515,0.5,0.2,0.75,0.7916666666666666,0.14287671932993518,0.5339100556311687,0.16587979952891158,0.15733342550998475
929,185.923949299533,0.5,0.2,0.75,0.7916666666666666,0.14297056568634317,0.5335843938157065,0.16598033144859378,0.15746470904935672
930,186.12408272181455,0.5,0.2,0.75,0.7916666666666666,0.14306768620375113,0.5332597036057027,0.16608179688365676,0.15759081330688957
931,186.32421614409606,0.5,0.2,0.75,0.7916666666666666,0.1431680009465811,0.5329361764197208,0.166184129701717,0.15771169293198128
932,186.52434956637757,0.5,0.2,0.75,0.7916666666666666,0.1432714286971255,0.5326140013958383,0.1662872635326128,0.15782730637442355
933,186.7244829886591,0.5,0.2,0.75,0.7916666666666666,0.14337788702694665,0.5322933653603321,0.16639113180712578,0.15793761580559554
934,186.92461641094062,0.5,0.2,0.75,0.7916666666666666,0.14348729219145467,0.5319744523578174,0.16649566779395322,0.15804258765677476
935,187.12474983322215,0.5,0.2,0.75,0.7916666666666666,0.1435995592461904,0.5316574437313182,0.16660080464032964,0.15814219238216184
936,187.32488325550366,0.5,0.2,0.75,0.7916666666666666,0.14371460209336737,0.5313425180293893,0.16670647541234906,0.15823640446489431
937,187.52501667778517,0.5,0.2,0.75,0.7916666666666666,0.14383233352799507,0.5310298509122289,0.16681261313592788,0.15832520242384823
938,187.7251501000667,0.5,0.2,0.75,0.7916666666666666,0.1439526652847488,0.5307196150596745,0.16691915083842365,0.15840856881715312
939,187.92528352234822,0.5,0.2,0.75,0.7916666666666666,0.14407550808881642,0.5304119801024396,0.16702602158897328,0.15848649021977065
940,188.12541694462973,0.5,0.2,0.75,0.7916666666666666,0.14420077174558427,0.5301071128071053,0.1671331585166516,0.15855895693065883
941,188.32555036691127,0.5,0.2,0.75,0.7916666666666666,0.14432836514120811,0.5298051766688103,0.16724049488315726,0.15862596330682432
942,188.52568378919278,0.5,0.2,0.75,0.7916666666666666,0.14445819629649412,0.5295063318533827,0.16734796412464376,0.1586875077254795
943,188.72581721147432,0.5,0.2,0.75,0.7916666666666666,0.1445901724280832,0.5292107351847056,0.1674554998902756,0.15874359249693565
944,188.92595063375583,0.5,0.2,0.75,0.7916666666666666,0.1447242000011854,0.5289185400731586,0.16756303608695378,0.1587942238387022
945,189.12608405603734,0.5,0.2,0.75,0.7916666666666666,0.14486018478313908,0.5286298964464523,0.16767050692465102,0.15883941184575764
946,189.32621747831888,0.5,0.2,0.75,0.7916666666666666,0.144998031897794,0.5283449506828571,0.1677778469623566,0.15887917045699235
947,189.5263509006004,0.5,0.2,0.75,0.7916666666666666,0.1451376458750306,0.5280638456545594,0.16788499109476954,0.1589135173756406
948,189.7264843228819,0.5,0.2,0.75,0.7916666666666666,0.1452789307028939,0.5277867207395075,0.16799187455843945,0.15894247399915926
949,189.92661774516344,0.5,0.2,0.75,0.7916666666666666,0.14542178989971666,0.527513711472649,0.16809843314022074,0.1589660654874137
950,190.12675116744495,0.5,0.2,0.75,0.7916666666666666,0.14556612656426435,0.5272449496314519,0.16820460314635635,0.1589843206579276
951,190.3268845897265,0.5,0.2,0.75,0.7916666666666666,0.14571184343377724,0.5269805631898629,0.1683103214466041,0.15899727192975605
952,190.527018012008,0.5,0.2,0.75,0.7916666666666666,0.145858842943043,0.5267206762707433,0.16841552552114977,0.15900495526506414
953,190.7271514342895,0.5,0.2,0.75,0.7916666666666666,0.14600702728428172,0.5264654091009296,0.16852015350800145,0.15900741010678743
954,190.92728485657105,0.5,0.2,0.75,0.7916666666666666,0.14615629846784287,0.5262148779689186,0.16862414425086508,0.15900467931237364
955,191.12741827885256,0.5,0.2,0.75,0.7916666666666666,0.14630655838370454,0.5259691951852093,0.1687274373474567,0.15899680908362962
956,191.32755170113407,0.5,0.2,0.75,0.7916666666666666,0.1464577088081442,0.5257284692219353,0.16882997293535612,0.1589838490345647
957,191.5276851234156,0.5,0.2,0.75,0.7916666666666666,0.1466096514903175,0.5254928046039828,0.16893169185212345,0.15896585205357647
958,191.72781854569712,0.5,0.2,0.75,0.7916666666666666,0.14676228827494434,0.5252623016906688,0.16903253596269047,0.15894287407169666
959,191.92795196797866,0.5,0.2,0.75,0.7916666666666666,0.14691552112721012,0.5250370567730993,0.16913244802129698,0.15891497407839375
960,192.12808539026017,0.5,0.2,0.75,0.7916666666666666,0.14706925219678807,0.5248171620525187,0.16923137171494565,0.15888221403574776
961,192.32821881254168,0.5,0.2,0.75,0.7916666666666666,0.14722338388259698,0.524602705621526,0.16932925170697521,0.15884465878890194
962,192.52835223482322,0.5,0.2,0.75,0.7916666666666666,0.1473778188982942,0.5243937714481619,0.16942603368075185,0.15880237597279212
963,192.72848565710473,0.5,0.2,0.75,0.7916666666666666,0.14753246033850353,0.5241904393628646,0.16952166438347888,0.15875543591515312
964,192.92861907938624,0.5,0.2,0.75,0.7916666666666666,0.1476872117378749,0.5239927850485834,0.16961609165927388,0.15870391155426794
965,193.12875250166778,0.5,0.2,0.75,0.7916666666666666,0.14784197685601902,0.5238008800438292,0.16970926410502293,0.15864787899512892
966,193.3288859239493,0.5,0.2,0.75,0.7916666666666666,0.14799666002575448,0.5236147917279901,0.16980113149868675,0.15858741674756877
967,193.52901934623083,0.5,0.2,0.75,0.7916666666666666,0.14815116628790934,0.5234345833173591,0.16989164493368758,0.15852260546104405
968,193.72915276851234,0.5,0.2,0.75,0.7916666666666666,0.14830540135207174,0.5232603138704346,0.16998075671345894,0.15845352806403484
969,193.92928619079385,0.5,0.2,0.75,0.7916666666666666,0.1484592716609954,0.5230920382923181,0.17006842038740688,0.15838026965927968
970,194.12941961307538,0.5,0.2,0.75,0.7916666666666666,0.14861268445543305,0.522929807341995,0.17015459078656775,0.15830291741600427
971,194.3295530353569,0.5,0.2,0.75,0.7916666666666666,0.1487655478393985,0.5227736676424937,0.17023922405896363,0.1582215604591443
972,194.5296864576384,0.5,0.2,0.75,0.7916666666666666,0.14891777084585736,0.522623661693926,0.1703222777046548,0.15813628975556193
973,194.72981987991994,0.5,0.2,0.75,0.7916666666666666,0.14906926345943886,0.5224798278756312,0.170403710566622,0.15804719809830814
974,194.92995330220145,0.5,0.2,0.75,0.7916666666666666,0.14921993626434296,0.522342200332102,0.17048348244213613,0.15795438096141912
975,195.130086724483,0.5,0.2,0.75,0.7916666666666666,0.14936970108257788,0.5222108091759823,0.1705615546942182,0.15785793504722181
976,195.3302201467645,0.5,0.2,0.75,0.7916666666666666,0.14951847094978715,0.522085680483563,0.17063789019293274,0.1577579583737173
977,195.530353569046,0.5,0.2,0.75,0.7916666666666666,0.14966616008595116,0.5219668362913947,0.17071245325076542,0.15765455037188877
978,195.73048699132755,0.5,0.2,0.75,0.7916666666666666,0.1498126839546409,0.5218542946237527,0.1707852096467555,0.15754781177485105
979,195.93062041360906,0.5,0.2,0.75,0.7916666666666666,0.14995795932226116,0.5217480695228404,0.17085612664988192,0.15743784450501663
980,196.13075383589057,0.5,0.2,0.75,0.7916666666666666,0.1501019043172833,0.5216481710817367,0.17092517304170293,0.15732475155927728
981,196.3308872581721,0.5,0.2,0.75,0.7916666666666666,0.15024443848946714,0.5215546054800818,0.17099231913824908,0.15720863689220202
982,196.53102068045362,0.5,0.2,0.75,0.7916666666666666,0.15038548276406397,0.5214673749544196,0.17105753672281407,0.15708960555870247
983,196.73115410273516,0.5,0.2,0.75,0.7916666666666666,0.15052495912347555,0.5213864775945696,0.1711207987486856,0.1569677645332695
984,196.93128752501667,0.5,0.2,0.75,0.7916666666666666,0.15066279134741964,0.5213119078290781,0.17118207993178128,0.15684322089172112
985,197.13142094729818,0.5,0.2,0.75,0.7916666666666666,0.15079890484238306,0.5212436563229167,0.17124135657626022,0.15671608225844022
986,197.33155436957972,0.5,0.2,0.75,0.7916666666666666,0.150933226645255,0.5211817099908647,0.17129860654595486,0.15658645681792577
987,197.53168779186123,0.5,0.2,0.75,0.7916666666666666,0.15106568547275942,0.5211260520433363,0.17135380927360142,0.15645445321030318
988,197.73182121414274,0.5,0.2,0.75,0.7916666666666666,0.1511962117704074,0.5210766620346448,0.1714069457689283,0.15632018042601992
989,197.93195463642428,0.5,0.2,0.75,0.7916666666666666,0.15132473776096872,0.5210335159137018,0.17145799862560274,0.1561837476997271
990,198.1320880587058,0.5,0.2,0.75,0.7916666666666666,0.15145119749246314,0.5209965860771546,0.1715069520270358,0.15604526440334685
991,198.33222148098733,0.5,0.2,0.75,0.7916666666666666,0.1515755266724594,0.5209658413002087,0.1715537916609712,0.15590484036636104
992,198.53235490326884,0.5,0.2,0.75,0.7916666666666666,0.15169766247433503,0.5209412466537642,0.1715985046212894,0.15576258625061176
993,198.73248832555035,0.5,0.2,0.75,0.7916666666666666,0.15181754428819005,0.5209227639769808,0.17164107970795536,0.15561861202687416
994,198.9326217478319,0.5,0.2,0.75,0.7916666666666666,0.15193511344351912,0.5209103517509421,0.17168150729163215,0.1554730275139069
995,199.1327551701134,0.5,0.2,0.75,0.7916666666666666,0.15205031322826512,0.5209039651484483,0.17171977930256654,0.15532594232072036
996,199.3328885923949,0.5,0.2,0.75,0.7916666666666666,0.15216308892290542,0.5209035560953216,0.17175588922488624,0.15517746575688718
997,199.53302201467645,0.5,0.2,0.75,0.7916666666666666,0.15227338783353,0.5209090733338397,0.1717898320895325,0.15502770674309804
998,199.73315543695796,0.5,0.2,0.75,0.7916666666666666,0.15238115932391177,0.5209204624882982,0.17182160446582784,0.1548767737219626
999,199.9332888592395,0.5,0.2,0.75,0.7916666666666666,0.1524863548465686,0.5209376661326977,0.17185120445167948,0.15472477456905456
1000,200.133422281521,0.5,0.2,0.75,0.7916666666666666,0.15258892770014046,0.5209606236168629,0.17187863162513192,0.15457181705786507
1001,200.33355570380252,0.5,0.2,0.75,0.7916666666666666,0.15268883310303755,0.5209892711782482,0.17190388703793988,0.15441800868077463
1002,200.53368912608406,0.5,0.2,0.75,0.7916666666666666,0.15278602861596957,0.5210235423685783,0.1719269732556193,0.15426345575983316
1003,200.73382254836557,0.5,0.2,0.75,0.7916666666666666,0.15288047393005036,0.5210633679165129,0.17194789430952145,0.1541082638439156
1004,200.93395597064708,0.5,0.2,0.75,0.7916666666666666,0.15297213088393832,0.5211086757980372,0.17196665567899824,0.15395253763902647
1005,201.13408939292862,0.5,0.2,0.75,0.7916666666666666,0.15306096347994033,0.5211593913089535,0.1719832642721986,0.1537963809389078
1006,201.33422281521013,0.5,0.2,0.75,0.7916666666666666,0.15314693789868458,0.5212154371391233,0.17199772840544258,0.1536398965567498
1007,201.53435623749166,0.5,0.2,0.75,0.7916666666666666,0.15323002251236342,0.5212767334484589,0.17201005778117304,0.15348318625800483
1008,201.73448965977317,0.5,0.2,0.75,0.7916666666666666,0.15331018789299047,0.5213431979391413,0.17202026346586036,0.1533263507020082
1009,201.93462308205469,0.5,0.2,0.75,0.7916666666666666,0.1533874065963316,0.5214147455831335,0.17202835795275634,0.15316948986777892
1010,202.13475650433622,0.5,0.2,0.75,0.7916666666666666,0.15346165336629009,0.5214912890071927,0.17203435505993556,0.15301270256658203
1011,202.33488992661773,0.5,0.2,0.75,0.7916666666666666,0.15353290523429192,0.5215727387186498,0.17203826986700096,0.15285608618005755
1012,202.53502334889924,0.5,0.2,0.75,0.7916666666666666,0.15360114142284198,0.5216590030307828,0.17204011872560804,0.1526997368207675
1013,202.73515677118078,0.5,0.2,0.75,0.7916666666666666,0.15366634334497842,0.5217499881412184,0.17203991923089587,0.15254374928290762
1014,202.9352901934623,0.5,0.2,0.75,0.7916666666666666,0.1537284946020399,0.5218455982116872,0.1720376901915948,0.15238821699467842
1015,203.13542361574383,0.5,0.2,0.75,0.7916666666666666,0.15378758097974543,0.5219457354491281,0.1720334515988111,0.1522332319723156
1016,203.33555703802534,0.5,0.2,0.75,0.7916666666666666,0.15384359044258658,0.5220503001881448,0.17202722459348863,0.1520788847757803
1017,203.53569046030685,0.5,0.2,0.75,0.7916666666666666,0.15389651311699237,0.5221591909468949,0.172019031452002,0.15192526448411103
1018,203.7358238825884,0.5,0.2,0.75,0.7916666666666666,0.15394634115669661,0.5222723041445648,0.17200889580720322,0.15177245889153562
1019,203.9359573048699,0.5,0.2,0.75,0.7916666666666666,0.1539930688906155,0.5223895346518267,0.17199684228859774,0.15162055416896036
1020,204.1360907271514,0.5,0.2,0.75,0.7916666666666666,0.15403669279710752,0.5225107758395364,0.1719828965118046,0.15146963485155182
1021,204.33622414943295,0.5,0.2,0.75,0.7916666666666666,0.1540772114564538,0.5226359195699873,0.17196708510766656,0.15131978386589257
1022,204.53635757171446,0.5,0.2,0.75,0.7916666666666666,0.15411462553245436,0.5227648562796537,0.17194943568722174,0.15117108250067038
1023,204.736490993996,0.5,0.2,0.75,0.7916666666666666,0.15414893775220653,0.5228974750629032,0.1719299768056178,0.15102361037927278
1024,204.9366244162775,0.5,0.2,0.75,0.7916666666666666,0.15418015288406542,0.5230336637566768,0.1719087379249698,0.15087744543428816
1025,205.13675783855902,0.5,0.2,0.75,0.7916666666666666,0.15420827771378653,0.5231733090261403,0.17188574937616105,0.15073266388391224
1026,205.33689126084056,0.5,0.2,0.75,0.7916666666666666,0.1542333218100961,0.5233162961249236,0.17186104270794061,0.15058933935703986
1027,205.53702468312207,0.5,0.2,0.75,0.7916666666666666,0.15425529405850885,0.5234625097749988,0.17183464942938872,0.15044754673710384
1028,205.7371581054036,0.5,0.2,0.75,0.7916666666666666,0.15427420860955368,0.5236118328510395,0.171806603104715,0.1503073554346919
1029,205.93729152768512,0.5,0.2,0.75,0.7916666666666666,0.1542900800317242,0.5237641478766958,0.17177693738280103,0.1501688347087791
1030,206.13742494996663,0.5,0.2,0.75,0.7916666666666666,0.15430292481522928,0.5239193365607306,0.17174568664819614,0.15003205197584404
1031,206.33755837224817,0.5,0.2,0.75,0.7916666666666666,0.1543127613290859,0.5240772798833413,0.17171288597896922,0.14989707280860376
1032,206.53769179452968,0.5,0.2,0.75,0.7916666666666666,0.1543196097782116,0.5242378581824791,0.17167857110456083,0.14976396093474847
1033,206.7378252168112,0.5,0.2,0.75,0.7916666666666666,0.15432349216051736,0.524400951240171,0.17164277836363545,0.14963277823567622
1034,206.93795863909273,0.5,0.2,0.75,0.7916666666666666,0.15432443222399994,0.5245664383688392,0.1716055446619333,0.14950358474522762
1035,207.13809206137424,0.5,0.2,0.75,0.7916666666666666,0.15432245547283427,0.5247341984068233,0.17156690750992606,0.1493764386104165
1036,207.33822548365578,0.5,0.2,0.75,0.7916666666666666,0.15431758923268724,0.5249041096041615,0.1715269051569236,0.14925139600622786
1037,207.5383589059373,0.5,0.2,0.75,0.7916666666666666,0.15430986242627975,0.5250760500452962,0.17148557625327587,0.14912851127514828
1038,207.7384923282188,0.5,0.2,0.75,0.7916666666666666,0.15429930559963292,0.5252498976072506,0.17144295992085173,0.149007836872265
1039,207.93862575050034,0.5,0.2,0.75,0.7916666666666666,0.1542859508907434,0.5254255300244843,0.1713990957297557,0.14888942335501681
1040,208.13875917278185,0.5,0.2,0.75,0.7916666666666666,0.15426983198040733,0.5256028250086212,0.17135402360482,0.1487733194061517
1041,208.33889259506336,0.5,0.2,0.75,0.7916666666666666,0.1542509840469321,0.5257816603538708,0.1713077837518372,0.14865957184736023
1042,208.5390260173449,0.5,0.2,0.75,0.7916666666666666,0.15422944375246206,0.5259619139261401,0.17126041674430195,0.14854822557709618
1043,208.7391594396264,0.5,0.2,0.75,0.7916666666666666,0.15420524919438383,0.5261434637806207,0.17121196343285613,0.14843932359213963
1044,208.93929286190794,0.5,0.2,0.75,0.7916666666666666,0.1541784398669049,0.5263261882411215,0.17116246490748835,0.14833290698448556
1045,209.13942628418945,0.5,0.2,0.75,0.7916666666666666,0.15414905655392505,0.5265099658809144,0.17111196258023398,0.14822901498492702
1046,209.33955970647096,0.5,0.2,0.75,0.7916666666666666,0.15411714130778092,0.5266946756257181,0.17106049811854543,0.14812768494795597
1047,209.5396931287525,0.5,0.2,0.75,0.7916666666666666,0.15408273746846482,0.526880196914247,0.1710081133082815,0.1480289523090071
1048,209.739826551034,0.5,0.2,0.75,0.7916666666666666,0.15404588958859938,0.5270664097247174,0.17095485008058112,0.1479328506061026
1049,209.93995997331552,0.5,0.2,0.75,0.7916666666666666,0.15400664339096468,0.5272531946458598,0.17090075048056982,0.147839411482606
1050,210.14009339559706,0.5,0.2,0.75,0.7916666666666666,0.15396504569713776,0.5274404328512935,0.17084585663796611,0.14774866481360296
1051,210.34022681787857,0.5,0.2,0.75,0.7916666666666666,0.15392114440738552,0.5276280062453582,0.17079021073431713,0.1476606386129394
1052,210.5403602401601,0.5,0.2,0.75,0.7916666666666666,0.15387498846650507,0.5278157975619376,0.17073385497115878,0.14757535900039884
1053,210.74049366244162,0.5,0.2,0.75,0.7916666666666666,0.15382662781276943,0.5280036904067628,0.17067683153928648,0.1474928502411816
1054,210.94062708472313,0.5,0.2,0.75,0.7916666666666666,0.15377611333119728,0.528191569316622,0.17061918259211561,0.14741313476006548
1055,211.14076050700467,0.5,0.2,0.75,0.7916666666666666,0.1537234967684122,0.5283793197136081,0.17056095026377008,0.14733623325421005
1056,211.34089392928618,0.5,0.2,0.75,0.7916666666666666,0.1536688307334597,0.5285668280942555,0.17050217658707525,0.14726216458521005
1057,211.5410273515677,0.5,0.2,0.75,0.7916666666666666,0.15361216865094388,0.5287539820883865,0.17044290346707291,0.14719094579359715
1058,211.74116077384923,0.5,0.2,0.75,0.7916666666666666,0.15355356470956513,0.5289406705053888,0.17038317265989242,0.14712259212515416
1059,211.94129419613074,0.5,0.2,0.75,0.7916666666666666,0.15349307381005098,0.5291267833768297,0.17032302575688296,0.1470571170562369
1060,212.14142761841228,0.5,0.2,0.75,0.7916666666666666,0.15343075148515048,0.5293122119154556,0.1702625042178063,0.1469945323815881
1061,212.3415610406938,0.5,0.2,0.75,0.7916666666666666,0.15336665390214566,0.52949684872117,0.17020164925911807,0.1469348481175668
1062,212.5416944629753,0.5,0.2,0.75,0.7916666666666666,0.15330083780540688,0.529680587807559,0.17014050184753998,0.14687807253949456
1063,212.74182788525684,0.5,0.2,0.75,0.7916666666666666,0.15323336046706507,0.5298633246527114,0.17007910267937842,0.14682421220084563
1064,212.94196130753835,0.5,0.2,0.75,0.7916666666666666,0.15316427964821727,0.530044956200195,0.1700174921775964,0.14677327197399184
1065,213.14209472981986,0.5,0.2,0.75,0.7916666666666666,0.15309365356626836,0.5302253808075991,0.16995571050965383,0.14672525511647927
1066,213.3422281521014,0.5,0.2,0.75,0.7916666666666666,0.15302154082409983,0.5304044985212739,0.16989379747615233,0.1466801631784745
1067,213.5423615743829,0.5,0.2,0.75,0.7916666666666666,0.1529480003741112,0.5305822110530753,0.16983179251750524,0.14663799605530875
1068,213.74249499666445,0.5,0.2,0.75,0.7916666666666666,0.1528730914736955,0.5307584218303055,0.16976973469161732,0.14659875200438227
1069,213.94262841894596,0.5,0.2,0.75,0.7916666666666666,0.15279687364561265,0.5309330360169217,0.16970766266460877,0.14656242767285751
1070,214.14276184122747,0.5,0.2,0.75,0.7916666666666666,0.15271940666795306,0.5311059603510905,0.16964561478306145,0.14652901819789557
1071,214.342895263509,0.5,0.2,0.75,0.7916666666666666,0.15264075048416348,0.5312771034788811,0.16958362892603585,0.14649851711092016
1072,214.54302868579052,0.5,0.2,0.75,0.7916666666666666,0.1525609651677334,0.531446375948704,0.16952174250767799,0.14647091637588522
1073,214.74316210807203,0.5,0.2,0.75,0.7916666666666666,0.1524801108826457,0.5316136902320393,0.1694599924681572,0.14644620641715841
1074,214.94329553035357,0.5,0.2,0.75,0.7916666666666666,0.15239824784184663,0.5317789607635084,0.1693984152558501,0.14642437613879558
1075,215.14342895263508,0.5,0.2,0.75,0.7916666666666666,0.15231543632751893,0.5319421037663256,0.16933704690077808,0.14640541300537813
1076,215.34356237491662,0.5,0.2,0.75,0.7916666666666666,0.15223173659249242,0.5321030374905154,0.16927592291254245,0.14638930300445052
1077,215.54369579719813,0.5,0.2,0.75,0.7916666666666666,0.15214720880528723,0.5322616822996096,0.1692150782426837,0.14637603065242022
1078,215.74382921947964,0.5,0.2,0.75,0.7916666666666666,0.15206191302519426,0.5324179606530368,0.16915454729139118,0.14636557903037847
1079,215.94396264176117,0.5,0.2,0.75,0.7916666666666666,0.15197590916023737,0.5325717971479668,0.16909436388893218,0.14635792980286447
1080,216.14409606404269,0.5,0.2,0.75,0.7916666666666666,0.15188925699177544,0.5327231183816726,0.16903456134741845,0.1463530632791343
1081,216.3442294863242,0.5,0.2,0.75,0.7916666666666666,0.15180201612277938,0.5328718530194608,0.16897517243201265,0.146350958425748
1082,216.54436290860573,0.5,0.2,0.75,0.7916666666666666,0.1517142458649027,0.5330179320274491,0.1689162292675321,0.146351592840117
1083,216.74449633088724,0.5,0.2,0.75,0.7916666666666666,0.15162600523858102,0.5331612886009219,0.16885776336435304,0.14635494279614478
1084,216.94462975316878,0.5,0.2,0.75,0.7916666666666666,0.15153735293384313,0.5333018581985028,0.16879980560284663,0.14636098326480823
1085,217.1447631754503,0.5,0.2,0.75,0.7916666666666666,0.15144834731395335,0.5334395784751281,0.16874238625632074,0.1463696879545987
1086,217.3448965977318,0.5,0.2,0.75,0.7916666666666666,0.15135904643983877,0.5335743891659147,0.16868553503264724,0.14638102936160022
1087,217.54503002001334,0.5,0.2,0.75,0.7916666666666666,0.15126950789816718,0.5337062324339373,0.16862928093936982,0.14639497872852655
1088,217.74516344229485,0.5,0.2,0.75,0.7916666666666666,0.1511797888176087,0.5338350527733885,0.16857365231799035,0.1464115060910134
1089,217.94529686457636,0.5,0.2,0.75,0.7916666666666666,0.15108994583583868,0.5339607970291204,0.16851867683397134,0.14643058030107053
1090,218.1454302868579,0.5,0.2,0.75,0.7916666666666666,0.15100003509636636,0.5340834143533411,0.1684643814887682,0.14645216906152522
1091,218.3455637091394,0.5,0.2,0.75,0.7916666666666666,0.15091011227536816,0.5342028560984158,0.16841079265444503,0.1464762389717719
1092,218.54569713142095,0.5,0.2,0.75,0.7916666666666666,0.1508202324884175,0.5343190759654298,0.16835793601789129,0.14650275552826225
1093,218.74583055370246,0.5,0.2,0.75,0.7916666666666666,0.1507304502094968,0.5344320301265978,0.16830583653428277,0.14653168312962347
1094,218.94596397598397,0.5,0.2,0.75,0.7916666666666666,0.1506408192841338,0.534541677147232,0.16825451845138828,0.14656298511724675
1095,219.1460973982655,0.5,0.2,0.75,0.7916666666666666,0.15055139290692188,0.534647977985365,0.1682040053059673,0.14659662380174657
1096,219.34623082054702,0.5,0.2,0.75,0.7916666666666666,0.1504622237852446,0.5347508956247845,0.16815432004209016,0.1466325605478814
1097,219.54636424282853,0.5,0.2,0.75,0.7916666666666666,0.1503733638754653,0.5348503955493912,0.1681054848497505,0.14667075572539368
1098,219.74649766511007,0.5,0.2,0.75,0.7916666666666666,0.15028486435254687,0.5349464457580227,0.1680575211563044,0.1467111687331266
1099,219.94663108739158,0.5,0.2,0.75,0.7916666666666666,0.15019677563828596,0.535039016663802,0.16801044965633777,0.14675375804157487
1100,220.14676450967312,0.5,0.2,0.75,0.7916666666666666,0.15010914737537231,0.5351280810999915,0.1679642903061519,0.14679848121848488
1101,220.34689793195463,0.5,0.2,0.75,0.7916666666666666,0.15002202840236947,0.535213614323919,0.16791906231892273,0.14684529495478932
1102,220.54703135423614,0.5,0.2,0.75,0.7916666666666666,0.14993546672961622,0.535295594018975,0.16787478416053328,0.14689415509087606
1103,220.74716477651768,0.5,0.2,0.75,0.7916666666666666,0.14984950951604914,0.5353740002946809,0.16783147354607927,0.1469450166431913
1104,220.9472981987992,0.5,0.2,0.75,0.7916666666666666,0.14976420309352045,0.5354488155988989,0.1677891474615071,0.14699783384607415
1105,221.1474316210807,0.5,0.2,0.75,0.7916666666666666,0.14967959326068817,0.5355200241324434,0.1677478223270112,0.14705256027985789
1106,221.34756504336224,0.5,0.2,0.75,0.7916666666666666,0.14959572479007616,0.5355876127151866,0.16770751374740622,0.14710914874733164
1107,221.54769846564375,0.5,0.2,0.75,0.7916666666666666,0.14951264151923122,0.5356515705742599,0.16766823656943566,0.1471675513370739
1108,221.7478318879253,0.5,0.2,0.75,0.7916666666666666,0.1494303863941951,0.5357118892200059,0.16763000491422725,0.14722771947157257
1109,221.9479653102068,0.5,0.2,0.75,0.7916666666666666,0.14934900145882954,0.5357685624216041,0.16759283218150206,0.14728960393806514
1110,222.1480987324883,0.5,0.2,0.75,0.7916666666666666,0.14926852784540046,0.5358215861801444,0.1675567310546345,0.14735315491982148
1111,222.34823215476985,0.5,0.2,0.75,0.7916666666666666,0.14918900576642152,0.5358709586991475,0.1675217135065633,0.14741832202786867
1112,222.54836557705136,0.5,0.2,0.75,0.7916666666666666,0.14911047450775672,0.5359166803525325,0.16748779080655318,0.14748505433315862
1113,222.74849899933287,0.5,0.2,0.75,0.7916666666666666,0.14903297233880813,0.5359587538626996,0.1674549734451182,0.14755330035337505
1114,222.9486324216144,0.5,0.2,0.75,0.7916666666666666,0.1489565362652344,0.5359971848770877,0.16742327090386763,0.1476230079538112
1115,223.14876584389592,0.5,0.2,0.75,0.7916666666666666,0.14888120249842518,0.536031980734473,0.1673926921290778,0.14769412463802498
1116,223.34889926617745,0.5,0.2,0.75,0.7916666666666666,0.1488070062805904,0.5360631508599388,0.16736324537185998,0.14776659748761176
1117,223.54903268845896,0.5,0.2,0.75,0.7916666666666666,0.14873398185148104,0.5360907068026426,0.16733493816707498,0.14784037317880222
1118,223.74916611074048,0.5,0.2,0.75,0.7916666666666666,0.14866216244233643,0.5361146622054231,0.16730777733860802,0.1479153980136333
1119,223.949299533022,0.5,0.2,0.75,0.7916666666666666,0.14859158027076816,0.5361350327726698,0.1672817690051776,0.14799161795138524
1120,224.14943295530352,0.5,0.2,0.75,0.7916666666666666,0.1485222665365803,0.5361518362364561,0.1672569185866781,0.14806897864028626
1121,224.34956637758503,0.5,0.2,0.75,0.7916666666666666,0.14845425141852642,0.5361650923209348,0.16723323081105626,0.14814742544948337
1122,224.54969979986657,0.5,0.2,0.75,0.7916666666666666,0.14838756398434863,0.5361748228900792,0.16721070965025991,0.148226903475313
1123,224.74983322214808,0.5,0.2,0.75,0.7916666666666666,0.14832223210340542,0.5361810520902003,0.16718935825806724,0.14830735754832786
1124,224.94996664442962,0.5,0.2,0.75,0.7916666666666666,0.14825828271824568,0.5361838057347801,0.16716917920032467,0.14838873234665037
1125,225.15010006671113,0.5,0.2,0.75,0.7916666666666666,0.14819574171733899,0.5361831115317135,0.1671501743597896,0.14847097239115875
1126,225.35023348899264,0.5,0.2,0.75,0.7916666666666666,0.14813463392698506,0.5361789990591399,0.1671323449379068,0.1485540220759691
1127,225.55036691127418,0.5,0.2,0.75,0.7916666666666666,0.14807498310939116,0.5361714997284913,0.1671156914613841,0.14863782570073422
1128,225.7505003335557,0.5,0.2,0.75,0.7916666666666666,0.14801681196148142,0.5361606467462366,0.16710021378913445,0.14872232750314837
1129,225.9506337558372,0.5,0.2,0.75,0.7916666666666666,0.14796014211443695,0.536146475074321,0.1670859111195847,0.14880747169165826
1130,226.15076717811874,0.5,0.2,0.75,0.7916666666666666,0.14790499413396777,0.5361290213893019,0.16707278199835124,0.14889320247838012
1131,226.35090060040025,0.5,0.2,0.75,0.7916666666666666,0.14785138746111187,0.5361083242186436,0.16706082426364396,0.14897946405660145
1132,226.5510340226818,0.5,0.2,0.75,0.7916666666666666,0.14779934042141032,0.5360844238751896,0.1670500350624166,0.14906620064098441
1133,226.7511674449633,0.5,0.2,0.75,0.7916666666666666,0.14774887031827222,0.5360573621429325,0.16704041095371577,0.14915335658508042
1134,226.9513008672448,0.5,0.2,0.75,0.7916666666666666,0.147699993381886,0.5360271823918551,0.16703194786134223,0.14924087636491767
1135,227.15143428952635,0.5,0.2,0.75,0.7916666666666666,0.1476527247711285,0.5359939295365312,0.16702464108125847,0.14932870461108272
1136,227.35156771180786,0.5,0.2,0.75,0.7916666666666666,0.14760707857623975,0.5359576499933234,0.1670184852893984,0.14941678614103934
1137,227.55170113408937,0.5,0.2,0.75,0.7916666666666666,0.14756306782213505,0.535918391636553,0.16701347454974574,0.1495050659915671
1138,227.7518345563709,0.5,0.2,0.75,0.7916666666666666,0.14752070447235466,0.5358762037536456,0.1670096023226818,0.14959348945131878
1139,227.95196797865242,0.5,0.2,0.75,0.7916666666666666,0.1474799994332644,0.535831137000494,0.1670068614735339,0.14968200209270863
1140,228.15210140093396,0.5,0.2,0.75,0.7916666666666666,0.14744096252022,0.5357832434801676,0.16700524427462893,0.14977054972498444
1141,228.35223482321547,0.5,0.2,0.75,0.7916666666666666,0.14740360249381548,0.5357325765972597,0.1670047424197621,0.14985907848916374
1142,228.55236824549698,0.5,0.2,0.75,0.7916666666666666,0.1473679270870311,0.5356791909425249,0.16700534703723155,0.1499475349332134
1143,228.75250166777852,0.5,0.2,0.75,0.7916666666666666,0.14733394299277353,0.5356231423059189,0.1670070486961026,0.15003586600520596
1144,228.95263509006003,0.5,0.2,0.75,0.7916666666666666,0.14730165587072924,0.5355644876285511,0.16700983741600745,0.1501240190847133
1145,229.15276851234154,0.5,0.2,0.75,0.7916666666666666,0.14727107035480969,0.5355032849537592,0.16701370267720556,0.15021194201422666
1146,229.35290193462308,0.5,0.2,0.75,0.7916666666666666,0.1472421900611887,0.5354395933773034,0.1670186334309053,0.15029958313060368
1147,229.5530353569046,0.5,0.2,0.75,0.7916666666666666,0.14721501759693192,0.5353734729966811,0.16702461810984642,0.15038689129654162
1148,229.75316877918613,0.5,0.2,0.75,0.7916666666666666,0.1471895545641102,0.5353049848753549,0.1670316446364974,0.15047381592403836
1149,229.95330220146764,0.5,0.2,0.75,0.7916666666666666,0.14716580147198724,0.5352341912921547,0.16703970038358903,0.15056030685227
1150,230.15343562374915,0.5,0.2,0.75,0.7916666666666666,0.14714375785999526,0.5351611553399002,0.16704877224379183,0.1506463145563136
1151,230.35356904603069,0.5,0.2,0.75,0.7916666666666666,0.14712342231103848,0.53508594086407,0.16705884664253648,0.15073179018235594
1152,230.5537024683122,0.5,0.2,0.75,0.7916666666666666,0.14710479243277907,0.5350086125014117,0.1670699095342036,0.15081668553160646
1153,230.75383589059373,0.5,0.2,0.75,0.7916666666666666,0.14708786486775166,0.5349292356303706,0.16708194641320107,0.15090095308867746
1154,230.95396931287524,0.5,0.2,0.75,0.7916666666666666,0.14707263530396888,0.5348478763209507,0.16709494232525007,0.15098454604983114
1155,231.15410273515675,0.5,0.2,0.75,0.7916666666666666,0.14705909848601786,0.5347646012840086,0.16710888187887932,0.15106741835109488
1156,231.3542361574383,0.5,0.2,0.75,0.7916666666666666,0.14704724822664772,0.534679477819981,0.1671237492571284,0.15114952469624363
1157,231.5543695797198,0.5,0.2,0.75,0.7916666666666666,0.14703707741072686,0.53459257380598,0.16713952822475953,0.1512308205585344
1158,231.75450300200131,0.5,0.2,0.75,0.7916666666666666,0.14702857795127217,0.5345039579144669,0.1671562021076578,0.15131126202660403
1159,231.95463642428285,0.5,0.2,0.75,0.7916666666666666,0.14702174089172046,0.5344136991325579,0.1671737538567869,0.15139080611893566
1160,232.15476984656436,0.5,0.2,0.75,0.7916666666666666,0.1470165563985241,0.5343218668089541,0.16719216604859927,0.1514694107439235
1161,232.3549032688459,0.5,0.2,0.75,0.7916666666666666,0.1470130137635086,0.5342285306558546,0.16721142089102017,0.15154703468961755
1162,232.5550366911274,0.5,0.2,0.75,0.7916666666666666,0.14701110141761228,0.5341337606980863,0.16723150023594308,0.15162363764835932
1163,232.75517011340892,0.5,0.2,0.75,0.7916666666666666,0.14701080694508353,0.5340376272218259,0.16725238559191405,0.15169918024117754
1164,232.95530353569046,0.5,0.2,0.75,0.7916666666666666,0.14701211709813514,0.5339402007229173,0.16727405813700544,0.15177362404194322
1165,233.15543695797197,0.5,0.2,0.75,0.7916666666666666,0.1470150178120562,0.533841551854782,0.16729649873187874,0.15184693160128412
1166,233.35557038025348,0.5,0.2,0.75,0.7916666666666666,0.1470194942207815,0.5337417513759241,0.16731968793303648,0.15191906647025913
1167,233.55570380253502,0.5,0.2,0.75,0.7916666666666666,0.14702553067189145,0.533640870101372,0.1673436060058673,0.15198999322087042
1168,233.75583722481653,0.5,0.2,0.75,0.7916666666666666,0.14703311061749086,0.5335389793808601,0.16736823288982508,0.15205967711182505
1169,233.95597064709807,0.5,0.2,0.75,0.7916666666666666,0.14704221673536902,0.5334361506041222,0.1673935482524497,0.15212808440806014
1170,234.15610406937958,0.5,0.2,0.75,0.7916666666666666,0.1470528310174844,0.5333324548459778,0.1674195315307965,0.1521951826057424
1171,234.3562374916611,0.5,0.2,0.75,0.7916666666666666,0.1470649347202735,0.5332279630976268,0.16744616191957803,0.15226094026252276
1172,234.55637091394263,0.5,0.2,0.75,0.7916666666666666,0.14707850838107864,0.5331227462196978,0.16747341838482357,0.1523253270144011
1173,234.75650433622414,0.5,0.2,0.75,0.7916666666666666,0.14709353183495208,0.5330168748952324,0.16750127967769635,0.15238831359212024
1174,234.95663775850565,0.5,0.2,0.75,0.7916666666666666,0.14710998423183644,0.5329104195826067,0.16752972434846874,0.15244987183708925
1175,235.1567711807872,0.5,0.2,0.75,0.7916666666666666,0.14712784405412166,0.5328034504683884,0.16755873076065544,0.15250997471683553
1176,235.3569046030687,0.5,0.2,0.75,0.7916666666666666,0.1471470891345784,0.532696037420132,0.1675882771053044,0.1525685963399862
1177,235.55703802535024,0.5,0.2,0.75,0.7916666666666666,0.14716769667466764,0.5325882499391089,0.1676183414154459,0.1526257119707786
1178,235.75717144763175,0.5,0.2,0.75,0.7916666666666666,0.1471896432197867,0.532480157319785,0.16764890155329282,0.1526812979071365
1179,235.95730486991326,0.5,0.2,0.75,0.7916666666666666,0.1472129046315938,0.5323718288249351,0.16767993519551858,0.1527353313479537
1180,236.1574382921948,0.5,0.2,0.75,0.7916666666666666,0.1472374562580933,0.532263332920986,0.16771141994322242,0.15278779087769936
1181,236.3575717144763,0.5,0.2,0.75,0.7916666666666666,0.14726327288336763,0.5321547375641483,0.16774333329279445,0.1528386562596908
1182,236.55770513675782,0.5,0.2,0.75,0.7916666666666666,0.14729032874273687,0.532046110176785,0.16777565264797942,0.1528879084324998
1183,236.75783855903936,0.5,0.2,0.75,0.7916666666666666,0.1473185975419145,0.5319375176064887,0.1678083553343818,0.15293552951721623
1184,236.95797198132087,0.5,0.2,0.75,0.7916666666666666,0.14734805247648006,0.5318290260853732,0.16784141861409174,0.15298150282405623
1185,237.1581054036024,0.5,0.2,0.75,0.7916666666666666,0.1473786662516697,0.531720701189585,0.16787481970043158,0.1530258128583149
1186,237.35823882588392,0.5,0.2,0.75,0.7916666666666666,0.14741041110248382,0.531612607799031,0.1679085357728231,0.15306844532566333
1187,237.55837224816543,0.5,0.2,0.75,0.7916666666666666,0.14744325881411227,0.5315048100573233,0.16794254399177558,0.15310938713679015
1188,237.75850567044697,0.5,0.2,0.75,0.7916666666666666,0.14747718073070723,0.5313973713887532,0.16797682150074864,0.15314862637979226
1189,237.95863909272848,0.5,0.2,0.75,0.7916666666666666,0.14751214768092868,0.5312903549120025,0.168011345335686,0.1531861520713842
1190,238.15877251500999,0.5,0.2,0.75,0.7916666666666666,0.14754813014474907,0.5311838227105137,0.16804609260129433,0.15322195454344426
1191,238.35890593729152,0.5,0.2,0.75,0.7916666666666666,0.14758509824484156,0.531077835937146,0.16808104045297687,0.15325602536503688
1192,238.55903935957303,0.5,0.2,0.75,0.7916666666666666,0.14762302174754022,0.5309724548751252,0.16811616608912885,0.15328835728820703
1193,238.75917278185457,0.5,0.2,0.75,0.7916666666666666,0.14766187008385193,0.5308677389055475,0.1681514467653914,0.15331894424521053
1194,238.95930620413608,0.5,0.2,0.75,0.7916666666666666,0.14770161237073012,0.530763746475365,0.1681868598089646,0.1533477813449416
1195,239.1594396264176,0.5,0.2,0.75,0.7916666666666666,0.14774221743261,0.5306605350658542,0.1682223826329794,0.15337486486855764
1196,239.35957304869913,0.5,0.2,0.75,0.7916666666666666,0.14778365382320527,0.5305581611615665,0.16825799275092834,0.15340019226430113
1197,239.55970647098064,0.5,0.2,0.75,0.7916666666666666,0.14782588984756664,0.5304566802197608,0.1682936677911555,0.1534237621415183
1198,239.75983989326215,0.5,0.2,0.75,0.7916666666666666,0.1478688935837164,0.5303561466417845,0.1683293855110032,0.15344557426349706
1199,239.9599733155437,0.5,0.2,0.75,0.7916666666666666,0.14791263276348607,0.5302566140465763,0.1683651237283327,0.15346562946160608
1200,240.1601067378252,0.5,0.2,0.75,0.7916666666666666,0.147957074902135,0.5301581350132174,0.16840086039877997,0.1534839296858688
1201,240.36024016010674,0.5,0.2,0.75,0.7916666666666666,0.14800218741807888,0.5300607608456741,0.16843657368711967,0.1535004780491285
1202,240.56037358238825,0.5,0.2,0.75,0.7916666666666666,0.1480479375733149,0.5299645417220039,0.16847224193343144,0.1535152787712509
1203,240.76050700466976,0.5,0.2,0.75,0.7916666666666666,0.14809429249485123,0.5298695266713834,0.16850784366665442,0.15352833716711206
1204,240.9606404269513,0.5,0.2,0.75,0.7916666666666666,0.14814121919630394,0.5297757635518209,0.16854335761814543,0.15353965963373098
1205,241.1607738492328,0.5,0.2,0.75,0.7916666666666666,0.14818868459966053,0.5296832990285526,0.16857876273524083,0.15354925363654723
1206,241.36090727151432,0.5,0.2,0.75,0.7916666666666666,0.14823665555721108,0.5295921785531249,0.16861403819482168,0.15355712769484356
1207,241.56104069379586,0.5,0.2,0.75,0.7916666666666666,0.14828509887364608,0.5295024463431591,0.16864916341688257,0.15356329136631347
1208,241.76117411607737,0.5,0.2,0.75,0.7916666666666666,0.14833398132832154,0.5294141453628023,0.16868411807810388,0.15356775523077354
1209,241.9613075383589,0.5,0.2,0.75,0.7916666666666666,0.14838326963915502,0.5293273174013079,0.16871888206220556,0.15357053089733277
1210,242.16144096064042,0.5,0.2,0.75,0.7916666666666666,0.1484329304082078,0.5292420031830671,0.16875343539034426,0.1535716310183821
1211,242.36157438292193,0.5,0.2,0.75,0.7916666666666666,0.1484829303675709,0.5291582419786798,0.16878775847567667,0.1535710691780739
1212,242.56170780520347,0.5,0.2,0.75,0.7916666666666666,0.14853323630204687,0.5290760717550337,0.16882183202866927,0.15356885991425148
1213,242.76184122748498,0.5,0.2,0.75,0.7916666666666666,0.14858381506379897,0.5289955291732455,0.1688556370615603,0.15356501870139644
1214,242.9619746497665,0.5,0.2,0.75,0.7916666666666666,0.1486346335935778,0.5289166495766163,0.1688891548997488,0.1535595619300584
1215,243.16210807204803,0.5,0.2,0.75,0.7916666666666666,0.14868565894202926,0.5288394669794121,0.16892236719309467,0.15355250688546537
1216,243.36224149432954,0.5,0.2,0.75,0.7916666666666666,0.1487368582910846,0.5287640140564718,0.16895525592713054,0.15354387172531442
1217,243.56237491661108,0.5,0.2,0.75,0.7916666666666666,0.14878819897543222,0.528690322133642,0.1689878034341845,0.15353367545674268
1218,243.7625083388926,0.5,0.2,0.75,0.7916666666666666,0.1488396485040709,0.5286184211790371,0.16901999240441468,0.15352193791247878
1219,243.9626417611741,0.5,0.2,0.75,0.7916666666666666,0.14889117456223344,0.5285483398058607,0.1690518058796359,0.15350867975227145
1220,244.16277518345564,0.5,0.2,0.75,0.7916666666666666,0.14894274485220227,0.5284801053638277,0.16908322710707127,0.15349392267690024
1221,244.36290860573715,0.5,0.2,0.75,0.7916666666666666,0.14899432738093682,0.5284137437881496,0.1691142397809823,0.15347768904993273
1222,244.56304202801866,0.5,0.2,0.75,0.7916666666666666,0.149045890434254,0.528349279620076,0.16914482801192293,0.1534600019337485
1223,244.7631754503002,0.5,0.2,0.75,0.7916666666666666,0.14909740255623913,0.5282867360254587,0.1691749763003767,0.15344088511792695
1224,244.9633088725817,0.5,0.2,0.75,0.7916666666666666,0.1491488325688277,0.5282261347923122,0.16920466954512087,0.15342036309374074
1225,245.16344229486324,0.5,0.2,0.75,0.7916666666666666,0.14920014959136457,0.5281674963292574,0.1692338930514115,0.153398461027968
1226,245.36357571714476,0.5,0.2,0.75,0.7916666666666666,0.14925132306014047,0.5281108396648491,0.16926263253898888,0.15337520473602304
1227,245.56370913942627,0.5,0.2,0.75,0.7916666666666666,0.14930232274790586,0.528056182447786,0.16929087414990387,0.15335062065440574
1228,245.7638425617078,0.5,0.2,0.75,0.7916666666666666,0.14935311878336197,0.528003540948005,0.16931860445616478,0.15332473581246964
1229,245.96397598398931,0.5,0.2,0.75,0.7916666666666666,0.14940368167026497,0.5279529300587251,0.16934581046702965,0.15329757780398168
1230,246.16410940627082,0.5,0.2,0.75,0.7916666666666666,0.14945398214494401,0.527904363328905,0.1693724795583991,0.15326917496775333
1231,246.36424282855236,0.5,0.2,0.75,0.7916666666666666,0.14950399128514175,0.5278578529506432,0.16939859952293934,0.15323955624127705
1232,246.56437625083387,0.5,0.2,0.75,0.7916666666666666,0.14955368066261202,0.52781340973946,0.16942415864108684,0.15320875095684253
1233,246.7645096731154,0.5,0.2,0.75,0.7916666666666666,0.1496030222628858,0.5277710431580143,0.16944914563988012,0.15317678893922115
1234,246.96464309539692,0.5,0.2,0.75,0.7916666666666666,0.14965198849991848,0.5277307613233588,0.16947354969726602,0.153143700479458
1235,247.16477651767843,0.5,0.2,0.75,0.7916666666666666,0.14970055223047318,0.527692571015122,0.16949736044611047,0.1531095163082957
1236,247.36490993995997,0.5,0.2,0.75,0.7916666666666666,0.14974868676823985,0.5276564776846171,0.16952056797791404,0.15307426756923034
1237,247.56504336224148,0.5,0.2,0.75,0.7916666666666666,0.14979636589769055,0.5276224854648794,0.16954316284623172,0.1530379857911996
1238,247.765176784523,0.5,0.2,0.75,0.7916666666666666,0.149843563893047,0.5275905971576882,0.16956513606927306,0.15300070287999318
1239,247.96531020680453,0.5,0.2,0.75,0.7916666666666666,0.1498902555514464,0.5275608141571132,0.16958647913079578,0.1529624511606461
1240,248.16544362908604,0.5,0.2,0.75,0.7916666666666666,0.14993641617110454,0.5275331366177481,0.16960718398604405,0.15292326322510483
1241,248.36557705136758,0.5,0.2,0.75,0.7916666666666666,0.14998202157574428,0.5275075634166696,0.16962724306285218,0.15288317194473547
1242,248.5657104736491,0.5,0.2,0.75,0.7916666666666666,0.15002704813006887,0.5274840921550257,0.16964664926330061,0.15284221045160645
1243,248.7658438959306,0.5,0.2,0.75,0.7916666666666666,0.15007147275259847,0.5274627191711179,0.16966539596530805,0.15280041211097714
1244,248.96597731821214,0.5,0.2,0.75,0.7916666666666666,0.15011527292827095,0.5274434395542859,0.16968347702392536,0.15275781049351939
1245,249.16611074049365,0.5,0.2,0.75,0.7916666666666666,0.15015842672080662,0.5274262471595927,0.1697008867723312,0.15271443934727105
1246,249.36624416277516,0.5,0.2,0.75,0.7916666666666666,0.1502009127840728,0.5274111346230876,0.16971762002217852,0.1526703325706626
1247,249.5663775850567,0.5,0.2,0.75,0.7916666666666666,0.15024271027918343,0.5273980933501711,0.1697336720204812,0.15262552435016583
1248,249.7665110073382,0.5,0.2,0.75,0.7916666666666666,0.1502837989543107,0.5273871135527621,0.1697490384809997,0.15258004901192895
1249,249.96664442961975,0.5,0.2,0.75,0.7916666666666666,0.15032415921106948,0.5273781842833819,0.16976371560927309,0.15253394089627714
1250,250.16677785190126,0.5,0.2,0.75,0.7916666666666666,0.15036377206668355,0.5273712934394074,0.16977770007962262,0.15248723441428796
1251,250.36691127418277,0.5,0.2,0.75,0.7916666666666666,0.15040261916237305,0.5273664277818133,0.16979098903318196,0.1524399640226333
1252,250.5670446964643,0.5,0.2,0.75,0.7916666666666666,0.1504406827713745,0.5273635729546751,0.16980358007556862,0.1523921641983833
1253,250.76717811874582,0.5,0.2,0.75,0.7916666666666666,0.15047794580659432,0.5273627135054371,0.16981547127419747,0.15234386941377265
1254,250.96731154102733,0.5,0.2,0.75,0.7916666666666666,0.15051439182789528,0.5273638329059418,0.16982666115523568,0.15229511411092878
1255,251.16744496330887,0.5,0.2,0.75,0.7916666666666666,0.15055000503244037,0.5273669135477322,0.1698371487088456,0.15224593271098322
1256,251.36757838559038,0.5,0.2,0.75,0.7916666666666666,0.15058477021463842,0.5273719366901198,0.16984693340973497,0.15219635968550826
1257,251.56771180787192,0.5,0.2,0.75,0.7916666666666666,0.15061867286220298,0.5273788826271397,0.1698560151661561,0.15214642934450265
1258,251.76784523015343,0.5,0.2,0.75,0.7916666666666666,0.15065169912881154,0.5273877306586382,0.16986439433272432,0.1520961758798275
1259,251.96797865243494,0.5,0.2,0.75,0.7916666666666666,0.15068383583336173,0.5273984591052145,0.16987207170881338,0.15204563335261181
1260,252.16811207471648,0.5,0.2,0.75,0.7916666666666666,0.1507150704635942,0.5274110453314935,0.16987904853412295,0.1519948356707908
1261,252.368245496998,0.5,0.2,0.75,0.7916666666666666,0.1507453911792754,0.5274254657700427,0.16988532648392582,0.15194381656675762
1262,252.5683789192795,0.5,0.2,0.75,0.7916666666666666,0.1507747868149411,0.5274416959459369,0.16989090766399495,0.15189260957512846
1263,252.76851234156103,0.5,0.2,0.75,0.7916666666666666,0.1508032468818065,0.5274597105003381,0.1698957946052295,0.15184124801262744
1264,252.96864576384255,0.5,0.2,0.75,0.7916666666666666,0.15083076154653735,0.527479483120521,0.16989999025908628,0.15178976507385697
1265,253.16877918612408,0.5,0.2,0.75,0.7916666666666666,0.15085732165247465,0.5275009866485475,0.16990349799056362,0.15173819370841568
1266,253.3689126084056,0.5,0.2,0.75,0.7916666666666666,0.15088291872950113,0.5275241931452772,0.16990632157140603,0.15168656655381707
1267,253.5690460306871,0.5,0.2,0.75,0.7916666666666666,0.15090754498442188,0.5275490738759852,0.16990846517393346,0.15163491596566092
1268,253.76917945296864,0.5,0.2,0.75,0.7916666666666666,0.15093119330047805,0.5275755993363535,0.16990993336407537,0.15158327399909455
1269,253.96931287525015,0.5,0.2,0.75,0.7916666666666666,0.15095385723639076,0.5276037392789836,0.16991073109408572,0.15153167239054127
1270,254.16944629753166,0.5,0.2,0.75,0.7916666666666666,0.15097553102493508,0.5276334627404311,0.1699108636949393,0.15148014253969586
1271,254.3695797198132,0.5,0.2,0.75,0.7916666666666666,0.15099620957104418,0.5276647380687605,0.1699103368684091,0.15142871549178763
1272,254.5697131420947,0.5,0.2,0.75,0.7916666666666666,0.15101588845327713,0.5276975329110981,0.16990915669238366,0.15137742194324252
1273,254.76984656437625,0.5,0.2,0.75,0.7916666666666666,0.15103456392904455,0.5277318141570114,0.16990732964082014,0.15132629227312533
1274,254.96997998665776,0.5,0.2,0.75,0.7916666666666666,0.15105223291395165,0.5277675481510574,0.16990486251349235,0.15127535642150003
1275,255.17011340893927,0.5,0.2,0.75,0.7916666666666666,0.15106889298500062,0.5278047006486609,0.1699017624514728,0.15122464391486704
1276,255.3702468312208,0.5,0.2,0.75,0.7916666666666666,0.1510845423773216,0.5278432368359579,0.1698980369310687,0.1511741838556532
1277,255.57038025350232,0.5,0.2,0.75,0.7916666666666666,0.15109917997974498,0.5278831213574411,0.16989369375500288,0.1511240049078125
1278,255.77051367578383,0.5,0.2,0.75,0.7916666666666666,0.1511128053299182,0.5279243183439774,0.1698887410433259,0.15107413528278
1279,255.97064709806537,0.5,0.2,0.75,0.7916666666666666,0.1511254186089669,0.527966791441195,0.16988318722406032,0.15102460272577928
1280,256.1707805203469,0.5,0.2,0.75,0.7916666666666666,0.15113702084312786,0.5280105037227156,0.16987704111504057,0.1509754343191175
1281,256.3709139426284,0.5,0.2,0.75,0.7916666666666666,0.15114761294391793,0.5280554181389921,0.16987031155787088,0.1509266573592206
1282,256.57104736490993,0.5,0.2,0.75,0.7916666666666666,0.15115719734955427,0.5281014967475995,0.16986300806593993,0.15087829783690773
1283,256.77118078719144,0.5,0.2,0.75,0.7916666666666666,0.15116577671790152,0.5281487014710204,0.16985514023853027,0.15083038157254935
1284,256.97131420947295,0.5,0.2,0.75,0.7916666666666666,0.15117335432383375,0.5281969938697574,0.1698467179469306,0.15078293385947983
1285,257.1714476317545,0.5,0.2,0.75,0.7916666666666666,0.1511799340481938,0.5282463351721367,0.16983775132358214,0.15073597945608894
1286,257.371581054036,0.5,0.2,0.75,0.7916666666666666,0.15118552036675273,0.5282966863041109,0.16982825075122485,0.15068954257791314
1287,257.57171447631754,0.5,0.2,0.75,0.7916666666666666,0.1511901183391691,0.5283480079190617,0.16981822685204387,0.1506436468897269
1288,257.77184789859905,0.5,0.2,0.75,0.7916666666666666,0.15119373359794852,0.5284002604276034,0.16980769047681576,0.15059831549763392
1289,257.97198132088056,0.5,0.2,0.75,0.7916666666666666,0.15119637236018885,0.5284534039799496,0.16979665270954766,0.15055357095031552
1290,258.1721147431621,0.5,0.2,0.75,0.7916666666666666,0.15119804145335247,0.5285073984190797,0.16978512488165368,0.15050943524591573
1291,258.37224816544364,0.5,0.2,0.75,0.7916666666666666,0.15119874821872517,0.5285622034885367,0.169773118502967,0.15046592978977277
1292,258.57238158772515,0.5,0.2,0.75,0.7916666666666666,0.15119850053553283,0.5286177787890391,0.1697606452747907,0.1504230754006389
1293,258.77251501000666,0.5,0.2,0.75,0.7916666666666666,0.15119730681338986,0.5286740838010213,0.16974771708141645,0.15038089230417404
1294,258.97264843228817,0.5,0.2,0.75,0.7916666666666666,0.15119517598225987,0.5287310779123512,0.16973434597995138,0.15033940012543914
1295,259.1727818545697,0.5,0.2,0.75,0.7916666666666666,0.15119211748241743,0.5287887204458313,0.16972054419022836,0.15029861788152452
1296,259.37291527685124,0.5,0.2,0.75,0.7916666666666666,0.1511881412547684,0.5288469706274519,0.1697063241072079,0.15025856401057336
1297,259.57304869913276,0.5,0.2,0.75,0.7916666666666666,0.1511832577306127,0.528905787646823,0.16969169827838634,0.15021925634417965
1298,259.77318212141427,0.5,0.2,0.75,0.7916666666666666,0.15117747782132848,0.5289651307304876,0.16967667937631334,0.15018071207187225
1299,259.9733155436958,0.5,0.2,0.75,0.7916666666666666,0.151170812908532,0.5290249591367604,0.16966128020090165,0.15014294775380754
1300,260.1734489659773,0.5,0.2,0.75,0.7916666666666666,0.15116327483404504,0.529085232182265,0.16964551366970265,0.1501059793139889
1301,260.37358238825885,0.5,0.2,0.75,0.7916666666666666,0.1511548758898627,0.5291459092684708,0.16962939280818184,0.15006982203348615
1302,260.57371581054036,0.5,0.2,0.75,0.7916666666666666,0.1511456288010367,0.5292069498988207,0.16961293074204903,0.1500344905580951
1303,260.7738492328219,0.5,0.2,0.75,0.7916666666666666,0.15113554665004883,0.5292683136181359,0.16959614070655624,0.1499999990252606
1304,260.9739826551034,0.5,0.2,0.75,0.7916666666666666,0.1511246429524007,0.5293299601528897,0.16957903601194266,0.14996636088276843
1305,261.1741160773849,0.5,0.2,0.75,0.7916666666666666,0.1511129316339305,0.5293918494209393,0.16956163003737915,0.14993358890775252
1306,261.37424949966646,0.5,0.2,0.75,0.7916666666666666,0.15110042700711665,0.529453941539913,0.16954393622520622,0.1499016952277656
1307,261.574382921948,0.5,0.2,0.75,0.7916666666666666,0.1510871437599674,0.5295161968523151,0.1695259680715224,0.1498706913161966
1308,261.7745163442295,0.5,0.2,0.75,0.7916666666666666,0.15107309694491036,0.5295785759506315,0.1695077391167723,0.14984058798768735
1309,261.974649766511,0.5,0.2,0.75,0.7916666666666666,0.1510583019417685,0.5296410396633289,0.16948926293898342,0.14981139545592068
1310,262.1747831887925,0.5,0.2,0.75,0.7916666666666666,0.1510427744068646,0.5297035490199204,0.16947055314842036,0.1497831234247962
1311,262.374916611074,0.5,0.2,0.75,0.7916666666666666,0.15102653035647107,0.5297660654187714,0.16945162336850875,0.1497557808562504
1312,262.5750500333556,0.5,0.2,0.75,0.7916666666666666,0.15100958611638104,0.5298285505928688,0.1694324872304421,0.14972937606030967
1313,262.7751834556371,0.5,0.2,0.75,0.7916666666666666,0.15099195830707388,0.529890966629307,0.16941315836415055,0.1497039166994702
1314,262.9753168779186,0.5,0.2,0.75,0.7916666666666666,0.15097366383149138,0.5299532759927131,0.16939365038900273,0.14967940978679448
1315,263.1754503002001,0.5,0.2,0.75,0.7916666666666666,0.1509547198626265,0.530015441548188,0.16937397690461622,0.1496558616845709
1316,263.3755837224816,0.5,0.2,0.75,0.7916666666666666,0.15093514378949702,0.5300774264770871,0.16935415150566197,0.14963327822775563
1317,263.5757171447632,0.5,0.2,0.75,0.7916666666666666,0.15091495322900642,0.5301391943624649,0.16933418775867962,0.1496116646498507
1318,263.7758505670447,0.5,0.2,0.75,0.7916666666666666,0.15089416604422295,0.5302007092910479,0.16931409917519225,0.14959102548953854
1319,263.9759839893262,0.5,0.2,0.75,0.7916666666666666,0.15087280030964825,0.5302619358187005,0.1692938992153857,0.14957136465626716
1320,264.1761174116077,0.5,0.2,0.75,0.7916666666666666,0.1508508742981729,0.5303228389917367,0.169273601279284,0.14955268543080805
1321,264.37625083388923,0.5,0.2,0.75,0.7916666666666666,0.1508284064680319,0.5303833843682314,0.16925321869792453,0.1495349904658138
1322,264.5763842561708,0.5,0.2,0.75,0.7916666666666666,0.1508054154473487,0.5304435380220762,0.16923276472917267,0.149518281801404
1323,264.7765176784523,0.5,0.2,0.75,0.7916666666666666,0.1507819199996793,0.5305032664110682,0.1692122525900922,0.14950256099916212
1324,264.9766511007338,0.5,0.2,0.75,0.7916666666666666,0.15075793903922946,0.530562536600466,0.16919169539374534,0.14948782896656085
1325,265.17678452301533,0.5,0.2,0.75,0.7916666666666666,0.15073349161336314,0.5306213162524768,0.16917110614892486,0.14947408598523695
1326,265.37691794529684,0.5,0.2,0.75,0.7916666666666666,0.15070859688518745,0.5306795736162928,0.16915049775973728,0.14946133173878426
1327,265.57705136757835,0.5,0.2,0.75,0.7916666666666666,0.15068327412015559,0.5307372775468792,0.169129883017457,0.1494495653155101
1328,265.7771847898599,0.5,0.2,0.75,0.7916666666666666,0.15065754267266937,0.5307943975237605,0.1691092745923803,0.14943878521119178
1329,265.9773182121414,0.5,0.2,0.75,0.7916666666666666,0.15063142198056537,0.5308509035493605,0.1690886850597137,0.14942898941036237
1330,266.17745163442294,0.5,0.2,0.75,0.7916666666666666,0.15060493156058957,0.5309067660322386,0.16906812692973014,0.14942017547744363
1331,266.37758505670445,0.5,0.2,0.75,0.7916666666666666,0.15057809096594535,0.5309619562497884,0.16904761251418832,0.14941234027007994
1332,266.57771847898596,0.5,0.2,0.75,0.7916666666666666,0.1505509197861801,0.5310164461640635,0.16902715397553666,0.14940548007422164
1333,266.7778519012675,0.5,0.2,0.75,0.7916666666666666,0.15052343763466983,0.5310702084270936,0.169006763322574,0.14939959061566455
1334,266.97798532354904,0.5,0.2,0.75,0.7916666666666666,0.15049566413532794,0.5311232163980465,0.16898645240276244,0.1493946670638651
1335,267.17811874583055,0.5,0.2,0.75,0.7916666666666666,0.15046761890931426,0.531175444160392,0.1689662328945403,0.14939070403575547
1336,267.37825216811206,0.5,0.2,0.75,0.7916666666666666,0.15043932156174394,0.5312268665390643,0.16894611629963488,0.14938769559955895
1337,267.57838559039357,0.5,0.2,0.75,0.7916666666666666,0.1504107916683964,0.5312774591176253,0.16892611393537552,0.14938563527860493
1338,267.77851901267513,0.5,0.2,0.75,0.7916666666666666,0.15038204876242434,0.5313271982554271,0.16890623692700646,0.14938451605514422
1339,267.97865243495664,0.5,0.2,0.75,0.7916666666666666,0.15035311237652982,0.5313760606430411,0.16888649633809105,0.14938433064234008
1340,268.17878585723815,0.5,0.2,0.75,0.7916666666666666,0.15032400203868818,0.531424023244376,0.16886690318526845,0.1493850715316694
1341,268.37891927951966,0.5,0.2,0.75,0.7916666666666666,0.15029473713539368,0.5314710643416063,0.1688474681231915,0.14938673039981054
1342,268.5790527018012,0.5,0.2,0.75,0.7916666666666666,0.15026533696537742,0.5315171629945213,0.16882820160366582,0.14938929843643745
1343,268.7791861240827,0.5,0.2,0.75,0.7916666666666666,0.150235820727859,0.5315622990448466,0.16880911387180308,0.14939276635549334
1344,268.97931954636425,0.5,0.2,0.75,0.7916666666666666,0.15020620750979646,0.5316064531289028,0.16879021495968105,0.14939712440162187
1345,269.17945296864576,0.5,0.2,0.75,0.7916666666666666,0.15017651627313647,0.5316496066902635,0.16877151468000365,0.1494023623565985
1346,269.3795863909273,0.5,0.2,0.75,0.7916666666666666,0.15014676584206416,0.5316917419924153,0.16875302261976088,0.14940846954576173
1347,269.5797198132088,0.5,0.2,0.75,0.7916666666666666,0.1501169748902533,0.5317328421314156,0.16873474813388892,0.14941543484444433
1348,269.7798532354903,0.5,0.2,0.75,0.7916666666666666,0.15008716192811639,0.5317728910485511,0.16871670033893002,0.14942324668440476
1349,269.97998665777186,0.5,0.2,0.75,0.7916666666666666,0.150057345468145,0.53181187287439,0.16869888831854454,0.14943189333892265
1350,270.18012008005337,0.5,0.2,0.75,0.7916666666666666,0.1500275439220829,0.5318497722796187,0.16868132101001745,0.14944136278828316
1351,270.3802535023349,0.5,0.2,0.75,0.7916666666666666,0.1499977753819264,0.531886575262024,0.16866400695256906,0.14945164240348277
1352,270.5803869246164,0.5,0.2,0.75,0.7916666666666666,0.14996805774743843,0.5319222686325578,0.1686469544478696,0.1494627191721365
1353,270.7805203468979,0.5,0.2,0.75,0.7916666666666666,0.14993840871470887,0.5319568400230764,0.16863017155525778,0.14947457970695915
1354,270.98065376917947,0.5,0.2,0.75,0.7916666666666666,0.1499088457647147,0.5319902778940812,0.16861366608695952,0.14948721025424688
1355,271.180787191461,0.5,0.2,0.75,0.7916666666666666,0.1498793861518803,0.5320225715424572,0.1685974456033063,0.14950059670235843
1356,271.3809206137425,0.5,0.2,0.75,0.7916666666666666,0.14985004689263767,0.532053711109214,0.16858151740795393,0.14951472459019666
1357,271.581054036024,0.5,0.2,0.75,0.7916666666666666,0.14982084475398677,0.5320836875872244,0.16856588854310114,0.14952957911568993
1358,271.7811874583055,0.5,0.2,0.75,0.7916666666666666,0.1497917962455799,0.5321124928192028,0.16855056578781988,0.14954514514739967
1359,271.981320880587,0.5,0.2,0.75,0.7916666666666666,0.1497629179117932,0.5321401186647277,0.16853555592125535,0.14956140750222602
1360,272.1814543028686,0.5,0.2,0.75,0.7916666666666666,0.14973422603640207,0.5321665577943337,0.16852086546719217,0.1495783507020742
1361,272.3815877251501,0.5,0.2,0.75,0.7916666666666666,0.14970573648559118,0.5321918041004221,0.16850650056076083,0.14959595885322813
1362,272.5817211474316,0.5,0.2,0.75,0.7916666666666666,0.1496774648500622,0.5322158522796773,0.16849246707922932,0.14961421579103346
1363,272.7818545697131,0.5,0.2,0.75,0.7916666666666666,0.14964942643543294,0.5322386978357138,0.16847877063884545,0.1496331050900101
1364,272.98198799199463,0.5,0.2,0.75,0.7916666666666666,0.14962163625263666,0.5322603370817216,0.16846541659167905,0.149652610073965
1365,273.1821214142762,0.5,0.2,0.75,0.7916666666666666,0.14959410900832126,0.532280767143112,0.16845241002246433,0.14967271382610461
1366,273.3822548365577,0.5,0.2,0.75,0.7916666666666666,0.14956685909524847,0.5322999859601638,0.16843975574544223,0.14969339919914776
1367,273.5823882588392,0.5,0.2,0.75,0.7916666666666666,0.1495399005826932,0.5323179922906683,0.16842745830120262,0.1497146488254381
1368,273.7825216811207,0.5,0.2,0.75,0.7916666666666666,0.1495132472232853,0.5323347856762585,0.16841552196586979,0.14973644513458859
1369,273.98265510340224,0.5,0.2,0.75,0.7916666666666666,0.1494869128238252,0.5323503656048145,0.1684039510335145,0.14975877053784795
1370,274.1827885256838,0.5,0.2,0.75,0.7916666666666666,0.14946091076903353,0.532364732543816,0.16839274946269325,0.14978160722445938
1371,274.3829219479653,0.5,0.2,0.75,0.7916666666666666,0.14943525398553245,0.5323778880013383,0.16838192085345918,0.14980493715967216
1372,274.5830553702468,0.5,0.2,0.75,0.7916666666666666,0.14940995506452773,0.5323898342365202,0.16837146854350613,0.149828742155448
1373,274.78318879252834,0.5,0.2,0.75,0.7916666666666666,0.14938502625432215,0.5324005742575398,0.16836139560659802,0.14985300388154207
1374,274.98332221480985,0.5,0.2,0.75,0.7916666666666666,0.1493604794528291,0.5324101118195906,0.16835170485099826,0.14987770387658406
1375,275.18345563709136,0.5,0.2,0.75,0.7916666666666666,0.14933632620008597,0.5324184514228576,0.16834239881789914,0.1499028235591593
1376,275.3835890593729,0.5,0.2,0.75,0.7916666666666666,0.1493125776707675,0.5324255983104934,0.16833347977985127,0.14992834423888984
1377,275.58372248165443,0.5,0.2,0.75,0.7916666666666666,0.14928924466669943,0.5324315584665941,0.16832494973919299,0.14995424712751557
1378,275.78385590393594,0.5,0.2,0.75,0.7916666666666666,0.14926633765021374,0.5324363385377795,0.16831681045293603,0.14998051335907273
1379,275.98398932621745,0.5,0.2,0.75,0.7916666666666666,0.14924386715030924,0.5324399450574329,0.16830906369914567,0.15000712409311426
1380,276.18412274849896,0.5,0.2,0.75,0.7916666666666666,0.14922184314170284,0.5324423855911722,0.16830171087798393,0.15003406038914316
1381,276.38425617078053,0.5,0.2,0.75,0.7916666666666666,0.14920027513369458,0.5324436685545982,0.1682947530725536,0.15006130323915573
1382,276.58438959306204,0.5,0.2,0.75,0.7916666666666666,0.14917917226482305,0.532443803020212,0.16828819111349244,0.15008883360147462
1383,276.78452301534355,0.5,0.2,0.75,0.7916666666666666,0.14915854329767825,0.5324427987110897,0.16828202557889207,0.15011663241234216
1384,276.98465643762506,0.5,0.2,0.75,0.7916666666666666,0.14913839661371422,0.5324406659945575,0.168276256794217,0.1501446805975134
1385,277.1847898599066,0.5,0.2,0.75,0.7916666666666666,0.14911874020806207,0.5324374158758672,0.16827088483222327,0.1501729590838497
1386,277.38492328218814,0.5,0.2,0.75,0.7916666666666666,0.1490995816843425,0.5324330599918707,0.16826590951287737,0.15020144881091174
1387,277.58505670446965,0.5,0.2,0.75,0.7916666666666666,0.14908092824947883,0.5324276106046955,0.16826133040327518,0.15023013074255281
1388,277.78519012675116,0.5,0.2,0.75,0.7916666666666666,0.1490627867834621,0.5324210804807307,0.16825714686007712,0.1502589858757324
1389,277.98532354903267,0.5,0.2,0.75,0.7916666666666666,0.14904516421817537,0.5324134822967039,0.16825335824725585,0.15028799523786715
1390,278.1854569713142,0.5,0.2,0.75,0.7916666666666666,0.14902806685040867,0.5324048296766146,0.16824996354926838,0.1503171399237106
1391,278.3855903935957,0.5,0.2,0.75,0.7916666666666666,0.1490115005316766,0.532395136887021,0.16824696148159057,0.15034640109971406
1392,278.58572381587726,0.5,0.2,0.75,0.7916666666666666,0.14899547073133987,0.532384418726192,0.16824435052938375,0.15037576001308658
1393,278.78585723815877,0.5,0.2,0.75,0.7916666666666666,0.14897998253375616,0.5323726905142049,0.1682421289487398,0.15040519800330138
1394,278.9859906604403,0.5,0.2,0.75,0.7916666666666666,0.148965040635431,0.5323599680830423,0.16824029476792646,0.1504346965136024
1395,279.1861240827218,0.5,0.2,0.75,0.7916666666666666,0.14895064934216887,0.5323462677666901,0.1682388457886323,0.1504642371025109
1396,279.3862575050033,0.5,0.2,0.75,0.7916666666666666,0.1489368125662238,0.5323316063912344,0.16823777958721192,0.150493801455332
1397,279.58639092728487,0.5,0.2,0.75,0.7916666666666666,0.14892353382345053,0.5323160012649591,0.1682370935159312,0.15052337139566124
1398,279.7865243495664,0.5,0.2,0.75,0.7916666666666666,0.14891081634262648,0.5322994700296519,0.16823678476362464,0.15055292886409893
1399,279.9866577718479,0.5,0.2,0.75,0.7916666666666666,0.14889866335431073,0.5322820302897662,0.1682368505114463,0.15058245584447882
1400,280.1867911941294,0.5,0.2,0.75,0.7916666666666666,0.1488870774392387,0.5322637004052355,0.1682372875904957,0.15061193456503208
1401,280.3869246164109,0.5,0.2,0.75,0.7916666666666666,0.14887606077108465,0.5322444991776725,0.16823809261315315,0.15064134743809166
1402,280.5870580386925,0.5,0.2,0.75,0.7916666666666666,0.14886561515134666,0.5322244457937764,0.16823926199431116,0.15067067706056775
1403,280.787191460974,0.5,0.2,0.75,0.7916666666666666,0.14885574200870375,0.5322035598127008,0.16824079195378797,0.1506999062248093
1404,280.9873248832555,0.5,0.2,0.75,0.7916666666666666,0.1488464423983726,0.5321818611534224,0.1682426785187412,0.15072901792946578
1405,281.187458305537,0.5,0.2,0.75,0.7916666666666666,0.14883771700146464,0.5321593700821072,0.16824491752608134,0.15075799539034865
1406,281.3875917278185,0.5,0.2,0.75,0.7916666666666666,0.14882956612434295,0.5321361071994802,0.16824750462488547,0.1507868220512932
1407,281.5877251501,0.5,0.2,0.75,0.7916666666666666,0.14882198969797925,0.5321120934281919,0.1682504352788108,0.15081548159501998
1408,281.7878585723816,0.5,0.2,0.75,0.7916666666666666,0.14881498742901764,0.5320873498678181,0.16825370483901464,0.1508439578641515
1409,281.9879919946631,0.5,0.2,0.75,0.7916666666666666,0.1488085589688318,0.5320618976341607,0.16825730862543706,0.1508722347715724
1410,282.1881254169446,0.5,0.2,0.75,0.7916666666666666,0.14880270335527926,0.5320357583331373,0.16826124167006598,0.15090029664151944
1411,282.3882588392261,0.5,0.2,0.75,0.7916666666666666,0.14879741926725346,0.5320089538254855,0.16826549883795391,0.15092812806930908
1412,282.58839226150764,0.5,0.2,0.75,0.7916666666666666,0.1487927050408889,0.5319815061994299,0.16827007483746187,0.15095571392222135
1413,282.7885256837892,0.5,0.2,0.75,0.7916666666666666,0.1487885586709591,0.5319534377562688,0.16827496422362143,0.15098303934915266
1414,282.9886591060707,0.5,0.2,0.75,0.7916666666666666,0.14878497781227473,0.5319247709959617,0.168280161401497,0.15101008979026853
1415,283.1887925283522,0.5,0.2,0.75,0.7916666666666666,0.14878195978108152,0.5318955286027158,0.16828566062954803,0.15103685098665656
1416,283.38892595063373,0.5,0.2,0.75,0.7916666666666666,0.14877950155645842,0.5318657334305731,0.1682914560229912,0.15106330898997927
1417,283.58905937291524,0.5,0.2,0.75,0.7916666666666666,0.14877759978171556,0.5318354084889971,0.1682975415571625,0.1510894501721268
1418,283.7891927951968,0.5,0.2,0.75,0.7916666666666666,0.1487762509503355,0.5318045768442358,0.16830391114497198,0.1511152610604588
1419,283.9893262174783,0.5,0.2,0.75,0.7916666666666666,0.14877545143651866,0.5317732615916053,0.168310558651968,0.15114072831991002
1420,284.18945963975983,0.5,0.2,0.75,0.7916666666666666,0.1487751970871311,0.5317414860279481,0.1683174777353095,0.15116583914961323
1421,284.38959306204134,0.5,0.2,0.75,0.7916666666666666,0.14877548344556454,0.5317092735356891,0.16832466193644416,0.15119058108230413
1422,284.58972648432285,0.5,0.2,0.75,0.7916666666666666,0.1487763057582194,0.531676647566102,0.1683321046865124,0.15121494198916813
1423,284.7898599066044,0.5,0.2,0.75,0.7916666666666666,0.1487776589777001,0.5316436316240758,0.16833979931043117,0.1512389100877949
1424,284.98999332888593,0.5,0.2,0.75,0.7916666666666666,0.14877953776601002,0.5316102492528819,0.16834773903097738,0.1512624739501326
1425,285.19012675116744,0.5,0.2,0.75,0.7916666666666666,0.14878193649774682,0.5315765240189408,0.16835591697287194,0.1512856225104424
1426,285.39026017344895,0.5,0.2,0.75,0.7916666666666666,0.14878484926329744,0.5315424794965883,0.16836432616686325,0.15130834507325294
1427,285.59039359573046,0.5,0.2,0.75,0.7916666666666666,0.14878826987203347,0.531508139252843,0.1683729595538111,0.15133063132131438
1428,285.79052701801197,0.5,0.2,0.75,0.7916666666666666,0.1487921920569386,0.5314735268517163,0.1683818100553772,0.15135247103596985
1429,285.99066044029354,0.5,0.2,0.75,0.7916666666666666,0.14879660937526132,0.5314386658290303,0.16839087054420163,0.15137385425150876
1430,286.19079386257505,0.5,0.2,0.75,0.7916666666666666,0.14880151497950653,0.5314035796546551,0.16840013377120458,0.15139477159463582
1431,286.39092728485656,0.5,0.2,0.75,0.7916666666666666,0.148806901778822,0.531368291732624,0.1684095924219787,0.1514152140665774
1432,286.59106070713807,0.5,0.2,0.75,0.7916666666666666,0.14881276244367322,0.5313328253860437,0.16841923912136195,0.15143517304892326
1433,286.7911941294196,0.5,0.2,0.75,0.7916666666666666,0.14881908941051808,0.5312972038420046,0.16842906643801075,0.1514546403094687
1434,286.99132755170115,0.5,0.2,0.75,0.7916666666666666,0.14882587488648175,0.5312614502164914,0.16843906688897284,0.1514736080080562
1435,287.19146097398266,0.5,0.2,0.75,0.7916666666666666,0.1488331108540315,0.5312255874992929,0.1684492329442603,0.15149206870241752
1436,287.39159439626417,0.5,0.2,0.75,0.7916666666666666,0.14884078907565138,0.5311896385389127,0.16845955703142265,0.15151001535401556
1437,287.5917278185457,0.5,0.2,0.75,0.7916666666666666,0.14884890110075003,0.5311536260294102,0.16847003154055942,0.1515274413292826
1438,287.7918612408272,0.5,0.2,0.75,0.7916666666666666,0.14885743846054605,0.5311175726598041,0.16848064886635858,0.15154434001329356
1439,287.99199466310876,0.5,0.2,0.75,0.7916666666666666,0.14886639249446107,0.5310815009448056,0.16849140137755372,0.15156070518318193
1440,288.19212808539027,0.5,0.2,0.75,0.7916666666666666,0.1488757542641342,0.5310454331313262,0.16850228140364007,0.15157653120090167
1441,288.3922615076718,0.5,0.2,0.75,0.7916666666666666,0.1488855146541015,0.5310093912664127,0.16851328125835724,0.1515918128211307
1442,288.5923949299533,0.5,0.2,0.75,0.7916666666666666,0.14889566437762228,0.5309733971831526,0.16852439324448892,0.15160654519473835
1443,288.7925283522348,0.5,0.2,0.75,0.7916666666666666,0.14890619398250562,0.5309374724865806,0.16853560965866282,0.15162072387225298
1444,288.9926617745163,0.5,0.2,0.75,0.7916666666666666,0.14891709385693672,0.5309016385395854,0.1685469227961504,0.15163434480732954
1445,289.1927951967979,0.5,0.2,0.75,0.7916666666666666,0.14892835423530323,0.5308659164488148,0.16855832495566672,0.1516474043602173
1446,289.3929286190794,0.5,0.2,0.75,0.7916666666666666,0.1489399652040217,0.5308303270505828,0.16856980844417027,0.15165989930122734
1447,289.5930620413609,0.5,0.2,0.75,0.7916666666666666,0.14895191671369648,0.5307948909108761,0.16858136558133435,0.15167182679409516
1448,289.7931954636424,0.5,0.2,0.75,0.7916666666666666,0.14896419873004543,0.5307596286343617,0.16859298869682343,0.1516831839387715
1449,289.9933288859239,0.5,0.2,0.75,0.7916666666666666,0.14897680105964078,0.5307245604492858,0.16860467014443056,0.15169396834664484
1450,290.1934623082055,0.5,0.2,0.75,0.7916666666666666,0.14898971334672934,0.5306897061733264,0.1686164023073441,0.15170417817260212
1451,290.393595730487,0.5,0.2,0.75,0.7916666666666666,0.14900292512972493,0.5306550853123196,0.16862817760032053,0.1517138119576369
1452,290.5937291527685,0.5,0.2,0.75,0.7916666666666666,0.1490164258477783,0.5306207170478215,0.16863998847444578,0.15172286862995643
1453,290.79386257505,0.5,0.2,0.75,0.7916666666666666,0.14903020484734686,0.53058662022467,0.16865182742189627,0.15173134750608888
1454,290.9939959973315,0.5,0.2,0.75,0.7916666666666666,0.14904425138876473,0.5305528133385465,0.1686636869807004,0.15173924829199037
1455,291.1941294196131,0.5,0.2,0.75,0.7916666666666666,0.14905855465281243,0.5305193145235378,0.16867555973949966,0.15174657108415207
1456,291.3942628418946,0.5,0.2,0.75,0.7916666666666666,0.14907310374728683,0.5304861415396978,0.16868743834231,0.15175331637070744
1457,291.5943962641761,0.5,0.2,0.75,0.7916666666666666,0.14908788771402154,0.5304533117631353,0.1686993154929798,0.15175948502986544
1458,291.7945296864576,0.5,0.2,0.75,0.7916666666666666,0.14910289560858447,0.5304208425838092,0.16871118391072,0.15176507789688842
1459,291.99466310873913,0.5,0.2,0.75,0.7916666666666666,0.14911811644497547,0.5303887510459978,0.168723036376519,0.15177009613250977
1460,292.19479653102064,0.5,0.2,0.75,0.7916666666666666,0.14913353915599462,0.5303570535766807,0.16873486576900792,0.15177454149831882
1461,292.3949299533022,0.5,0.2,0.75,0.7916666666666666,0.14914915264169176,0.530325766208036,0.1687466650410275,0.15177841610924683
1462,292.5950633755837,0.5,0.2,0.75,0.7916666666666666,0.1491649457763625,0.5302949045673921,0.1687584272241025,0.15178172243214497
1463,292.79519679786523,0.5,0.2,0.75,0.7916666666666666,0.14918090741554396,0.5302644838671798,0.16877014543291624,0.15178446328436201
1464,292.99533022014674,0.5,0.2,0.75,0.7916666666666666,0.14919702640301077,0.5302345188948837,0.16878181286978505,0.15178664183232252
1465,293.19546364242825,0.5,0.2,0.75,0.7916666666666666,0.14921329157777105,0.5302050240029937,0.16879342282913268,0.1517882615901046
1466,293.3955970647098,0.5,0.2,0.75,0.7916666666666666,0.14922969178106213,0.5301760130989573,0.16880496870196476,0.15178932641801784
1467,293.59573048699133,0.5,0.2,0.75,0.7916666666666666,0.14924621586334663,0.530147499635131,0.16881644398034318,0.1517898405211813
1468,293.79586390927284,0.5,0.2,0.75,0.7916666666666666,0.1492628526883754,0.5301194969481868,0.16882784219171362,0.1517898081717261
1469,293.99599733155435,0.5,0.2,0.75,0.7916666666666666,0.1492795911406555,0.5300920181928165,0.1688391569146709,0.1517892337518591
1470,294.19613075383586,0.5,0.2,0.75,0.7916666666666666,0.14929642013754654,0.5300650757239687,0.1688503819054212,0.15178812223306554
1471,294.3962641761174,0.5,0.2,0.75,0.7916666666666666,0.14931332863323302,0.5300386814470672,0.16886151102993946,0.15178647888976224
1472,294.59639759839894,0.5,0.2,0.75,0.7916666666666666,0.14933030562568086,0.5300128468126312,0.16887253826750673,0.1517843092941832
1473,294.79653102068045,0.5,0.2,0.75,0.7916666666666666,0.14934734016361034,0.5299875828090014,0.16888345771462757,0.15178161931276254
1474,294.99666444296196,0.5,0.2,0.75,0.7916666666666666,0.14936442135346842,0.5299628999550684,0.16889426358894735,0.15177841510251772
1475,295.19679786524347,0.5,0.2,0.75,0.7916666666666666,0.14938153836640147,0.5299388082929986,0.1689049502331696,0.1517747031074323
1476,295.396931287525,0.5,0.2,0.75,0.7916666666666666,0.14939868044522794,0.5299153173809614,0.1689155121189734,0.1517704900548391
1477,295.59706470980655,0.5,0.2,0.75,0.7916666666666666,0.1494158369114109,0.5298924362858569,0.16892594385093074,0.15176578295180326
1478,295.79719813208806,0.5,0.2,0.75,0.7916666666666666,0.1494329971371618,0.5298701738271224,0.1689362401058565,0.15176058892986116
1479,295.99733155436957,0.5,0.2,0.75,0.7916666666666666,0.14945015051888305,0.5298485388108989,0.16894639557463784,0.15175491509558212
1480,296.1974649766511,0.5,0.2,0.75,0.7916666666666666,0.1494672866053605,0.529827539149892,0.168956405190616,0.15174876905413334
1481,296.3975983989326,0.5,0.2,0.75,0.7916666666666666,0.14948439504776836,0.5298071822663042,0.16896626402801634,0.15174215865791302
1482,296.59773182121415,0.5,0.2,0.75,0.7916666666666666,0.14950146560333422,0.5297874751083805,0.16897596729974015,0.15173509198854698
1483,296.79786524349566,0.5,0.2,0.75,0.7916666666666666,0.14951848814189744,0.5297684241461176,0.16898551036051548,0.15172757735147144
1484,296.9979986657772,0.5,0.2,0.75,0.7916666666666666,0.14953545265246787,0.5297500353669704,0.168994888710048,0.15171962327051566
1485,297.1981320880587,0.5,0.2,0.75,0.7916666666666666,0.1495523492497846,0.5297323142715605,0.1690040979961719,0.15171123848248486
1486,297.3982655103402,0.5,0.2,0.75,0.7916666666666666,0.14956916818087462,0.5297152658693839,0.16901313401800055,0.15170243193174288
1487,297.59839893262176,0.5,0.2,0.75,0.7916666666666666,0.14958589983161139,0.529698894674518,0.16902199272907759,0.15169321276479494
1488,297.7985323549033,0.5,0.2,0.75,0.7916666666666666,0.14960253469198598,0.5296832048548509,0.16903067019323334,0.15168359025993172
1489,297.9986657771848,0.5,0.2,0.75,0.7916666666666666,0.14961906324244056,0.5296682006748252,0.1690391624500195,0.1516735736327167
1490,298.1987991994663,0.5,0.2,0.75,0.7916666666666666,0.14963547621892279,0.5296538855299742,0.16904746581396296,0.15166317243714195
1491,298.3989326217478,0.5,0.2,0.75,0.7916666666666666,0.14965176452466716,0.529640262295043,0.16905557676915065,0.15165239641114103
1492,298.5990660440293,0.5,0.2,0.75,0.7916666666666666,0.14966791922022113,0.5296273333811696,0.16906349195344247,0.15164125544516868
1493,298.7991994663109,0.5,0.2,0.75,0.7916666666666666,0.14968393152920087,0.5296151007345774,0.16907120816070262,0.1516297595755209
1494,298.9993328885924,0.5,0.2,0.75,0.7916666666666666,0.14969979284404733,0.5296035658352685,0.1690787223430309,0.15161791897765514
1495,299.1994663108739,0.5,0.2,0.75,0.7916666666666666,0.149715494731782,0.5295927296957157,0.1690860316129939,0.15160574395951026
1496,299.3995997331554,0.5,0.2,0.75,0.7916666666666666,0.14973102893976292,0.5295825928595556,0.16909313324585645,0.15159324495482687
1497,299.5997331554369,0.5,0.2,0.75,0.7916666666666666,0.1497463874014404,0.5295731554002816,0.16910002468181262,0.15158043251646727
1498,299.7998665777185,0.5,0.2,0.75,0.7916666666666666,0.14976156221253045,0.5295644169959315,0.16910670350082088,0.15156731729071907
1499,300.0,0.5,0.2,0.75,0.7916666666666666,0.1497765454315304,0.5295563774550268,0.16911316723476338,0.15155390987868128
