,time,beta,alpha,sigma_D,sigma_C,S_c,S_d,I_c,I_d,R0
0,0.0,1.4583333333333335,0.2,0.5,0.5,0.62475,0.37485,0.00025,0.00015,13.959835324550124
1,0.200133422281521,1.4583333333333335,0.2,0.5,0.5,0.6153148200715903,0.38426472493836067,0.0002626327918050236,0.00015782219824402995,13.959835324550124
2,0.400266844563042,1.4583333333333335,0.2,0.5,0.5,0.605791731123364,0.3937659442399431,0.0002758251619697773,0.0001664994747231206,13.959835324550124
3,0.600400266844563,1.4583333333333335,0.2,0.5,0.5,0.5961872306669078,0.4033470005399066,0.0002896405145568895,0.00017612827862870301,13.959835324550124
4,0.800533689126084,1.4583333333333335,0.2,0.5,0.5,0.5865079909556836,0.41300104373184426,0.00030414799519201175,0.00018681731728005697,13.959835324550124
5,1.0006671114076051,1.4583333333333335,0.2,0.5,0.5,0.5767609208502301,0.42272096481357824,0.0003194239429268725,0.00019869039326473912,13.959835324550124
6,1.200800533689126,1.4583333333333335,0.2,0.5,0.5,0.5669531304140237,0.4324994282397661,0.00033555271700255626,0.00021188862920761277,13.959835324550124
7,1.400933955970647,1.4583333333333335,0.2,0.5,0.5,0.5570919185021198,0.4423288801545132,0.0003526278952879622,0.00022657344807908766,13.959835324550124
8,1.601067378252168,1.4583333333333335,0.2,0.5,0.5,0.5471847279131964,0.4522015905422556,0.0003707529216597796,0.00024292862288827837,13.959835324550124
9,1.801200800533689,1.4583333333333335,0.2,0.5,0.5,0.537239139385948,0.46210965284105077,0.00039004288198942556,0.0002611648910117572,13.959835324550124
10,2.0013342228152102,1.4583333333333335,0.2,0.5,0.5,0.527262842507088,0.47204500749268846,0.0004106259481736649,0.00028152405204991685,13.959835324550124
11,2.201467645096731,1.4583333333333335,0.2,0.5,0.5,0.5172636101898848,0.48199946038802677,0.00043264519943875067,0.0003042842226498735,13.959835324550124
12,2.401601067378252,1.4583333333333335,0.2,0.5,0.5,0.5072492733263372,0.491964700971671,0.0004562604771829667,0.0003297652248090049,13.959835324550124
13,2.601734489659773,1.4583333333333335,0.2,0.5,0.5,0.4972277110406478,0.5019323084889044,0.0004816492270053421,0.00035833124344255424,13.959835324550124
14,2.801867911941294,1.4583333333333335,0.2,0.5,0.5,0.48720678791917726,0.5118937903089859,0.0005090123882173307,0.0003904093836197407,13.959835324550124
15,3.002001334222815,1.4583333333333335,0.2,0.5,0.5,0.4771943330505156,0.521840600445735,0.0005385752129577502,0.0004264912907918961,13.959835324550124
16,3.202134756504336,1.4583333333333335,0.2,0.5,0.5,0.467198139309749,0.5317641210142235,0.0005705914573850497,0.0004671482186426969,13.959835324550124
17,3.402268178785857,1.4583333333333335,0.2,0.5,0.5,0.45722591988332295,0.5416556945558142,0.0006053462508154419,0.0005130393100476273,13.959835324550124
18,3.602401601067378,1.4583333333333335,0.2,0.5,0.5,0.4472852753601725,0.5515066292377251,0.0006431620219882015,0.0005649333801145072,13.959835324550124
19,3.802535023348899,1.4583333333333335,0.2,0.5,0.5,0.4373836698228943,0.5613081990707383,0.0006844036139121982,0.0006237274924554711,13.959835324550124
20,4.0026684456304205,1.4583333333333335,0.2,0.5,0.5,0.42752840150755655,0.5710516543334436,0.0007294826386689126,0.0006904615203312057,13.959835324550124
21,4.202801867911941,1.4583333333333335,0.2,0.5,0.5,0.4177265746110216,0.5807281917943455,0.000778869426202084,0.0007663641684310617,13.959835324550124
22,4.402935290193462,1.4583333333333335,0.2,0.5,0.5,0.4079850714117458,0.5903289769159048,0.0008330945325449975,0.0008528571398047383,13.959835324550124
23,4.603068712474983,1.4583333333333335,0.2,0.5,0.5,0.39831052544150075,0.5998450804360257,0.0008927660544032443,0.0009516280680705775,13.959835324550124
24,4.803202134756504,1.4583333333333335,0.2,0.5,0.5,0.38870929280699745,0.6092674934573546,0.0009585730715534321,0.0010646406640946993,13.959835324550124
25,5.003335557038025,1.4583333333333335,0.2,0.5,0.5,0.37918742524061255,0.6185870580268006,0.0010313034726750518,0.0011942132599121209,13.959835324550124
26,5.203468979319546,1.4583333333333335,0.2,0.5,0.5,0.3697506429361108,0.6277944078476009,0.001111860098066449,0.0013430891182222055,13.959835324550124
27,5.403602401601067,1.4583333333333335,0.2,0.5,0.5,0.360404305623111,0.6368799106853508,0.0012012763575149517,0.0015145073340236894,13.959835324550124
28,5.603735823882588,1.4583333333333335,0.2,0.5,0.5,0.3511533848251773,0.645833596786659,0.0013007341971228445,0.0017122841910412626,13.959835324550124
29,5.803869246164109,1.4583333333333335,0.2,0.5,0.5,0.3420024349013755,0.6546450090352223,0.0014115938096999142,0.0019409622537026972,13.959835324550124
30,6.00400266844563,1.4583333333333335,0.2,0.5,0.5,0.3329555641288091,0.6633031151158231,0.0015354140793411393,0.002205906676026945,13.959835324550124
31,6.204136090727151,1.4583333333333335,0.2,0.5,0.5,0.32401640080961075,0.6717960849266218,0.0016739937750117405,0.002513520488756072,13.959835324550124
32,6.404269513008672,1.4583333333333335,0.2,0.5,0.5,0.3151880613638548,0.6801111146633287,0.0018294043298681946,0.002871419642948623,13.959835324550124
33,6.604402935290193,1.4583333333333335,0.2,0.5,0.5,0.30647311538685335,0.6882341864699789,0.0020040319505793534,0.003288666192588702,13.959835324550124
34,6.804536357571714,1.4583333333333335,0.2,0.5,0.5,0.29787354605131616,0.6961497344294474,0.0022006326070811034,0.003776086912155632,13.959835324550124
35,7.004669779853235,1.4583333333333335,0.2,0.5,0.5,0.2893907091316478,0.7038402962678231,0.002422388212957549,0.004346606387571848,13.959835324550124
36,7.204803202134756,1.4583333333333335,0.2,0.5,0.5,0.28102528730726467,0.711286071222157,0.0026729748212781517,0.005015666649300429,13.959835324550124
37,7.404936624416277,1.4583333333333335,0.2,0.5,0.5,0.2727772399933345,0.7184643581996548,0.00295664308868602,0.005801758718325001,13.959835324550124
38,7.605070046697798,1.4583333333333335,0.2,0.5,0.5,0.2646457497067016,0.7253489299922521,0.003278306399300287,0.0067270139017465026,13.959835324550124
39,7.805203468979319,1.4583333333333335,0.2,0.5,0.5,0.256629164653916,0.7319092763669852,0.00364364148070407,0.007817917498395227,13.959835324550124
40,8.005336891260841,1.4583333333333335,0.2,0.5,0.5,0.24872493717796554,0.7381096803058693,0.004059204514379723,0.009106178001785944,13.959835324550124
41,8.205470313542362,1.4583333333333335,0.2,0.5,0.5,0.24092955991786344,0.7439081378987211,0.004532560349476363,0.010629741833939658,13.959835324550124
42,8.405603735823883,1.4583333333333335,0.2,0.5,0.5,0.2332385046935422,0.7492550982123364,0.005072422488792111,0.012433974605329735,13.959835324550124
43,8.605737158105404,1.4583333333333335,0.2,0.5,0.5,0.22564616598668247,0.7540919958431994,0.005688805481649407,0.014573032688469082,13.959835324550124
44,8.805870580386925,1.4583333333333335,0.2,0.5,0.5,0.21814581701883912,0.7583495685843483,0.006393184769289899,0.017111429627523024,13.959835324550124
45,9.006004002668446,1.4583333333333335,0.2,0.5,0.5,0.210729587920005,0.761945963381951,0.007198658075668766,0.020125790622375683,13.959835324550124
46,9.206137424949967,1.4583333333333335,0.2,0.5,0.5,0.20338848266532097,0.7647846374984575,0.008120098331888868,0.023706781504332936,13.959835324550124
47,9.406270847231488,1.4583333333333335,0.2,0.5,0.5,0.19611245287838477,0.7667521441853252,0.00917428210653338,0.02796112082975688,13.959835324550124
48,9.606404269513009,1.4583333333333335,0.2,0.5,0.5,0.18889055464070306,0.7677158925829459,0.010379973529189205,0.033013579247162105,13.959835324550124
49,9.80653769179453,1.4583333333333335,0.2,0.5,0.5,0.18171122164150008,0.7675220654847517,0.01175793419984602,0.03900877867390249,13.959835324550124
50,10.00667111407605,1.4583333333333335,0.2,0.5,0.5,0.1745626787270359,0.7659939143355419,0.01333083308606487,0.046112573851357704,13.959835324550124
51,10.206804536357572,1.4583333333333335,0.2,0.5,0.5,0.16743361999621034,0.7629311404608823,0.015122946813345351,0.05451229272956217,13.959835324550124
52,10.406937958639093,1.4583333333333335,0.2,0.5,0.5,0.16031403488020135,0.7581104456207781,0.0171597115524749,0.06441580794654576,13.959835324550124
53,10.607071380920614,1.4583333333333335,0.2,0.5,0.5,0.153196380722376,0.7512885003370857,0.019466946131260505,0.0760481728092779,13.959835324550124
54,10.807204803202135,1.4583333333333335,0.2,0.5,0.5,0.14607702154303437,0.7422080099950089,0.02206975321238326,0.08964521524957349,13.959835324550124
55,11.007338225483656,1.4583333333333335,0.2,0.5,0.5,0.13895790510186318,0.7306079231648746,0.024991054948343826,0.10544311678491866,13.959835324550124
56,11.207471647765177,1.4583333333333335,0.2,0.5,0.5,0.13184836821710583,0.7162387089998493,0.028249767598925685,0.12366315518411934,13.959835324550124
57,11.407605070046698,1.4583333333333335,0.2,0.5,0.5,0.12476686195892124,0.6988832310585958,0.03185869275076402,0.14449121423171912,13.959835324550124
58,11.607738492328219,1.4583333333333335,0.2,0.5,0.5,0.11774229228895466,0.678383048057219,0.035822283627934784,0.1680523760258917,13.959835324550124
59,11.80787191460974,1.4583333333333335,0.2,0.5,0.5,0.11081456452833695,0.6546682387983226,0.04013459288310931,0.19438260379023148,13.959835324550124
60,12.00800533689126,1.4583333333333335,0.2,0.5,0.5,0.10403396769824738,0.6277878865346584,0.04477772235916303,0.22340042340793148,13.959835324550124
61,12.208138759172781,1.4583333333333335,0.2,0.5,0.5,0.09745910326503132,0.5979360315330768,0.0497211822813492,0.254883682920543,13.959835324550124
62,12.408272181454302,1.4583333333333335,0.2,0.5,0.5,0.09115329445087454,0.5654669189371699,0.05492249507786769,0.2884572915340884,13.959835324550124
63,12.608405603735823,1.4583333333333335,0.2,0.5,0.5,0.08517982410636664,0.5308938051065184,0.060329157286375376,0.32359721350074006,13.959835324550124
64,12.808539026017344,1.4583333333333335,0.2,0.5,0.5,0.07959662826954528,0.4948674693087562,0.06588185013164864,0.3596540522900504,13.959835324550124
65,13.008672448298865,1.4583333333333335,0.2,0.5,0.5,0.07445134196201449,0.4581344824816786,0.07151848490257962,0.39589569065372776,13.959835324550124
66,13.208805870580386,1.4583333333333335,0.2,0.5,0.5,0.06977755246570308,0.42148057803086286,0.07717845589019368,0.4315634136132408,13.959835324550124
67,13.408939292861907,1.4583333333333335,0.2,0.5,0.5,0.0655928548067008,0.3856678472800583,0.08280645364022764,0.4659328442730137,13.959835324550124
68,13.609072715143428,1.4583333333333335,0.2,0.5,0.5,0.0618988682280742,0.351376445787373,0.08835531847753796,0.4983693675070153,13.959835324550124
69,13.80920613742495,1.4583333333333335,0.2,0.5,0.5,0.0586829495637585,0.3191600958882514,0.09378766232433672,0.5283692922236538,13.959835324550124
70,14.00933955970647,1.4583333333333335,0.2,0.5,0.5,0.0559210464919482,0.28942089377621405,0.09907626938110292,0.5555817903507353,13.959835324550124
71,14.209472981987991,1.4583333333333335,0.2,0.5,0.5,0.05358106197548268,0.262404025338075,0.10420350401880932,0.5798114086676334,13.959835324550124
72,14.409606404269512,1.4583333333333335,0.2,0.5,0.5,0.051626168554100134,0.2382093354316056,0.1091600608019921,0.6010044352123024,13.959835324550124
73,14.609739826551033,1.4583333333333335,0.2,0.5,0.5,0.050017698277167094,0.21681423171138153,0.11394339534539234,0.6192246746660592,13.959835324550124
74,14.809873248832554,1.4583333333333335,0.2,0.5,0.5,0.04871741794398779,0.19810202071610603,0.1185561156318083,0.6346244457080981,13.959835324550124
75,15.010006671114075,1.4583333333333335,0.2,0.5,0.5,0.04768914081689551,0.1818906962961247,0.1230045218057738,0.6474156410812062,13.959835324550124
76,15.210140093395596,1.4583333333333335,0.2,0.5,0.5,0.04689974242299322,0.1679588682162134,0.12729738244114644,0.6578440069196472,13.959835324550124
77,15.410273515677117,1.4583333333333335,0.2,0.5,0.5,0.04631967325977243,0.15606708978499423,0.131444974985645,0.6661682619695886,13.959835324550124
78,15.610406937958638,1.4583333333333335,0.2,0.5,0.5,0.04592308282798943,0.14597379584020817,0.13545838097434434,0.6726447403574582,13.959835324550124
79,15.810540360240159,1.4583333333333335,0.2,0.5,0.5,0.045687685818139166,0.13744659749126922,0.139348977767714,0.6775167389228779,13.959835324550124
80,16.010673782521682,1.4583333333333335,0.2,0.5,0.5,0.04559445737765831,0.13026933329807952,0.14312809096210197,0.6810081183621604,13.959835324550124
81,16.210807204803203,1.4583333333333335,0.2,0.5,0.5,0.04562724455652165,0.12424598831830999,0.14680676143669244,0.6833200056884762,13.959835324550124
82,16.410940627084724,1.4583333333333335,0.2,0.5,0.5,0.04577235496761004,0.11920222767384131,0.15039558911650572,0.6846298282420432,13.959835324550124
83,16.611074049366245,1.4583333333333335,0.2,0.5,0.5,0.04601816173796238,0.11498535494239283,0.15390463270045382,0.6850918506191912,13.959835324550124
84,16.811207471647766,1.4583333333333335,0.2,0.5,0.5,0.04635475109212551,0.11146323463918982,0.15734334445246642,0.6848386698162184,13.959835324550124
85,17.011340893929287,1.4583333333333335,0.2,0.5,0.5,0.04677362050809299,0.1085226081076978,0.16072053095049524,0.6839832404337142,13.959835324550124
86,17.211474316210808,1.4583333333333335,0.2,0.5,0.5,0.047267429970622866,0.106067157305312,0.1640443338683193,0.6826210788557461,13.959835324550124
87,17.41160773849233,1.4583333333333335,0.2,0.5,0.5,0.047829802212164464,0.10401547631959292,0.16732222427792887,0.680832497190314,13.959835324550124
88,17.61174116077385,1.4583333333333335,0.2,0.5,0.5,0.04845516540215674,0.10229910695714452,0.17056100804996605,0.678684719590733,13.959835324550124
89,17.81187458305537,1.4583333333333335,0.2,0.5,0.5,0.04913862816638112,0.10086071472623649,0.17376684186387586,0.6762338152435068,13.959835324550124
90,18.01200800533689,1.4583333333333335,0.2,0.5,0.5,0.04987588123230256,0.0996524377081393,0.17694525624182272,0.6735264248177356,13.959835324550124
91,18.212141427618413,1.4583333333333335,0.2,0.5,0.5,0.05066311962308773,0.09863442208538375,0.1801011836368824,0.6706012746546463,13.959835324550124
92,18.412274849899934,1.4583333333333335,0.2,0.5,0.5,0.05149697926927975,0.09777355004543736,0.18323899147337486,0.6674904792119082,13.959835324550124
93,18.612408272181455,1.4583333333333335,0.2,0.5,0.5,0.05237448396760519,0.09704235261894299,0.18636251777324458,0.6642206456402074,13.959835324550124
94,18.812541694462976,1.4583333333333335,0.2,0.5,0.5,0.05329300243226871,0.0964180666623599,0.18947510764230277,0.6608138232630688,13.959835324550124
95,19.012675116744497,1.4583333333333335,0.2,0.5,0.5,0.054250210022599346,0.09588185141068925,0.1925796504991048,0.6572882880676068,13.959835324550124
96,19.212808539026017,1.4583333333333335,0.2,0.5,0.5,0.055244056419001486,0.0954181215171972,0.19567861729751856,0.653659204766283,13.959835324550124
97,19.41294196130754,1.4583333333333335,0.2,0.5,0.5,0.05627273505497874,0.0950139912566267,0.19877409648619568,0.6499391772021991,13.959835324550124
98,19.61307538358906,1.4583333333333335,0.2,0.5,0.5,0.05733465772226061,0.09465881288660143,0.20186782821361096,0.6461387011775271,13.959835324550124
99,19.81320880587058,1.4583333333333335,0.2,0.5,0.5,0.05842843124772732,0.09434378925213978,0.20496123633384103,0.6422665431662921,13.959835324550124
100,20.0133422281521,1.4583333333333335,0.2,0.5,0.5,0.05955283580159171,0.09406165129814749,0.20805545909299372,0.6383300538072672,13.959835324550124
101,20.213475650433622,1.4583333333333335,0.2,0.5,0.5,0.06070680585110002,0.09380639474076892,0.21115137730182176,0.6343354221063093,13.959835324550124
102,20.413609072715143,1.4583333333333335,0.2,0.5,0.5,0.06188941267146655,0.09357306013474129,0.21424964028801358,0.6302878869057786,13.959835324550124
103,20.613742494996664,1.4583333333333335,0.2,0.5,0.5,0.06309984875203681,0.09335755098931774,0.21735068946975333,0.6261919107888921,13.959835324550124
104,20.813875917278185,1.4583333333333335,0.2,0.5,0.5,0.06433741336410609,0.09315648189242892,0.22045478023451648,0.6220513245089485,13.959835324550124
105,21.014009339559706,1.4583333333333335,0.2,0.5,0.5,0.06560149977911167,0.09296705700451324,0.2235620015628738,0.6178694416535012,13.959835324550124
106,21.214142761841227,1.4583333333333335,0.2,0.5,0.5,0.06689158366120902,0.09278696652013686,0.2266722938452725,0.6136491559733815,13.959835324550124
107,21.41427618412275,1.4583333333333335,0.2,0.5,0.5,0.06820721262557841,0.09261430210312607,0.22978546500878128,0.6093930202625142,13.959835324550124
108,21.61440960640427,1.4583333333333335,0.2,0.5,0.5,0.06954799695381646,0.09244748848655772,0.23290120493518696,0.6051033096244387,13.959835324550124
109,21.81454302868579,1.4583333333333335,0.2,0.5,0.5,0.07091360125250165,0.09228522471356006,0.23601909847516667,0.6007820755587715,13.959835324550124
110,22.01467645096731,1.4583333333333335,0.2,0.5,0.5,0.07230373688215633,0.09212643707725747,0.23913863725371026,0.5964311887868758,13.959835324550124
111,22.214809873248832,1.4583333333333335,0.2,0.5,0.5,0.07371815536800132,0.0919702410328897,0.24225923007077668,0.5920523735283322,13.959835324550124
112,22.414943295530353,1.4583333333333335,0.2,0.5,0.5,0.07515664238069278,0.09181590730926928,0.24538021246860425,0.5876472378414337,13.959835324550124
113,22.615076717811874,1.4583333333333335,0.2,0.5,0.5,0.07661901249257876,0.0916628362641684,0.24850085513559947,0.5832172961076533,13.959835324550124
114,22.815210140093395,1.4583333333333335,0.2,0.5,0.5,0.07810510458850979,0.09151053751760728,0.2516203713791592,0.5787639865147236,13.959835324550124
115,23.015343562374916,1.4583333333333335,0.2,0.5,0.5,0.07961477736998492,0.09135860735975164,0.2547379244960316,0.5742886907742317,13.959835324550124
116,23.215476984656437,1.4583333333333335,0.2,0.5,0.5,0.08114790601623349,0.0912067179082354,0.2578526334338515,0.5697927426416796,13.959835324550124
117,23.415610406937958,1.4583333333333335,0.2,0.5,0.5,0.0827043785266213,0.09105460180279935,0.2609635789382437,0.5652774407323355,13.959835324550124
118,23.61574382921948,1.4583333333333335,0.2,0.5,0.5,0.08428409319351292,0.09090204539376914,0.2640698080633689,0.560744053349349,13.959835324550124
119,23.815877251501,1.4583333333333335,0.2,0.5,0.5,0.0858869556727722,0.09074887710701099,0.2671703393578097,0.556193827862407,13.959835324550124
120,24.01601067378252,1.4583333333333335,0.2,0.5,0.5,0.08751287707550828,0.09059496180714265,0.2702641666298803,0.5516279944874687,13.959835324550124
121,24.216144096064042,1.4583333333333335,0.2,0.5,0.5,0.08916177180903878,0.09044019477773693,0.27335026298310555,0.5470477704301187,13.959835324550124
122,24.416277518345563,1.4583333333333335,0.2,0.5,0.5,0.09083355578914831,0.09028449673158144,0.2764275844003621,0.5424543630789082,13.959835324550124
123,24.616410940627084,1.4583333333333335,0.2,0.5,0.5,0.09252814512705905,0.09012781080145928,0.2794950726907162,0.5378489713807654,13.959835324550124
124,24.816544362908605,1.4583333333333335,0.2,0.5,0.5,0.09424545373854958,0.08997009497687602,0.282551659874967,0.5332327914096073,13.959835324550124
125,25.016677785190126,1.4583333333333335,0.2,0.5,0.5,0.09598539383067307,0.08981132634318961,0.2855962687243903,0.5286070111017469,13.959835324550124
126,25.216811207471647,1.4583333333333335,0.2,0.5,0.5,0.09774787352197345,0.0896514937202305,0.28862781712987745,0.5239728156279184,13.959835324550124
127,25.416944629753168,1.4583333333333335,0.2,0.5,0.5,0.09953279646229142,0.08949059730348319,0.291645219845617,0.5193313863886083,13.959835324550124
128,25.61707805203469,1.4583333333333335,0.2,0.5,0.5,0.10134006112446466,0.08932864756365305,0.29464739064583134,0.5146839006660509,13.959835324550124
129,25.81721147431621,1.4583333333333335,0.2,0.5,0.5,0.10316955953350493,0.08916566191432693,0.29763324522645557,0.5100315333257125,13.959835324550124
130,26.01734489659773,1.4583333333333335,0.2,0.5,0.5,0.10502117767220012,0.08900166617892392,0.3006017019446505,0.5053754542042254,13.959835324550124
131,26.21747831887925,1.4583333333333335,0.2,0.5,0.5,0.10689479387495478,0.08883669093956216,0.303551685122493,0.50071683006299,13.959835324550124
132,26.417611741160773,1.4583333333333335,0.2,0.5,0.5,0.10879027921578346,0.08867077341053038,0.3064821256830074,0.4960568216906786,13.959835324550124
133,26.617745163442294,1.4583333333333335,0.2,0.5,0.5,0.11070749638476138,0.0885039548171232,0.30939196431761073,0.4913965844805046,13.959835324550124
134,26.817878585723815,1.4583333333333335,0.2,0.5,0.5,0.1126463004303596,0.08833628161602979,0.31228014959701794,0.4867372683565926,13.959835324550124
135,27.018012008005336,1.4583333333333335,0.2,0.5,0.5,0.11460653711028235,0.08816780256387534,0.31514564549747504,0.4820800148283672,13.959835324550124
136,27.218145430286857,1.4583333333333335,0.2,0.5,0.5,0.11658804382900163,0.08799857038281897,0.3179874274106466,0.4774259583775327,13.959835324550124
137,27.418278852568378,1.4583333333333335,0.2,0.5,0.5,0.11859064918051593,0.08782864075720574,0.3208044857969662,0.4727762242653121,13.959835324550124
138,27.6184122748499,1.4583333333333335,0.2,0.5,0.5,0.12061417234621118,0.08765807145629105,0.323595826935227,0.46813192926227076,13.959835324550124
139,27.81854569713142,1.4583333333333335,0.2,0.5,0.5,0.12265842359528323,0.08748692280989258,0.3263604756607372,0.46349417793408687,13.959835324550124
140,28.01867911941294,1.4583333333333335,0.2,0.5,0.5,0.1247232041254418,0.0873152576129226,0.32909747375174847,0.4588640645098871,13.959835324550124
141,28.21881254169446,1.4583333333333335,0.2,0.5,0.5,0.126808305892874,0.0871431406668461,0.3318058812450458,0.45424267219523407,13.959835324550124
142,28.418945963975982,1.4583333333333335,0.2,0.5,0.5,0.128913511380677,0.08697063758167486,0.3344847830892563,0.4496310679483918,13.959835324550124
143,28.619079386257503,1.4583333333333335,0.2,0.5,0.5,0.13103859393959433,0.08679781624512195,0.3371332818088304,0.4450303080064532,13.959835324550124
144,28.819212808539024,1.4583333333333335,0.2,0.5,0.5,0.13318331783203638,0.0866247455739249,0.33975050436211696,0.4404414322319216,13.959835324550124
145,29.019346230820545,1.4583333333333335,0.2,0.5,0.5,0.13534743820805487,0.08645149555494692,0.34233560187346596,0.43586546436353213,13.959835324550124
146,29.219479653102066,1.4583333333333335,0.2,0.5,0.5,0.13753070109632423,0.08627813775396663,0.34488774686545304,0.43130341428425595,13.959835324550124
147,29.419613075383587,1.4583333333333335,0.2,0.5,0.5,0.1397328439716529,0.08610474425169903,0.3474061401582863,0.4267562716183616,13.959835324550124
148,29.61974649766511,1.4583333333333335,0.2,0.5,0.5,0.14195359527033488,0.08593138837048926,0.34989000596095543,0.42222501039822025,13.959835324550124
149,29.81987991994663,1.4583333333333335,0.2,0.5,0.5,0.14419267496544977,0.08575814412800349,0.3523385952783021,0.4177105856282445,13.959835324550124
150,30.02001334222815,1.4583333333333335,0.2,0.5,0.5,0.14644979487810467,0.08558508592965304,0.3547511878462206,0.41321393134602147,13.959835324550124
151,30.22014676450967,1.4583333333333335,0.2,0.5,0.5,0.14872465778160154,0.08541228937830983,0.35712708713978597,0.40873596570030246,13.959835324550124
152,30.420280186791192,1.4583333333333335,0.2,0.5,0.5,0.1510169582407523,0.08523983062899229,0.3594656242867727,0.40427758684348253,13.959835324550124
153,30.620413609072713,1.4583333333333335,0.2,0.5,0.5,0.15332638402301346,0.08506778544503739,0.36176616369660414,0.3998396668353449,13.959835324550124
154,30.820547031354234,1.4583333333333335,0.2,0.5,0.5,0.15565261406130518,0.08489623056002588,0.364028094938376,0.3954230604402928,13.959835324550124
155,31.020680453635755,1.4583333333333335,0.2,0.5,0.5,0.15799531923277715,0.0847252432248583,0.36625083535768416,0.3910286021846802,13.959835324550124
156,31.220813875917276,1.4583333333333335,0.2,0.5,0.5,0.1603541646788438,0.08455490032217947,0.3684338345300129,0.38665710046896373,13.959835324550124
157,31.420947298198797,1.4583333333333335,0.2,0.5,0.5,0.16272880761117386,0.08438527918153359,0.37057657021009827,0.3823093429971941,13.959835324550124
158,31.621080720480318,1.4583333333333335,0.2,0.5,0.5,0.16511889739917032,0.08421645754987447,0.3726785484587291,0.377986096592226,13.959835324550124
159,31.82121414276184,1.4583333333333335,0.2,0.5,0.5,0.16752407810847544,0.08404851282971672,0.3747393062403475,0.37368810282146014,13.959835324550124
160,32.021347565043364,1.4583333333333335,0.2,0.5,0.5,0.16994398744272773,0.08388152238616656,0.3767584104619201,0.36941607970918544,13.959835324550124
161,32.22148098732488,1.4583333333333335,0.2,0.5,0.5,0.17237825558477238,0.08371556388312432,0.37873545692048877,0.36517072361161435,13.959835324550124
162,32.421614409606406,1.4583333333333335,0.2,0.5,0.5,0.17482650727954432,0.0835507147450897,0.3806700712765361,0.36095270669882973,13.959835324550124
163,32.62174783188792,1.4583333333333335,0.2,0.5,0.5,0.1772883627868085,0.08338705192547964,0.38256190929786804,0.3567626759898437,13.959835324550124
164,32.82188125416945,1.4583333333333335,0.2,0.5,0.5,0.17976343522299967,0.08322465255302505,0.38441065617917675,0.3526012560447984,13.959835324550124
165,33.022014676450965,1.4583333333333335,0.2,0.5,0.5,0.18225133249334824,0.0830635935163049,0.38621602646115716,0.3484690475291896,13.959835324550124
166,33.22214809873249,1.4583333333333335,0.2,0.5,0.5,0.18475165995877207,0.08290395097510851,0.38797776302118053,0.3443666260449388,13.959835324550124
167,33.42228152101401,1.4583333333333335,0.2,0.5,0.5,0.18726401601995712,0.08274580116849233,0.38969563875561947,0.340294544055931,13.959835324550124
168,33.62241494329553,1.4583333333333335,0.2,0.5,0.5,0.1897879934194844,0.08258922017650738,0.39136945608377904,0.3362533303202291,13.959835324550124
169,33.82254836557705,1.4583333333333335,0.2,0.5,0.5,0.19232318048383895,0.0824342837122123,0.39299904602048447,0.3322434897834642,13.959835324550124
170,34.02268178785857,1.4583333333333335,0.2,0.5,0.5,0.19486916628357237,0.0822810662730643,0.3945842639575807,0.32826550348578254,13.959835324550124
171,34.22281521014009,1.4583333333333335,0.2,0.5,0.5,0.19742553338836233,0.08212964233237803,0.39612499558676645,0.3243198286924931,13.959835324550124
172,34.422948632421615,1.4583333333333335,0.2,0.5,0.5,0.19999185943829223,0.08198008608092265,0.39762115561505246,0.32040689886573254,13.959835324550124
173,34.62308205470313,1.4583333333333335,0.2,0.5,0.5,0.20256771832160764,0.0818324712618171,0.399072686447188,0.3165271239693871,13.959835324550124
174,34.82321547698466,1.4583333333333335,0.2,0.5,0.5,0.20515268530286174,0.08168687056671317,0.40047955102049615,0.31268089310992886,13.959835324550124
175,35.023348899266175,1.4583333333333335,0.2,0.5,0.5,0.20774633085433725,0.08154335636211896,0.40184174142375495,0.30886857135978874,13.959835324550124
176,35.2234823215477,1.4583333333333335,0.2,0.5,0.5,0.21034822132039038,0.08140200061117528,0.40315927796896245,0.3050905000994718,13.959835324550124
177,35.42361574382922,1.4583333333333335,0.2,0.5,0.5,0.21295792002723862,0.081262874755668,0.4044322074792447,0.30134699773784857,13.959835324550124
178,35.62374916611074,1.4583333333333335,0.2,0.5,0.5,0.21557499221662085,0.08112604932659714,0.4056605939580261,0.2976383644987558,13.959835324550124
179,35.82388258839226,1.4583333333333335,0.2,0.5,0.5,0.2181990000469623,0.08099159433875223,0.4068445280431225,0.29396487757116285,13.959835324550124
180,36.02401601067378,1.4583333333333335,0.2,0.5,0.5,0.22082950227416345,0.08085957931590891,0.4079841276104533,0.29032679079947427,13.959835324550124
181,36.2241494329553,1.4583333333333335,0.2,0.5,0.5,0.22346605542859685,0.08073007319986883,0.4090795354904847,0.2867243358810496,13.959835324550124
182,36.424282855236825,1.4583333333333335,0.2,0.5,0.5,0.22610821844510606,0.0806031440474064,0.41013090886465553,0.28315772864283195,13.959835324550124
183,36.62441627751834,1.4583333333333335,0.2,0.5,0.5,0.22875554894287842,0.08047885927376706,0.4111384277851732,0.2796271639981813,13.959835324550124
184,36.82454969979987,1.4583333333333335,0.2,0.5,0.5,0.23140760180144926,0.08035728574587396,0.4121022984362346,0.2761328140164422,13.959835324550124
185,37.024683122081385,1.4583333333333335,0.2,0.5,0.5,0.23406393052699498,0.08023848969407937,0.4130227499894635,0.27267482978946217,13.959835324550124
186,37.22481654436291,1.4583333333333335,0.2,0.5,0.5,0.236724091093011,0.08012253658780982,0.41390002414196536,0.26925334817721386,13.959835324550124
187,37.42494996664443,1.4583333333333335,0.2,0.5,0.5,0.2393876398827482,0.0800094912021867,0.41473438072109653,0.26586848819396863,13.959835324550124
188,37.62508338892595,1.4583333333333335,0.2,0.5,0.5,0.24205413121260808,0.07989941769821456,0.4155261044306991,0.2625203466584783,13.959835324550124
189,37.82521681120747,1.4583333333333335,0.2,0.5,0.5,0.2447231188763474,0.07979237957279102,0.4162755006445893,0.25920900090627225,13.959835324550124
190,38.02535023348899,1.4583333333333335,0.2,0.5,0.5,0.24739415905424855,0.07968843965513174,0.41698288622792296,0.25593451506269677,13.959835324550124
191,38.22548365577051,1.4583333333333335,0.2,0.5,0.5,0.2500668099094367,0.07958766010726634,0.4176485908108409,0.2526969391724561,13.959835324550124
192,38.425617078052035,1.4583333333333335,0.2,0.5,0.5,0.2527406281773151,0.07949010242822985,0.41827296754904253,0.24949630184541258,13.959835324550124
193,38.62575050033355,1.4583333333333335,0.2,0.5,0.5,0.2554151708732581,0.07939582745196404,0.418856387735891,0.2463326139388869,13.959835324550124
194,38.82588392261508,1.4583333333333335,0.2,0.5,0.5,0.25808999734785565,0.07930489538781794,0.41939923350013597,0.2432058737641904,13.959835324550124
195,39.026017344896594,1.4583333333333335,0.2,0.5,0.5,0.2607646702348106,0.0792173658392272,0.41990189443803055,0.24011606948793163,13.959835324550124
196,39.22615076717812,1.4583333333333335,0.2,0.5,0.5,0.2634387514070396,0.07913329772402496,0.42036478198130545,0.23706316888762993,13.959835324550124
197,39.426284189459636,1.4583333333333335,0.2,0.5,0.5,0.2661118037248258,0.07905274930889108,0.4207883231859808,0.23404712378030224,13.959835324550124
198,39.62641761174116,1.4583333333333335,0.2,0.5,0.5,0.2687833924215599,0.07897577827447361,0.4211729551943035,0.23106787410966287,13.959835324550124
199,39.82655103402268,1.4583333333333335,0.2,0.5,0.5,0.271453086843442,0.07890244179777936,0.4215191182717687,0.22812535308700985,13.959835324550124
200,40.0266844563042,1.4583333333333335,0.2,0.5,0.5,0.27412045637383425,0.07883279635915527,0.42182727211947774,0.2252194751475326,13.959835324550124
201,40.22681787858572,1.4583333333333335,0.2,0.5,0.5,0.27678507196772145,0.07876689781495892,0.422097889732617,0.22235014048470247,13.959835324550124
202,40.426951300867245,1.4583333333333335,0.2,0.5,0.5,0.2794465070803901,0.07870480146572827,0.42233145325770705,0.21951723819617439,13.959835324550124
203,40.62708472314876,1.4583333333333335,0.2,0.5,0.5,0.28210433974363586,0.078646562212986,0.4225284446533683,0.2167206533900097,13.959835324550124
204,40.82721814543029,1.4583333333333335,0.2,0.5,0.5,0.28475814886260653,0.07859223427956083,0.42268936234792776,0.21396025450990472,13.959835324550124
205,41.027351567711804,1.4583333333333335,0.2,0.5,0.5,0.2874075153932751,0.07854187129851546,0.42281471594288805,0.21123589736532122,13.959835324550124
206,41.22748498999333,1.4583333333333335,0.2,0.5,0.5,0.29005202298306626,0.07849552637422035,0.42290502305431316,0.20854742758840003,13.959835324550124
207,41.427618412274846,1.4583333333333335,0.2,0.5,0.5,0.2926912600571298,0.07845325229240169,0.4229607987830319,0.20589468886743642,13.959835324550124
208,41.62775183455637,1.4583333333333335,0.2,0.5,0.5,0.2953248167198624,0.07841510120818375,0.422982571353214,0.20327751071873973,13.959835324550124
209,41.82788525683789,1.4583333333333335,0.2,0.5,0.5,0.2979522855201965,0.07838112472313898,0.4229708782498141,0.20069571150685028,13.959835324550124
210,42.02801867911941,1.4583333333333335,0.2,0.5,0.5,0.3005732619223663,0.0783513739400511,0.4229262636613028,0.19814910047627962,13.959835324550124
211,42.22815210140093,1.4583333333333335,0.2,0.5,0.5,0.30318734617036197,0.07832589970173667,0.42284926781200755,0.19563748631589362,13.959835324550124
212,42.428285523682455,1.4583333333333335,0.2,0.5,0.5,0.30579414091870805,0.078304752287567,0.42274044051784526,0.1931606662758795,13.959835324550124
213,42.62841894596397,1.4583333333333335,0.2,0.5,0.5,0.30839325159061987,0.07828798145934524,0.4226003391370898,0.1907184278129449,13.959835324550124
214,42.8285523682455,1.4583333333333335,0.2,0.5,0.5,0.3109842867570341,0.07827563651323503,0.42242952629425173,0.18831055043547887,13.959835324550124
215,43.028685790527014,1.4583333333333335,0.2,0.5,0.5,0.31356685965195896,0.0782677665148021,0.4222285599075312,0.18593681392570746,13.959835324550124
216,43.22881921280854,1.4583333333333335,0.2,0.5,0.5,0.31614058653464944,0.07826442004497604,0.42199800396737075,0.1835969894530035,13.959835324550124
217,43.428952635090056,1.4583333333333335,0.2,0.5,0.5,0.31870508670126385,0.07826564520185848,0.4217384284597384,0.181290839637139,13.959835324550124
218,43.62908605737158,1.4583333333333335,0.2,0.5,0.5,0.32125998281585433,0.07827148965315002,0.42145040713346965,0.17901812039752577,13.959835324550124
219,43.8292194796531,1.4583333333333335,0.2,0.5,0.5,0.3238049020330639,0.0782820008362744,0.42113450881237696,0.17677858831828452,13.959835324550124
220,44.02935290193462,1.4583333333333335,0.2,0.5,0.5,0.3263394750081559,0.07829722578191323,0.4207913050560495,0.17457199415388114,13.959835324550124
221,44.22948632421614,1.4583333333333335,0.2,0.5,0.5,0.32886333565668546,0.07831721107116674,0.4204213720196064,0.17239808125254114,13.959835324550124
222,44.429619746497664,1.4583333333333335,0.2,0.5,0.5,0.33137612145432727,0.07834200288917553,0.4200252881135169,0.1702565875429801,13.959835324550124
223,44.62975316877918,1.4583333333333335,0.2,0.5,0.5,0.3338774741823001,0.07837164716929293,0.4196036269552191,0.1681472516931877,13.959835324550124
224,44.829886591060706,1.4583333333333335,0.2,0.5,0.5,0.3363670394502372,0.07840618950080332,0.41915696188063545,0.16606980916832384,13.959835324550124
225,45.030020013342224,1.4583333333333335,0.2,0.5,0.5,0.33884446631542886,0.0784456750552802,0.418685869544423,0.16402398908486776,13.959835324550124
226,45.23015343562375,1.4583333333333335,0.2,0.5,0.5,0.34130940754886285,0.07849014863803318,0.41819092740230207,0.16200951641080172,13.959835324550124
227,45.430286857905266,1.4583333333333335,0.2,0.5,0.5,0.3437615200629783,0.0785396547664464,0.41767270844355037,0.16002611672702474,13.959835324550124
228,45.63042028018679,1.4583333333333335,0.2,0.5,0.5,0.3462004647829189,0.07859423764640003,0.41713178277643986,0.15807351479424106,13.959835324550124
229,45.83055370246831,1.4583333333333335,0.2,0.5,0.5,0.3486259062383361,0.07865394109751347,0.41656872265489603,0.1561514300092542,13.959835324550124
230,46.03068712474983,1.4583333333333335,0.2,0.5,0.5,0.3510375127815548,0.07871880859310003,0.4159840997919438,0.1542595788334012,13.959835324550124
231,46.23082054703135,1.4583333333333335,0.2,0.5,0.5,0.35343495678507003,0.07878888327752442,0.41537848178436143,0.15239767815304386,13.959835324550124
232,46.430953969312874,1.4583333333333335,0.2,0.5,0.5,0.3558179146869124,0.07886420797018998,0.41475243129142714,0.1505654460514703,13.959835324550124
233,46.63108739159439,1.4583333333333335,0.2,0.5,0.5,0.3581860666616684,0.07894482513662511,0.41410651199051596,0.14876259621119034,13.959835324550124
234,46.831220813875916,1.4583333333333335,0.2,0.5,0.5,0.36053909676973545,0.07903077690160115,0.4134412858751085,0.1469888404535547,13.959835324550124
235,47.03135423615743,1.4583333333333335,0.2,0.5,0.5,0.3628766930211987,0.07912210502197166,0.41275731094439966,0.14524389101242977,13.959835324550124
236,47.23148765843896,1.4583333333333335,0.2,0.5,0.5,0.36519854743632674,0.07921885086065751,0.41205513900494023,0.14352746269807531,13.959835324550124
237,47.431621080720475,1.4583333333333335,0.2,0.5,0.5,0.3675043558814673,0.07932105545721693,0.4113353216340658,0.14183926702724978,13.959835324550124
238,47.631754503002,1.4583333333333335,0.2,0.5,0.5,0.36979381813402334,0.07942875949990377,0.4105984078187216,0.14017901454735104,13.959835324550124
239,47.83188792528352,1.4583333333333335,0.2,0.5,0.5,0.372066637881557,0.07954200327023701,0.4098449424846326,0.13854641636357312,13.959835324550124
240,48.03202134756504,1.4583333333333335,0.2,0.5,0.5,0.37432252271619076,0.07966082653578697,0.4090754637471628,0.13694118700085925,13.959835324550124
241,48.23215476984656,1.4583333333333335,0.2,0.5,0.5,0.376561184145432,0.07978526875745208,0.40829050822624,0.13536303887087564,13.959835324550124
242,48.432288192128084,1.4583333333333335,0.2,0.5,0.5,0.3787823375884984,0.07991536901908139,0.40749060924176034,0.13381168415065964,13.959835324550124
243,48.6324216144096,1.4583333333333335,0.2,0.5,0.5,0.38098570237157864,0.08005116601036873,0.4066762965262386,0.13228683509181377,13.959835324550124
244,48.832555036691126,1.4583333333333335,0.2,0.5,0.5,0.3831710015314681,0.08019269753429295,0.4058480903084182,0.1307882106258205,13.959835324550124
245,49.03268845897264,1.4583333333333335,0.2,0.5,0.5,0.38533796215800736,0.08034000136608786,0.4050065116308038,0.12931552484510073,13.959835324550124
246,49.23282188125417,1.4583333333333335,0.2,0.5,0.5,0.3874863151744237,0.0804931147022523,0.4041520757314363,0.1278684943918874,13.959835324550124
247,49.432955303535685,1.4583333333333335,0.2,0.5,0.5,0.38961579537902524,0.08065207426645442,0.40328529364994875,0.1264468367045714,13.959835324550124
248,49.63308872581721,1.4583333333333335,0.2,0.5,0.5,0.39172614130340927,0.08081691596172688,0.4024066700427249,0.12505027269213873,13.959835324550124
249,49.83322214809873,1.4583333333333335,0.2,0.5,0.5,0.39381709537319215,0.08098767526409775,0.4015167054928729,0.12367852386983699,13.959835324550124
250,50.03335557038025,1.4583333333333335,0.2,0.5,0.5,0.3958884038643456,0.08116438711528151,0.4006158957833433,0.12233131323702942,13.959835324550124
251,50.23348899266177,1.4583333333333335,0.2,0.5,0.5,0.3979398168767074,0.08134708585746565,0.39970473142524593,0.12100836584058082,13.959835324550124
252,50.433622414943294,1.4583333333333335,0.2,0.5,0.5,0.3999710883472121,0.0815358051471893,0.39878369795698254,0.11970940854861578,13.959835324550124
253,50.63375583722481,1.4583333333333335,0.2,0.5,0.5,0.40198197609189074,0.08173057779722477,0.39785327688859695,0.11843416922228732,13.959835324550124
254,50.833889259506336,1.4583333333333335,0.2,0.5,0.5,0.403972241707347,0.08193143597011883,0.39691394349465203,0.1171823788278819,13.959835324550124
255,51.03402268178785,1.4583333333333335,0.2,0.5,0.5,0.4059416505936393,0.08213841106791657,0.39596616732983114,0.11595377100861277,13.959835324550124
256,51.23415610406938,1.4583333333333335,0.2,0.5,0.5,0.4078899719492883,0.08235153369164211,0.3950104121193984,0.11474808223967105,13.959835324550124
257,51.4342895263509,1.4583333333333335,0.2,0.5,0.5,0.4098169786338347,0.08257083365781664,0.3940471373574972,0.11356505035085124,13.959835324550124
258,51.63442294863242,1.4583333333333335,0.2,0.5,0.5,0.4117224471019578,0.08279633998741447,0.39307679892726266,0.11240441398336483,13.959835324550124
259,51.834556370913944,1.4583333333333335,0.2,0.5,0.5,0.413606157614501,0.08302808078816379,0.3920998459357282,0.11126591566160686,13.959835324550124
260,52.03468979319546,1.4583333333333335,0.2,0.5,0.5,0.41546789411996965,0.0832660832637699,0.3911167220532252,0.11014930056303508,13.959835324550124
261,52.234823215476986,1.4583333333333335,0.2,0.5,0.5,0.41730744424242444,0.0835103736808455,0.3901278654736717,0.10905431660305824,13.959835324550124
262,52.4349566377585,1.4583333333333335,0.2,0.5,0.5,0.41912459975571303,0.08376097702630025,0.38913370922848367,0.1079807139895029,13.959835324550124
263,52.63509006004003,1.4583333333333335,0.2,0.5,0.5,0.42091915633645627,0.08401791712404269,0.3881346809611358,0.10692824557836508,13.959835324550124
264,52.835223482321545,1.4583333333333335,0.2,0.5,0.5,0.4226909132816934,0.08428121677418796,0.38713120267529405,0.10589666726882446,13.959835324550124
265,53.03535690460307,1.4583333333333335,0.2,0.5,0.5,0.4244396737010738,0.08455089759005971,0.38612369083781606,0.10488573787105025,13.959835324550124
266,53.23549032688459,1.4583333333333335,0.2,0.5,0.5,0.42616524452623056,0.08482697994106847,0.3851125563857376,0.10389521914696326,13.959835324550124
267,53.43562374916611,1.4583333333333335,0.2,0.5,0.5,0.4278674365719625,0.08510948271089877,0.38409820535731537,0.1029248753598232,13.959835324550124
268,53.63575717144763,1.4583333333333335,0.2,0.5,0.5,0.42954606449146804,0.08539842343338735,0.38308103824688333,0.10197447382826119,13.959835324550124
269,53.835890593729154,1.4583333333333335,0.2,0.5,0.5,0.4312009467809676,0.08569381825233721,0.38206144995461455,0.10104378501208053,13.959835324550124
270,54.03602401601067,1.4583333333333335,0.2,0.5,0.5,0.43283190579885916,0.0859956818295242,0.3810398299113369,0.10013258246027963,13.959835324550124
271,54.236157438292196,1.4583333333333335,0.2,0.5,0.5,0.43443876776675283,0.0863040272687023,0.38001656218666136,0.09924064277788341,13.959835324550124
272,54.43629086057371,1.4583333333333335,0.2,0.5,0.5,0.43602136274040626,0.08661886593523992,0.3789920261125273,0.09836774521182638,13.959835324550124
273,54.63642428285524,1.4583333333333335,0.2,0.5,0.5,0.4375795246640408,0.08694020756488044,0.37796659547893313,0.09751367229214546,13.959835324550124
274,54.836557705136755,1.4583333333333335,0.2,0.5,0.5,0.4391130913665454,0.08726806017099878,0.37694063872477707,0.0966782097376786,13.959835324550124
275,55.03669112741828,1.4583333333333335,0.2,0.5,0.5,0.4406219045639197,0.08760242997348941,0.375914519021872,0.09586114644071872,13.959835324550124
276,55.2368245496998,1.4583333333333335,0.2,0.5,0.5,0.4421058100504437,0.08794332122180662,0.3748885943417947,0.09506227438595481,13.959835324550124
277,55.43695797198132,1.4583333333333335,0.2,0.5,0.5,0.4435646580647098,0.08829073590474988,0.3738632175710313,0.09428138845950888,13.959835324550124
278,55.63709139426284,1.4583333333333335,0.2,0.5,0.5,0.4449983026670263,0.08864467410056778,0.37283873635306114,0.09351828687934463,13.959835324550124
279,55.837224816544364,1.4583333333333335,0.2,0.5,0.5,0.44640660199429394,0.08900513375873713,0.37181549317280105,0.09277277107416773,13.959835324550124
280,56.03735823882588,1.4583333333333335,0.2,0.5,0.5,0.447789418304181,0.08937211061820924,0.37079382538285377,0.09204464569475587,13.959835324550124
281,56.237491661107406,1.4583333333333335,0.2,0.5,0.5,0.4491466181533062,0.08974559801273105,0.36977406540910185,0.09133371842486075,13.959835324550124
282,56.43762508338892,1.4583333333333335,0.2,0.5,0.5,0.4504780724708943,0.09012558676189868,0.3687565408292119,0.09063979993799502,13.959835324550124
283,56.63775850567045,1.4583333333333335,0.2,0.5,0.5,0.45178365635535717,0.09051206528946812,0.36774157411425085,0.0899627042409238,13.959835324550124
284,56.837891927951965,1.4583333333333335,0.2,0.5,0.5,0.4530632492212807,0.0909050194542624,0.3667294827963515,0.08930224852810525,13.959835324550124
285,57.03802535023349,1.4583333333333335,0.2,0.5,0.5,0.45431673484022267,0.09130443246890096,0.3657205795048545,0.08865825318602175,13.959835324550124
286,57.23815877251501,1.4583333333333335,0.2,0.5,0.5,0.4555440016519509,0.0917102846461508,0.3647151721669381,0.08803054153496002,13.959835324550124
287,57.43829219479653,1.4583333333333335,0.2,0.5,0.5,0.45674494265468785,0.09212255341372655,0.3637135639518292,0.08741893997975626,13.959835324550124
288,57.63842561707805,1.4583333333333335,0.2,0.5,0.5,0.45791945531388834,0.09254121331727183,0.3627160532263034,0.08682327814253625,13.959835324550124
289,57.83855903935957,1.4583333333333335,0.2,0.5,0.5,0.45906744170778174,0.09296623587236809,0.361722933654392,0.08624338876545799,13.959835324550124
290,58.03869246164109,1.4583333333333335,0.2,0.5,0.5,0.46018880861255523,0.09339758946077328,0.3607344942424299,0.08567910768424138,13.959835324550124
291,58.238825883922615,1.4583333333333335,0.2,0.5,0.5,0.4612834680205106,0.09383523901862348,0.35975101943575444,0.08513027352511125,13.959835324550124
292,58.43895930620413,1.4583333333333335,0.2,0.5,0.5,0.4623513366783087,0.09427914619546847,0.35877278909850646,0.08459672802771619,13.959835324550124
293,58.63909272848566,1.4583333333333335,0.2,0.5,0.5,0.46339233616098296,0.09472926925587782,0.3578000785573458,0.08407831602579317,13.959835324550124
294,58.839226150767175,1.4583333333333335,0.2,0.5,0.5,0.4644063930291764,0.09518556294105925,0.3568331586550946,0.08357488537466957,13.959835324550124
295,59.0393595730487,1.4583333333333335,0.2,0.5,0.5,0.4653934388897784,0.09564797837689197,0.35587229579285634,0.08308628694047307,13.959835324550124
296,59.23949299533022,1.4583333333333335,0.2,0.5,0.5,0.4663534106889005,0.09611646289474697,0.3549177519950908,0.08261237442126157,13.959835324550124
297,59.43962641761174,1.4583333333333335,0.2,0.5,0.5,0.4672862512278863,0.09659095976858718,0.35396978499672227,0.08215300400680405,13.959835324550124
298,59.63975983989326,1.4583333333333335,0.2,0.5,0.5,0.46819190833659363,0.09707140845608682,0.3530286481975915,0.08170803500972794,13.959835324550124
299,59.83989326217478,1.4583333333333335,0.2,0.5,0.5,0.46907033528022984,0.09755774437671239,0.35209459073877797,0.08127732960427966,13.959835324550124
300,60.0400266844563,1.4583333333333335,0.2,0.5,0.5,0.4699214908653804,0.09804989880271735,0.3511678575492045,0.08086075278269769,13.959835324550124
301,60.240160106737825,1.4583333333333335,0.2,0.5,0.5,0.47074533952041336,0.09854779876043986,0.35024868938896947,0.08045817233017724,13.959835324550124
302,60.44029352901934,1.4583333333333335,0.2,0.5,0.5,0.4715418518699767,0.0990513668768489,0.3493373228002079,0.08006945845296637,13.959835324550124
303,60.64042695130087,1.4583333333333335,0.2,0.5,0.5,0.4723110045753977,0.0995605213074376,0.348433990195342,0.07969448392182263,13.959835324550124
304,60.840560373582385,1.4583333333333335,0.2,0.5,0.5,0.47305278006308016,0.1000751756765275,0.34753891996629344,0.0793331242940988,13.959835324550124
305,61.04069379586391,1.4583333333333335,0.2,0.5,0.5,0.4737671668522283,0.1005952389511605,0.3466523364815291,0.078985257715082,13.959835324550124
306,61.24082721814543,1.4583333333333335,0.2,0.5,0.5,0.47445415964806836,0.10112061534097604,0.3457744601269949,0.07865076488396053,13.959835324550124
307,61.44096064042695,1.4583333333333335,0.2,0.5,0.5,0.47511375950444,0.1016512042148975,0.34490550731644776,0.07832952896421463,13.959835324550124
308,61.64109406270847,1.4583333333333335,0.2,0.5,0.5,0.47574597444952627,0.10218690013004174,0.34404569029747617,0.07802143512295573,13.959835324550124
309,61.84122748498999,1.4583333333333335,0.2,0.5,0.5,0.4763508189106406,0.10272759256962787,0.3431952174873105,0.0777263710324209,13.959835324550124
310,62.04136090727151,1.4583333333333335,0.2,0.5,0.5,0.4769283139285009,0.1032731658721866,0.34235429346035523,0.07744422673895715,13.959835324550124
311,62.241494329553035,1.4583333333333335,0.2,0.5,0.5,0.4774784873468731,0.1038234991548018,0.34152311894658666,0.07717489455173832,13.959835324550124
312,62.44162775183455,1.4583333333333335,0.2,0.5,0.5,0.4780013739196346,0.10437846621634159,0.3407018908663808,0.07691826899764291,13.959835324550124
313,62.64176117411608,1.4583333333333335,0.2,0.5,0.5,0.4784970155825938,0.10493793563387922,0.3398908022146568,0.07667424656887017,13.959835324550124
314,62.841894596397594,1.4583333333333335,0.2,0.5,0.5,0.478965461731111,0.10550177086591588,0.3390900419397144,0.07644272546325867,13.959835324550124
315,63.04202801867912,1.4583333333333335,0.2,0.5,0.5,0.4794067688821177,0.10606982963376384,0.3382997953850946,0.0762236060990239,13.959835324550124
316,63.242161440960636,1.4583333333333335,0.2,0.5,0.5,0.479821000979728,0.10664196405759034,0.33752024414281667,0.07601679081986494,13.959835324550124
317,63.44229486324216,1.4583333333333335,0.2,0.5,0.5,0.48020822951834563,0.10721802057846148,0.3367515660735334,0.07582218382965944,13.959835324550124
318,63.64242828552368,1.4583333333333335,0.2,0.5,0.5,0.48056853366245017,0.10779783988757115,0.335993935323993,0.07563969112598563,13.959835324550124
319,63.8425617078052,1.4583333333333335,0.2,0.5,0.5,0.4809020005236491,0.10838125754974841,0.33524752193702084,0.0754692199895816,13.959835324550124
320,64.04269513008673,1.4583333333333335,0.2,0.5,0.5,0.4812087251577282,0.1089681033908459,0.33451249218699536,0.07531067926443048,13.959835324550124
321,64.24282855236824,1.4583333333333335,0.2,0.5,0.5,0.48148881062360716,0.1095582011584205,0.33378900875492534,0.075163979463047,13.959835324550124
322,64.44296197464976,1.4583333333333335,0.2,0.5,0.5,0.48174236815967325,0.1101513687006021,0.33307723059939537,0.07502903254032922,13.959835324550124
323,64.64309539693129,1.4583333333333335,0.2,0.5,0.5,0.4819695173046019,0.11074741789988668,0.3323773129713501,0.07490575182416127,13.959835324550124
324,64.84322881921281,1.4583333333333335,0.2,0.5,0.5,0.48217038598952994,0.11134615488767566,0.33168940730131385,0.07479405182148047,13.959835324550124
325,65.04336224149432,1.4583333333333335,0.2,0.5,0.5,0.48234511052956297,0.11194738124537634,0.33101366063834303,0.07469384758671757,13.959835324550124
326,65.24349566377585,1.4583333333333335,0.2,0.5,0.5,0.4824938359504084,0.11255089192116756,0.33035021658129476,0.07460505554712919,13.959835324550124
327,65.44362908605737,1.4583333333333335,0.2,0.5,0.5,0.4826167160502942,0.1131564757410451,0.32969921503132243,0.07452759317733818,13.959835324550124
328,65.6437625083389,1.4583333333333335,0.2,0.5,0.5,0.48271391350205445,0.11376391552622289,0.3290607921232325,0.07446137884849006,13.959835324550124
329,65.8438959306204,1.4583333333333335,0.2,0.5,0.5,0.4827855999715635,0.1143729880503066,0.3284350802296452,0.07440633174848466,13.959835324550124
330,66.04402935290193,1.4583333333333335,0.2,0.5,0.5,0.4828319562361709,0.11498346399646768,0.32782220796515404,0.0743623718022073,13.959835324550124
331,66.24416277518345,1.4583333333333335,0.2,0.5,0.5,0.4828531718090214,0.11559510974421705,0.3272222995263292,0.07432941892043228,13.959835324550124
332,66.44429619746498,1.4583333333333335,0.2,0.5,0.5,0.482849444983952,0.11620768759887212,0.32663547459703296,0.07430739282014284,13.959835324550124
333,66.64442961974649,1.4583333333333335,0.2,0.5,0.5,0.4828209838284192,0.11682095251067193,0.326061849528018,0.07429621413289078,13.959835324550124
334,66.84456304202801,1.4583333333333335,0.2,0.5,0.5,0.48276800583734786,0.11743465375221221,0.32550153671662074,0.07429580369381909,13.959835324550124
335,67.04469646430954,1.4583333333333335,0.2,0.5,0.5,0.48269073803507373,0.11804853493668513,0.32495464458875434,0.07430608243948673,13.959835324550124
336,67.24482988659106,1.4583333333333335,0.2,0.5,0.5,0.48258941708022873,0.11866233402522378,0.3244212775848564,0.074326971309691,13.959835324550124
337,67.44496330887257,1.4583333333333335,0.2,0.5,0.5,0.48246428927615215,0.1192757835507801,0.32390153608167155,0.0743583910913961,13.959835324550124
338,67.6450967311541,1.4583333333333335,0.2,0.5,0.5,0.48231560900331566,0.11988861445873483,0.32339551524228516,0.07440026129566424,13.959835324550124
339,67.84523015343562,1.4583333333333335,0.2,0.5,0.5,0.4821436406613173,0.1205005519036025,0.322903306249813,0.07445250118526706,13.959835324550124
340,68.04536357571715,1.4583333333333335,0.2,0.5,0.5,0.4819486588284744,0.12111131513098608,0.3224249963305061,0.07451502971003338,13.959835324550124
341,68.24549699799866,1.4583333333333335,0.2,0.5,0.5,0.4817309479010848,0.12172061855212755,0.3219606684234524,0.07458776512333519,13.959835324550124
342,68.44563042028018,1.4583333333333335,0.2,0.5,0.5,0.48149080217046136,0.1223281718150861,0.32151040114760926,0.07467062486684317,13.959835324550124
343,68.6457638425617,1.4583333333333335,0.2,0.5,0.5,0.4812285258999664,0.12293367987591586,0.3210742687688355,0.07476352545528211,13.959835324550124
344,68.84589726484323,1.4583333333333335,0.2,0.5,0.5,0.4809444327531116,0.12353684425156158,0.32065234088738603,0.07486638210794055,13.959835324550124
345,69.04603068712474,1.4583333333333335,0.2,0.5,0.5,0.480638844173989,0.12413736618057164,0.3202446816741104,0.07497910797132873,13.959835324550124
346,69.24616410940627,1.4583333333333335,0.2,0.5,0.5,0.48031209235689154,0.1247349414268421,0.3198513510835037,0.07510161513276244,13.959835324550124
347,69.44629753168779,1.4583333333333335,0.2,0.5,0.5,0.4799645192868265,0.1253292622383119,0.3194724043742441,0.07523381410061727,13.959835324550124
348,69.64643095396931,1.4583333333333335,0.2,0.5,0.5,0.47959647663081384,0.12592001775636838,0.31910789199621664,0.0753756136166009,13.959835324550124
349,69.84656437625083,1.4583333333333335,0.2,0.5,0.5,0.4792083256995037,0.12650689426796755,0.31875785951857327,0.07552692051395526,13.959835324550124
350,70.04669779853235,1.4583333333333335,0.2,0.5,0.5,0.47880043624304763,0.12708957693510886,0.31842234729289537,0.07568763952894793,13.959835324550124
351,70.24683122081387,1.4583333333333335,0.2,0.5,0.5,0.478373187550195,0.12766774860542388,0.31810139063972853,0.0758576732046524,13.959835324550124
352,70.4469646430954,1.4583333333333335,0.2,0.5,0.5,0.4779269686351623,0.12824108977883378,0.31779501982782765,0.07603692175817608,13.959835324550124
353,70.64709806537691,1.4583333333333335,0.2,0.5,0.5,0.47746217789655726,0.12880927924327407,0.31750325993343487,0.07622528292673364,13.959835324550124
354,70.84723148765843,1.4583333333333335,0.2,0.5,0.5,0.4769792230961622,0.12937199430506027,0.31722613077224027,0.07642265182653711,13.959835324550124
355,71.04736490993996,1.4583333333333335,0.2,0.5,0.5,0.4764785201255668,0.12992891253833566,0.31696364668214155,0.07662892065395586,13.959835324550124
356,71.24749833222148,1.4583333333333335,0.2,0.5,0.5,0.4759604920769526,0.1304797131533522,0.3167158163434408,0.07684397842625433,13.959835324550124
357,71.44763175450299,1.4583333333333335,0.2,0.5,0.5,0.47542557197203655,0.13102407378030184,0.3164826430493179,0.07706771119834367,13.959835324550124
358,71.64776517678452,1.4583333333333335,0.2,0.5,0.5,0.4748742014505505,0.13156167231670698,0.31626412447897007,0.07730000175377241,13.959835324550124
359,71.84789859906604,1.4583333333333335,0.2,0.5,0.5,0.47430683065405277,0.13209218727680594,0.316060252617883,0.0775407294512582,13.959835324550124
360,72.04803202134757,1.4583333333333335,0.2,0.5,0.5,0.4737239178288124,0.13261529840780592,0.31587101366523407,0.07778977009814744,13.959835324550124
361,72.24816544362908,1.4583333333333335,0.2,0.5,0.5,0.4731259268642879,0.13313068932047634,0.3156963878331641,0.07804699598207152,13.959835324550124
362,72.4482988659106,1.4583333333333335,0.2,0.5,0.5,0.4725133301002908,0.1336380449788314,0.3155363494220172,0.07831227549886056,13.959835324550124
363,72.64843228819213,1.4583333333333335,0.2,0.5,0.5,0.4718866077200396,0.13413705252112468,0.31539086671675304,0.07858547304208255,13.959835324550124
364,72.84856571047365,1.4583333333333335,0.2,0.5,0.5,0.47124624723337577,0.13462740199286868,0.3152599018880823,0.07886644888567312,13.959835324550124
365,73.04869913275516,1.4583333333333335,0.2,0.5,0.5,0.4705927433151267,0.13510878673273816,0.31514341091233816,0.07915505903979683,13.959835324550124
366,73.24883255503669,1.4583333333333335,0.2,0.5,0.5,0.46992659576325396,0.13558090522171468,0.3150413434788287,0.07945115553620255,13.959835324550124
367,73.44896597731821,1.4583333333333335,0.2,0.5,0.5,0.46924830990675254,0.13604346102575995,0.31495364291350086,0.07975458615398653,13.959835324550124
368,73.64909939959973,1.4583333333333335,0.2,0.5,0.5,0.46855839813172306,0.1364961618682931,0.31488024611005017,0.08006519388993355,13.959835324550124
369,73.84923282188124,1.4583333333333335,0.2,0.5,0.5,0.467857378647109,0.13693872085084466,0.31482108344265014,0.08038281705939607,13.959835324550124
370,74.04936624416277,1.4583333333333335,0.2,0.5,0.5,0.46714577525606105,0.13737085689110073,0.31477607868537805,0.08070728916746003,13.959835324550124
371,74.2494996664443,1.4583333333333335,0.2,0.5,0.5,0.46642411641423703,0.1377922954685997,0.3147451490707074,0.08103843904645576,13.959835324550124
372,74.44963308872582,1.4583333333333335,0.2,0.5,0.5,0.4656929327913357,0.13820277001621042,0.3147282056399097,0.081376091552544,13.959835324550124
373,74.64976651100733,1.4583333333333335,0.2,0.5,0.5,0.46495276059661345,0.13860202082473322,0.31472515246932553,0.08172006610932762,13.959835324550124
374,74.84989993328885,1.4583333333333335,0.2,0.5,0.5,0.46420414015279166,0.13898979599758818,0.3147358868233261,0.08207017702629393,13.959835324550124
375,75.05003335557038,1.4583333333333335,0.2,0.5,0.5,0.4634476154091845,0.1393658520002758,0.3147602991241022,0.08242623346643728,13.959835324550124
376,75.2501667778519,1.4583333333333335,0.2,0.5,0.5,0.46268373356102854,0.13972995413253325,0.31479827290963514,0.08278803939680288,13.959835324550124
377,75.45030020013341,1.4583333333333335,0.2,0.5,0.5,0.46191304249951326,0.14008187702988512,0.31484968547083986,0.08315539499976156,13.959835324550124
378,75.65043362241494,1.4583333333333335,0.2,0.5,0.5,0.46113609235430986,0.14042140510973955,0.31491440720741304,0.08352809532853732,13.959835324550124
379,75.85056704469646,1.4583333333333335,0.2,0.5,0.5,0.4603534356863178,0.14074833303577425,0.31499230140627626,0.08390592987163145,13.959835324550124
380,76.05070046697799,1.4583333333333335,0.2,0.5,0.5,0.45956562646444693,0.1410624661987995,0.3150832244007178,0.08428868293603556,13.959835324550124
381,76.2508338892595,1.4583333333333335,0.2,0.5,0.5,0.4587732196933847,0.14136362118879975,0.3151870255257218,0.08467613359209347,13.959835324550124
382,76.45096731154102,1.4583333333333335,0.2,0.5,0.5,0.45797677014260957,0.1416516256710663,0.3153035475905745,0.08506805659574948,13.959835324550124
383,76.65110073382255,1.4583333333333335,0.2,0.5,0.5,0.4571768310723333,0.14192631826029317,0.31543262735323735,0.08546422331413601,13.959835324550124
384,76.85123415610407,1.4583333333333335,0.2,0.5,0.5,0.4563739561842805,0.14218755053286808,0.3155740941386688,0.08586439914418235,13.959835324550124
385,77.0513675783856,1.4583333333333335,0.2,0.5,0.5,0.45556869820624035,0.14243518680722095,0.3157277703945752,0.08626834459196331,13.959835324550124
386,77.2515010006671,1.4583333333333335,0.2,0.5,0.5,0.4547616084322008,0.1426691045577616,0.31589347169717635,0.08667581531286105,13.959835324550124
387,77.45163442294863,1.4583333333333335,0.2,0.5,0.5,0.45395323614801303,0.1428891945557445,0.31607100690012563,0.08708656239611665,13.959835324550124
388,77.65176784523015,1.4583333333333335,0.2,0.5,0.5,0.45314412686233924,0.1430953586096682,0.3162601796013297,0.08750033492666272,13.959835324550124
389,77.85190126751168,1.4583333333333335,0.2,0.5,0.5,0.4523348234402285,0.14328751313773352,0.3164607864078591,0.08791687701417869,13.959835324550124
390,78.05203468979319,1.4583333333333335,0.2,0.5,0.5,0.45152586545918,0.1434655891688634,0.31667261716164585,0.08833592821031057,13.959835324550124
391,78.25216811207471,1.4583333333333335,0.2,0.5,0.5,0.45071778851913463,0.14362953225115446,0.3168954552160021,0.08875722401370864,13.959835324550124
392,78.45230153435624,1.4583333333333335,0.2,0.5,0.5,0.44991112377615533,0.14377930280948814,0.3171290774654945,0.08918049594886189,13.959835324550124
393,78.65243495663776,1.4583333333333335,0.2,0.5,0.5,0.44910639712843475,0.14391487356577587,0.317373255612856,0.08960547369293323,13.959835324550124
394,78.85256837891927,1.4583333333333335,0.2,0.5,0.5,0.44830412880535486,0.14403623036445573,0.3176277560018161,0.09003188482837321,13.959835324550124
395,79.0527018012008,1.4583333333333335,0.2,0.5,0.5,0.44750483327834883,0.14414337571679106,0.31789233830493907,0.09045945269992095,13.959835324550124
396,79.25283522348232,1.4583333333333335,0.2,0.5,0.5,0.4467090185704883,0.14423632726519484,0.31816675635083425,0.09088789781348254,13.959835324550124
397,79.45296864576385,1.4583333333333335,0.2,0.5,0.5,0.4459171857764334,0.14431511802484492,0.3184507582028808,0.09131693799584077,13.959835324550124
398,79.65310206804536,1.4583333333333335,0.2,0.5,0.5,0.445129828691979,0.14437979540455612,0.3187440866801421,0.09174628922332273,13.959835324550124
399,79.85323549032688,1.4583333333333335,0.2,0.5,0.5,0.4443474337344852,0.14443041698758763,0.3190464810519283,0.09217566822599882,13.959835324550124
400,80.0533689126084,1.4583333333333335,0.2,0.5,0.5,0.44357047885232054,0.14446705757347958,0.3193576746532782,0.09260478892092162,13.959835324550124
401,80.25350233488993,1.4583333333333335,0.2,0.5,0.5,0.44279943323659166,0.14448980728350508,0.3196773957374661,0.09303336374243712,13.959835324550124
402,80.45363575717144,1.4583333333333335,0.2,0.5,0.5,0.4420347568913143,0.1444987712428975,0.32000536775735366,0.09346110410843453,13.959835324550124
403,80.65376917945296,1.4583333333333335,0.2,0.5,0.5,0.4412769002007196,0.14449406954002486,0.32034130954083295,0.09388772071842258,13.959835324550124
404,80.85390260173449,1.4583333333333335,0.2,0.5,0.5,0.44052630482358873,0.1444758319276745,0.32068493715356655,0.09431292609517021,13.959835324550124
405,81.05403602401601,1.4583333333333335,0.2,0.5,0.5,0.4397834022038401,0.14444420196911287,0.32103596273082674,0.09473643309622025,13.959835324550124
406,81.25416944629752,1.4583333333333335,0.2,0.5,0.5,0.43904861268112405,0.14439933880682324,0.3213940940722358,0.09515795443981691,13.959835324550124
407,81.45430286857905,1.4583333333333335,0.2,0.5,0.5,0.4383223455024512,0.14434141536120754,0.3217590353821579,0.09557720375418334,13.959835324550124
408,81.65443629086057,1.4583333333333335,0.2,0.5,0.5,0.4376049983969323,0.14427061826031012,0.3221304874545932,0.09599389588816434,13.959835324550124
409,81.8545697131421,1.4583333333333335,0.2,0.5,0.5,0.43689695816054835,0.14418714532926175,0.32250814855260873,0.0964077479575811,13.959835324550124
410,82.05470313542361,1.4583333333333335,0.2,0.5,0.5,0.43619860152898227,0.14409120238375447,0.32289171548585194,0.09681848060141125,13.959835324550124
411,82.25483655770513,1.4583333333333335,0.2,0.5,0.5,0.4355102917954415,0.14398301030380914,0.3232808817621515,0.09722581613859792,13.959835324550124
412,82.45496997998666,1.4583333333333335,0.2,0.5,0.5,0.4348323796557735,0.14386280189421383,0.32367533864597176,0.09762947980404092,13.959835324550124
413,82.65510340226818,1.4583333333333335,0.2,0.5,0.5,0.4341652029069048,0.14373082151538438,0.3240747754283677,0.09802920014934313,13.959835324550124
414,82.85523682454969,1.4583333333333335,0.2,0.5,0.5,0.4335090863777973,0.1435873243769331,0.32447887977591927,0.09842470946935039,13.959835324550124
415,83.05537024683122,1.4583333333333335,0.2,0.5,0.5,0.4328643447199942,0.14343257115232985,0.3248873392422962,0.09881574488537982,13.959835324550124
416,83.25550366911274,1.4583333333333335,0.2,0.5,0.5,0.43223127856603505,0.14326683344516544,0.32529984008338203,0.09920204790541748,13.959835324550124
417,83.45563709139427,1.4583333333333335,0.2,0.5,0.5,0.4316101744942592,0.14309039302733856,0.32571606761997074,0.09958336485843157,13.959835324550124
418,83.65577051367578,1.4583333333333335,0.2,0.5,0.5,0.43100130534100045,0.14290354050883614,0.326135706741702,0.09995944740846147,13.959835324550124
419,83.8559039359573,1.4583333333333335,0.2,0.5,0.5,0.43040492993337787,0.14270657495554387,0.32655844217542784,0.10033005293565044,13.959835324550124
420,84.05603735823883,1.4583333333333335,0.2,0.5,0.5,0.42982129525075785,0.1424998008874054,0.3269839592632546,0.10069494459858222,13.959835324550124
421,84.25617078052035,1.4583333333333335,0.2,0.5,0.5,0.4292506361734527,0.1422835278790735,0.3274119442342475,0.1010538917132263,13.959835324550124
422,84.45630420280186,1.4583333333333335,0.2,0.5,0.5,0.4286931720398109,0.14205807360314518,0.32784208380635116,0.10140667055069284,13.959835324550124
423,84.65643762508338,1.4583333333333335,0.2,0.5,0.5,0.4281491081534923,0.14182376153394913,0.3282740658271452,0.10175306448541345,13.959835324550124
424,84.85657104736491,1.4583333333333335,0.2,0.5,0.5,0.42761863562061747,0.14158092045279214,0.32870757956411095,0.1020928643624795,13.959835324550124
425,85.05670446964643,1.4583333333333335,0.2,0.5,0.5,0.42710193198167107,0.141329883478136,0.32914231602716737,0.1024258685130256,13.959835324550124
426,85.25683789192794,1.4583333333333335,0.2,0.5,0.5,0.4265991644651696,0.14107098552723688,0.3295779683981374,0.1027518816094562,13.959835324550124
427,85.45697131420947,1.4583333333333335,0.2,0.5,0.5,0.4261104848698366,0.1408045657862455,0.3300142321187765,0.10307071722514145,13.959835324550124
428,85.657104736491,1.4583333333333335,0.2,0.5,0.5,0.4256360308355966,0.14053096635803244,0.33045080523937415,0.1033821975669969,13.959835324550124
429,85.85723815877252,1.4583333333333335,0.2,0.5,0.5,0.42517592614143623,0.1402505314922145,0.3308873887276654,0.10368615363868401,13.959835324550124
430,86.05737158105403,1.4583333333333335,0.2,0.5,0.5,0.4247302807083117,0.139963607019333,0.33132368675574864,0.10398242551660677,13.959835324550124
431,86.25750500333555,1.4583333333333335,0.2,0.5,0.5,0.4242991938251396,0.1396705393825718,0.3317594065693737,0.10427086022291505,13.959835324550124
432,86.45763842561708,1.4583333333333335,0.2,0.5,0.5,0.42388275188556546,0.1393716753549039,0.3321942590684934,0.10455131369103736,13.959835324550124
433,86.6577718478986,1.4583333333333335,0.2,0.5,0.5,0.42348102699011875,0.1390673616481787,0.33262795927568434,0.10482365208601839,13.959835324550124
434,86.85790527018011,1.4583333333333335,0.2,0.5,0.5,0.4230940781622533,0.13875794419581858,0.33306022646587286,0.10508775117605548,13.959835324550124
435,87.05803869246164,1.4583333333333335,0.2,0.5,0.5,0.42272195139609126,0.1384437675813984,0.33349078444744357,0.105343496575067,13.959835324550124
436,87.25817211474316,1.4583333333333335,0.2,0.5,0.5,0.4223646809222443,0.1381251749533393,0.33391936144238454,0.10559078268203213,13.959835324550124
437,87.45830553702469,1.4583333333333335,0.2,0.5,0.5,0.4220222912031139,0.13780250823072526,0.33434568972630513,0.10582951083985596,13.959835324550124
438,87.6584389593062,1.4583333333333335,0.2,0.5,0.5,0.4216947929597724,0.13747610592722354,0.33476950723311916,0.10605959387988517,13.959835324550124
439,87.85857238158772,1.4583333333333335,0.2,0.5,0.5,0.4213821848697885,0.1371463032381842,0.3351905572929845,0.10628095459904302,13.959835324550124
440,88.05870580386924,1.4583333333333335,0.2,0.5,0.5,0.42108445380326487,0.13681343154436432,0.33560858885142947,0.10649352580094162,13.959835324550124
441,88.25883922615077,1.4583333333333335,0.2,0.5,0.5,0.42080157515205857,0.13647781807832643,0.3360233566063179,0.10669725016329734,13.959835324550124
442,88.45897264843228,1.4583333333333335,0.2,0.5,0.5,0.4205335154861137,0.13613978804823637,0.3364346197515582,0.106892076714092,13.959835324550124
443,88.6591060707138,1.4583333333333335,0.2,0.5,0.5,0.42028023004866916,0.1357996613115808,0.33684214381080996,0.1070779648289404,13.959835324550124
444,88.85923949299533,1.4583333333333335,0.2,0.5,0.5,0.42004166299632817,0.13545775194742252,0.3372457008278246,0.10725488422842502,13.959835324550124
445,89.05937291527685,1.4583333333333335,0.2,0.5,0.5,0.41981774812027456,0.1351143683367412,0.3376450692687207,0.1074228142742639,13.959835324550124
446,89.25950633755836,1.4583333333333335,0.2,0.5,0.5,0.41960840905625224,0.13476981270291438,0.3380400342303394,0.10758174401049429,13.959835324550124
447,89.45963975983989,1.4583333333333335,0.2,0.5,0.5,0.4194135605858299,0.1344243828705,0.3384303865215498,0.10773167002212067,13.959835324550124
448,89.65977318212141,1.4583333333333335,0.2,0.5,0.5,0.41923310905174216,0.13407837222316565,0.33881592265951177,0.10787259606558072,13.959835324550124
449,89.85990660440294,1.4583333333333335,0.2,0.5,0.5,0.41906695087800766,0.13373206580911573,0.3391964468232773,0.1080045364895995,13.959835324550124
450,90.06004002668445,1.4583333333333335,0.2,0.5,0.5,0.4189149736749011,0.133385741700862,0.3395717701378211,0.10812751448641608,13.959835324550124
451,90.26017344896597,1.4583333333333335,0.2,0.5,0.5,0.4187770565019464,0.13303967064346822,0.3399417108276446,0.10824156202694099,13.959835324550124
452,90.4603068712475,1.4583333333333335,0.2,0.5,0.5,0.41865307031272775,0.1326941164313362,0.3403060940111724,0.10834671924476381,13.959835324550124
453,90.66044029352902,1.4583333333333335,0.2,0.5,0.5,0.41854287914614713,0.13234933925337794,0.3406647500312295,0.10844303156924562,13.959835324550124
454,90.86057371581053,1.4583333333333335,0.2,0.5,0.5,0.4184463391002437,0.13200559022012776,0.3410175171343188,0.10853055354530987,13.959835324550124
455,91.06070713809206,1.4583333333333335,0.2,0.5,0.5,0.4183632989305082,0.131663112350964,0.34136424096396895,0.10860934775455901,13.959835324550124
456,91.26084056037358,1.4583333333333335,0.2,0.5,0.5,0.4182936004458578,0.13132214075668938,0.34170477445090564,0.10867948434654731,13.959835324550124
457,91.4609739826551,1.4583333333333335,0.2,0.5,0.5,0.4182370788005083,0.13098290243518307,0.3420389778938313,0.10874104087047753,13.959835324550124
458,91.66110740493662,1.4583333333333335,0.2,0.5,0.5,0.4181935630573534,0.13064561942398709,0.3423667173666125,0.10879410015204719,13.959835324550124
459,91.86124082721814,1.4583333333333335,0.2,0.5,0.5,0.4181628763156311,0.13031050656569929,0.34268786581123967,0.10883875130743018,13.959835324550124
460,92.06137424949966,1.4583333333333335,0.2,0.5,0.5,0.4181448358567023,0.12997776949731368,0.3430023040191378,0.10887509062684646,13.959835324550124
461,92.26150767178119,1.4583333333333335,0.2,0.5,0.5,0.4181392535504777,0.1296476058622301,0.343309920005824,0.10890322058146842,13.959835324550124
462,92.4616410940627,1.4583333333333335,0.2,0.5,0.5,0.4181459361530355,0.12932020517694331,0.34361060905627105,0.1089232496137503,13.959835324550124
463,92.66177451634422,1.4583333333333335,0.2,0.5,0.5,0.4181646855198732,0.1289957498961869,0.34390427314861893,0.10893529143532113,13.959835324550124
464,92.86190793862575,1.4583333333333335,0.2,0.5,0.5,0.418195298739023,0.1286744176164538,0.3441908197873967,0.10893946385712669,13.959835324550124
465,93.06204136090727,1.4583333333333335,0.2,0.5,0.5,0.4182375687416104,0.12835637649722614,0.34447016435479694,0.10893589040636668,13.959835324550124
466,93.26217478318878,1.4583333333333335,0.2,0.5,0.5,0.4182912844771239,0.12804178686566875,0.3447422292545169,0.1089246994026906,13.959835324550124
467,93.46230820547031,1.4583333333333335,0.2,0.5,0.5,0.41835623119453735,0.12773080131764816,0.34500694383557207,0.10890602365224254,13.959835324550124
468,93.66244162775183,1.4583333333333335,0.2,0.5,0.5,0.4184321906929314,0.12742356485276662,0.34526424429236796,0.10888000016193417,13.959835324550124
469,93.86257505003336,1.4583333333333335,0.2,0.5,0.5,0.4185189409668594,0.12712021758046696,0.3455140721390739,0.10884676931359992,13.959835324550124
470,94.06270847231487,1.4583333333333335,0.2,0.5,0.5,0.418616257136389,0.12682089196895047,0.34575637571009016,0.10880647518457058,13.959835324550124
471,94.26284189459639,1.4583333333333335,0.2,0.5,0.5,0.41872391175398366,0.12652571274122387,0.34599111019264145,0.10875926531215123,13.959835324550124
472,94.46297531687792,1.4583333333333335,0.2,0.5,0.5,0.4188416749322425,0.12623479753212263,0.3462182372373978,0.10870529029823725,13.959835324550124
473,94.66310873915944,1.4583333333333335,0.2,0.5,0.5,0.418969314616119,0.12594825693160225,0.34643772490941893,0.10864470354285999,13.959835324550124
474,94.86324216144095,1.4583333333333335,0.2,0.5,0.5,0.4191065963339228,0.1256661956650122,0.34664954694224454,0.10857766105882066,13.959835324550124
475,95.06337558372248,1.4583333333333335,0.2,0.5,0.5,0.41925328326805383,0.12538871307590463,0.34685368241945985,0.10850432123658184,13.959835324550124
476,95.263509006004,1.4583333333333335,0.2,0.5,0.5,0.41940913746917063,0.12511590111455737,0.3470501169850025,0.10842484443126968,13.959835324550124
477,95.46364242828552,1.4583333333333335,0.2,0.5,0.5,0.41957391965312285,0.12484784541805329,0.34723884215866196,0.10833939277016208,13.959835324550124
478,95.66377585056703,1.4583333333333335,0.2,0.5,0.5,0.41974738944344164,0.12458462541842115,0.3474198552472781,0.10824812989085929,13.959835324550124
479,95.86390927284856,1.4583333333333335,0.2,0.5,0.5,0.4199293054491024,0.12432631464167178,0.34759315911820826,0.1081512207910177,13.959835324550124
480,96.06404269513008,1.4583333333333335,0.2,0.5,0.5,0.4201194245127178,0.12407298198733098,0.34775876126980326,0.10804883223014815,13.959835324550124
481,96.26417611741161,1.4583333333333335,0.2,0.5,0.5,0.42031750327240686,0.12382469027335927,0.34791667486253264,0.10794113159170143,13.959835324550124
482,96.46430953969312,1.4583333333333335,0.2,0.5,0.5,0.4205232981009591,0.12358149669900279,0.3480669183750011,0.10782828682503719,13.959835324550124
483,96.66444296197464,1.4583333333333335,0.2,0.5,0.5,0.42073656519458225,0.12334345313084569,0.3482095153867252,0.10771046628784708,13.959835324550124
484,96.86457638425617,1.4583333333333335,0.2,0.5,0.5,0.4209570607832853,0.123110606241131,0.3483444944659818,0.10758783850960206,13.959835324550124
485,97.06470980653769,1.4583333333333335,0.2,0.5,0.5,0.421184540445743,0.12288299812883582,0.3484718885884892,0.10746057283693221,13.959835324550124
486,97.2648432288192,1.4583333333333335,0.2,0.5,0.5,0.4214187597664317,0.12266066621715742,0.3485917352593122,0.10732883875709888,13.959835324550124
487,97.46497665110073,1.4583333333333335,0.2,0.5,0.5,0.42165947513510377,0.12244364307426837,0.34870407670933884,0.10719280508128921,13.959835324550124
488,97.66511007338225,1.4583333333333335,0.2,0.5,0.5,0.42190644353385615,0.12223195677983678,0.3488089595613521,0.1070526401249552,13.959835324550124
489,97.86524349566378,1.4583333333333335,0.2,0.5,0.5,0.42215942272294427,0.12202563107659171,0.3489064347050066,0.10690851149545762,13.959835324550124
490,98.06537691794529,1.4583333333333335,0.2,0.5,0.5,0.4224181710417655,0.12182468554427603,0.3489965570751161,0.10676058633884246,13.959835324550124
491,98.26551034022681,1.4583333333333335,0.2,0.5,0.5,0.42268244675517214,0.1216291358000489,0.3490793853157053,0.1066090321290738,13.959835324550124
492,98.46564376250834,1.4583333333333335,0.2,0.5,0.5,0.42295200988469156,0.1214389935543318,0.34915498206839535,0.10645401449258148,13.959835324550124
493,98.66577718478986,1.4583333333333335,0.2,0.5,0.5,0.4232266217698628,0.12125426679870234,0.34922341369048054,0.10629569774095445,13.959835324550124
494,98.86591060707137,1.4583333333333335,0.2,0.5,0.5,0.42350604516765744,0.12107495996248575,0.34928475010819854,0.10613424476165839,13.959835324550124
495,99.0660440293529,1.4583333333333335,0.2,0.5,0.5,0.4237900444138917,0.12090107406573994,0.34933906468557585,0.10596981683479266,13.959835324550124
496,99.26617745163442,1.4583333333333335,0.2,0.5,0.5,0.4240783852424237,0.1207326067873312,0.3493864340546462,0.10580257391559908,13.959835324550124
497,99.46631087391594,1.4583333333333335,0.2,0.5,0.5,0.4243708335359177,0.12056955226791306,0.34942693782506923,0.10563267637110017,13.959835324550124
498,99.66644429619745,1.4583333333333335,0.2,0.5,0.5,0.4246671577078568,0.12041190181388087,0.34946065870362636,0.10546028177463615,13.959835324550124
499,99.86657771847898,1.4583333333333335,0.2,0.5,0.5,0.4249671282026796,0.1202596438862831,0.3494876822884252,0.10528554562261219,13.959835324550124
500,100.0667111407605,1.4583333333333335,0.2,0.5,0.5,0.425270517466092,0.12011276420639104,0.3495080969161745,0.10510862141134253,13.959835324550124
501,100.26684456304203,1.4583333333333335,0.2,0.5,0.5,0.42557710007375493,0.11997124590056446,0.34952199352733637,0.10492966049834432,13.959835324550124
502,100.46697798532354,1.4583333333333335,0.2,0.5,0.5,0.42588665268605624,0.11983506953658969,0.34952946556639236,0.10474881221096186,13.959835324550124
503,100.66711140760506,1.4583333333333335,0.2,0.5,0.5,0.4261989528601803,0.11970421244694746,0.3495306091128253,0.10456622558004706,13.959835324550124
504,100.86724482988659,1.4583333333333335,0.2,0.5,0.5,0.42651378091713543,0.11957864995843909,0.34952552239529494,0.10438204672913068,13.959835324550124
505,101.06737825216811,1.4583333333333335,0.2,0.5,0.5,0.42683091974426357,0.11945835533350985,0.3495143057226461,0.1041964191995806,13.959835324550124
506,101.26751167444962,1.4583333333333335,0.2,0.5,0.5,0.42715015468191103,0.11934329976409053,0.349497061397925,0.10400948415607358,13.959835324550124
507,101.46764509673115,1.4583333333333335,0.2,0.5,0.5,0.4274712736245724,0.11923345249927504,0.34947389358909264,0.10382138028706007,13.959835324550124
508,101.66777851901267,1.4583333333333335,0.2,0.5,0.5,0.42779406704218215,0.11912878090620115,0.3494449082313976,0.10363224382021932,13.959835324550124
509,101.8679119412942,1.4583333333333335,0.2,0.5,0.5,0.4281183268904684,0.11902924960163049,0.3494102133702106,0.10344221013769068,13.959835324550124
510,102.0680453635757,1.4583333333333335,0.2,0.5,0.5,0.42844384802045865,0.11893482167407204,0.3493699185130024,0.10325141179246712,13.959835324550124
511,102.26817878585723,1.4583333333333335,0.2,0.5,0.5,0.4287704282618467,0.11884545879658934,0.349324134507105,0.10305997843445926,13.959835324550124
512,102.46831220813876,1.4583333333333335,0.2,0.5,0.5,0.429097868223041,0.11876112110261096,0.3492729735298025,0.10286803714454573,13.959835324550124
513,102.66844563042028,1.4583333333333335,0.2,0.5,0.5,0.42942597136788213,0.11868176729317496,0.3492165489687295,0.10267571237021367,13.959835324550124
514,102.8685790527018,1.4583333333333335,0.2,0.5,0.5,0.4297545440693393,0.11860735471703458,0.3491549753159813,0.10248312589764506,13.959835324550124
515,103.06871247498331,1.4583333333333335,0.2,0.5,0.5,0.43008339483742286,0.11853783847723974,0.349088368554133,0.10229039813120457,13.959835324550124
516,103.26884589726484,1.4583333333333335,0.2,0.5,0.5,0.4304123351227686,0.11847317239529086,0.3490168456036535,0.10209764687828726,13.959835324550124
517,103.46897931954636,1.4583333333333335,0.2,0.5,0.5,0.4307411796304942,0.11841330939794872,0.3489405240620423,0.10190498690951498,13.959835324550124
518,103.66911274182789,1.4583333333333335,0.2,0.5,0.5,0.4310697460955581,0.11835820126920546,0.34885952226374295,0.10171253037149366,13.959835324550124
519,103.8692461641094,1.4583333333333335,0.2,0.5,0.5,0.4313978553411086,0.1183077987358742,0.3487739591714823,0.10152038675153502,13.959835324550124
520,104.06937958639092,1.4583333333333335,0.2,0.5,0.5,0.4317253313334725,0.11826205154933139,0.34868395427032534,0.10132866284687096,13.959835324550124
521,104.26951300867245,1.4583333333333335,0.2,0.5,0.5,0.43205200056059373,0.11822090779253525,0.3485896280083571,0.10113746363851411,13.959835324550124
522,104.46964643095397,1.4583333333333335,0.2,0.5,0.5,0.43237769245174207,0.11818431437941199,0.3484911013960575,0.10094689177278866,13.959835324550124
523,104.66977985323548,1.4583333333333335,0.2,0.5,0.5,0.4327022399210509,0.11815221769604002,0.34838849550562545,0.10075704687728392,13.959835324550124
524,104.869913275517,1.4583333333333335,0.2,0.5,0.5,0.43302547907315303,0.11812456328234486,0.34828193164729815,0.10056802599720424,13.959835324550124
525,105.07004669779853,1.4583333333333335,0.2,0.5,0.5,0.43334724924471474,0.11810129589843407,0.3481715312742766,0.10037992358257487,13.959835324550124
526,105.27018012008006,1.4583333333333335,0.2,0.5,0.5,0.4336673930459695,0.11808235959093218,0.3480574158876511,0.10019283147544743,13.959835324550124
527,105.47031354236157,1.4583333333333335,0.2,0.5,0.5,0.4339857559822099,0.1180676972314154,0.3479397073653626,0.10000683942101238,13.959835324550124
528,105.67044696464309,1.4583333333333335,0.2,0.5,0.5,0.4343021864965598,0.11805725058430315,0.34781852786587764,0.09982203505325973,13.959835324550124
529,105.87058038692462,1.4583333333333335,0.2,0.5,0.5,0.43461653662354477,0.11805096114238736,0.3476939991152591,0.09963850311880904,13.959835324550124
530,106.07071380920614,1.4583333333333335,0.2,0.5,0.5,0.43492866169116107,0.11804876976653467,0.3475662426547843,0.09945632588752026,13.959835324550124
531,106.27084723148765,1.4583333333333335,0.2,0.5,0.5,0.43523842034865695,0.11805061673473792,0.34743537975975325,0.09927558315685214,13.959835324550124
532,106.47098065376917,1.4583333333333335,0.2,0.5,0.5,0.43554567459489285,0.11805644179189405,0.3473015313577138,0.09909635225549951,13.959835324550124
533,106.6711140760507,1.4583333333333335,0.2,0.5,0.5,0.435850289560588,0.11806618388261475,0.3471648182402452,0.09891870831655225,13.959835324550124
534,106.87124749833222,1.4583333333333335,0.2,0.5,0.5,0.43615213334615355,0.11807978095562574,0.3470253612084395,0.0987427244897814,13.959835324550124
535,107.07138092061373,1.4583333333333335,0.2,0.5,0.5,0.4364510776678608,0.11809717080921708,0.3468832802542169,0.0985684712687055,13.959835324550124
536,107.27151434289526,1.4583333333333335,0.2,0.5,0.5,0.436746997598283,0.11811829077021321,0.3467386948219731,0.09839601680953086,13.959835324550124
537,107.47164776517678,1.4583333333333335,0.2,0.5,0.5,0.43703977157680135,0.11814307772075672,0.34659172374810077,0.09822542695434135,13.959835324550124
538,107.67178118745831,1.4583333333333335,0.2,0.5,0.5,0.4373292814275996,0.11817146813473743,0.34644248519157694,0.09805676524608617,13.959835324550124
539,107.87191460973982,1.4583333333333335,0.2,0.5,0.5,0.4376154122271674,0.11820339794901384,0.3462910967628572,0.09789009306096177,13.959835324550124
540,108.07204803202134,1.4583333333333335,0.2,0.5,0.5,0.43789805203593657,0.11823880228548198,0.3461376758318031,0.09772546984677857,13.959835324550124
541,108.27218145430287,1.4583333333333335,0.2,0.5,0.5,0.4381770925089883,0.11827761613817529,0.34598233867724276,0.09756295267559388,13.959835324550124
542,108.47231487658439,1.4583333333333335,0.2,0.5,0.5,0.43845242868067785,0.11831977415350352,0.34582520072507467,0.09740259644074419,13.959835324550124
543,108.6724482988659,1.4583333333333335,0.2,0.5,0.5,0.43872395895442234,0.11836521063571616,0.34566637651602494,0.09724445389383675,13.959835324550124
544,108.87258172114743,1.4583333333333335,0.2,0.5,0.5,0.4389915851118118,0.11841385957357908,0.3455059796479417,0.09708857566666762,13.959835324550124
545,109.07271514342895,1.4583333333333335,0.2,0.5,0.5,0.4392552122165549,0.1184656545677615,0.3453441228692389,0.09693501034644493,13.959835324550124
546,109.27284856571048,1.4583333333333335,0.2,0.5,0.5,0.4395147482682329,0.11852052852200867,0.345180918531931,0.09678380467782764,13.959835324550124
547,109.47298198799199,1.4583333333333335,0.2,0.5,0.5,0.4397701048677236,0.11857841428946371,0.34501647759063603,0.09663500325217687,13.959835324550124
548,109.67311541027351,1.4583333333333335,0.2,0.5,0.5,0.44002119700735576,0.11863924449262013,0.34485090985956734,0.09648864864045699,13.959835324550124
549,109.87324883255503,1.4583333333333335,0.2,0.5,0.5,0.44026794303338573,0.11870295150596986,0.34468432402185345,0.0963447814387912,13.959835324550124
550,110.07338225483656,1.4583333333333335,0.2,0.5,0.5,0.44051026465010024,0.11876946747795089,0.3445168275790308,0.09620344029291832,13.959835324550124
551,110.27351567711807,1.4583333333333335,0.2,0.5,0.5,0.44074808692391854,0.118838724352895,0.34434852680053724,0.0960646619226495,13.959835324550124
552,110.4736490993996,1.4583333333333335,0.2,0.5,0.5,0.4409813382869702,0.1189106538926045,0.34417952667394697,0.09592848114647856,13.959835324550124
553,110.67378252168112,1.4583333333333335,0.2,0.5,0.5,0.44120994996808277,0.11898518729324817,0.3440099316650007,0.09579493107366858,13.959835324550124
554,110.87391594396264,1.4583333333333335,0.2,0.5,0.5,0.4414338562828812,0.11906225540943872,0.3438398452626227,0.09566404304505763,13.959835324550124
555,111.07404936624415,1.4583333333333335,0.2,0.5,0.5,0.4416529951847977,0.11914178916271058,0.34366936915494084,0.09553584649755106,13.959835324550124
556,111.27418278852568,1.4583333333333335,0.2,0.5,0.5,0.44186730789655926,0.11922371930011949,0.3434986037057572,0.09541036909756428,13.959835324550124
557,111.4743162108072,1.4583333333333335,0.2,0.5,0.5,0.44207673890581445,0.11930797641020073,0.34332764791602677,0.09528763676795825,13.959835324550124
558,111.67444963308873,1.4583333333333335,0.2,0.5,0.5,0.4422812359607619,0.11939449093892712,0.3431565993853361,0.09516767371497509,13.959835324550124
559,111.87458305537024,1.4583333333333335,0.2,0.5,0.5,0.44248075006577725,0.11948319320566718,0.3429855542733821,0.09505050245517367,13.959835324550124
560,112.07471647765176,1.4583333333333335,0.2,0.5,0.5,0.4426752353916974,0.1195740133959787,0.3428146073804958,0.09493614383182827,13.959835324550124
561,112.27484989993329,1.4583333333333335,0.2,0.5,0.5,0.44286464873282105,0.11966688143136993,0.3426438528604463,0.0948246169753629,13.959835324550124
562,112.47498332221481,1.4583333333333335,0.2,0.5,0.5,0.4430489503263111,0.11976172720885095,0.3424733830328444,0.09471593943199377,13.959835324550124
563,112.67511674449632,1.4583333333333335,0.2,0.5,0.5,0.44322810365425364,0.11985848056435233,0.34230328861462833,0.09461012716676594,13.959835324550124
564,112.87525016677785,1.4583333333333335,0.2,0.5,0.5,0.4434020753425829,0.11995707126243568,0.34213365881643204,0.09450719457854959,13.959835324550124
565,113.07538358905937,1.4583333333333335,0.2,0.5,0.5,0.4435708351501598,0.12005742901047417,0.3419645813131992,0.09440715452616705,13.959835324550124
566,113.2755170113409,1.4583333333333335,0.2,0.5,0.5,0.44373435595785077,0.12015948347283305,0.34179614221479665,0.0943100183545198,13.959835324550124
567,113.4756504336224,1.4583333333333335,0.2,0.5,0.5,0.4438926137576062,0.12026316428505025,0.3416284260366283,0.09421579592071551,13.959835324550124
568,113.67578385590393,1.4583333333333335,0.2,0.5,0.5,0.44404558732017946,0.12036840108906037,0.3414615160652248,0.0941244955255356,13.959835324550124
569,113.87591727818545,1.4583333333333335,0.2,0.5,0.5,0.4441932581496307,0.12047512354963916,0.34129549437135226,0.09403612392937814,13.959835324550124
570,114.07605070046698,1.4583333333333335,0.2,0.5,0.5,0.4443356110725649,0.12058326132928436,0.3411304410429841,0.09395068655516683,13.959835324550124
571,114.27618412274849,1.4583333333333335,0.2,0.5,0.5,0.44447263390348174,0.12069274412359479,0.3409664345538028,0.0938681874191209,13.959835324550124
572,114.47631754503001,1.4583333333333335,0.2,0.5,0.5,0.444604317425115,0.12080350167602312,0.3408035517445542,0.0937886291543079,13.959835324550124
573,114.67645096731154,1.4583333333333335,0.2,0.5,0.5,0.44473065537132084,0.12091546379246183,0.3406418678012703,0.09371201303494726,13.959835324550124
574,114.87658438959306,1.4583333333333335,0.2,0.5,0.5,0.44485164440996483,0.1210285603558292,0.3404814562334926,0.0936383390007136,13.959835324550124
575,115.07671781187457,1.4583333333333335,0.2,0.5,0.5,0.4449672840834433,0.12114272135670509,0.3403223888960271,0.09356760566382473,13.959835324550124
576,115.2768512341561,1.4583333333333335,0.2,0.5,0.5,0.4450775762716241,0.12125787710488892,0.34016473650141754,0.0934998101220697,13.959835324550124
577,115.47698465643762,1.4583333333333335,0.2,0.5,0.5,0.4451825258432376,0.1213739579907357,0.3400085679112749,0.09343494825475214,13.959835324550124
578,115.67711807871915,1.4583333333333335,0.2,0.5,0.5,0.4452821405790909,0.12149089452234828,0.33985395017581516,0.09337301472274596,13.959835324550124
579,115.87725150100066,1.4583333333333335,0.2,0.5,0.5,0.44537643102618335,0.12160861738894618,0.3397009486443975,0.09331400294047326,13.959835324550124
580,116.07738492328218,1.4583333333333335,0.2,0.5,0.5,0.4454654104745866,0.12172705747772743,0.3395496269499196,0.09325790509776669,13.959835324550124
581,116.2775183455637,1.4583333333333335,0.2,0.5,0.5,0.44554909493432493,0.12184614589073021,0.33940004699321336,0.09320471218173178,13.959835324550124
582,116.47765176784523,1.4583333333333335,0.2,0.5,0.5,0.44562750311225563,0.12196581396169466,0.3392522689274406,0.0931544139986094,13.959835324550124
583,116.67778519012674,1.4583333333333335,0.2,0.5,0.5,0.44570065614945115,0.1220859933887447,0.33910635135404626,0.09310699910775816,13.959835324550124
584,116.87791861240827,1.4583333333333335,0.2,0.5,0.5,0.4457685773661464,0.12220661636341147,0.3389623515120294,0.093062454758413,13.959835324550124
585,117.07805203468979,1.4583333333333335,0.2,0.5,0.5,0.44583129298095964,0.12232761522850273,0.33882032460660105,0.09302076718393683,13.959835324550124
586,117.27818545697131,1.4583333333333335,0.2,0.5,0.5,0.4458888317490112,0.1224489226587881,0.33868032409282084,0.09298192149938005,13.959835324550124
587,117.47831887925283,1.4583333333333335,0.2,0.5,0.5,0.44594122491818866,0.12257047168783021,0.33854240167820293,0.09294590171577848,13.959835324550124
588,117.67845230153435,1.4583333333333335,0.2,0.5,0.5,0.4459885061997664,0.12269219572787395,0.3384066073126413,0.09291269075971857,13.959835324550124
589,117.87858572381587,1.4583333333333335,0.2,0.5,0.5,0.44603071173902614,0.12281402858973556,0.3382729891783358,0.09288227049290275,13.959835324550124
590,118.0787191460974,1.4583333333333335,0.2,0.5,0.5,0.44606788006803916,0.12293590451175555,0.33814159369351576,0.09285462172668975,13.959835324550124
591,118.27885256837891,1.4583333333333335,0.2,0.5,0.5,0.44610005156781174,0.12305775843805614,0.338012465895708,0.09282972409842434,13.959835324550124
592,118.47898599066043,1.4583333333333335,0.2,0.5,0.5,0.4461272689703921,0.1231795257683691,0.3378856490205184,0.0928075562407206,13.959835324550124
593,118.67911941294196,1.4583333333333335,0.2,0.5,0.5,0.44614957741886013,0.123301142332514,0.3377611844224236,0.09278809582620244,13.959835324550124
594,118.87925283522348,1.4583333333333335,0.2,0.5,0.5,0.4461670242614995,0.12342254449994482,0.3376391117011919,0.09277131953736403,13.959835324550124
595,119.07938625750499,1.4583333333333335,0.2,0.5,0.5,0.4461796590163825,0.1235436692027057,0.33751946869647703,0.09275720308443496,13.959835324550124
596,119.27951967978652,1.4583333333333335,0.2,0.5,0.5,0.44618753333595507,0.12366445395838688,0.3374022914824129,0.09274572122324534,13.959835324550124
597,119.47965310206804,1.4583333333333335,0.2,0.5,0.5,0.4461907009716212,0.12378483689308042,0.3372876143622075,0.09273684777309107,13.959835324550124
598,119.67978652434957,1.4583333333333335,0.2,0.5,0.5,0.44618921757762775,0.12390475682932461,0.3371754699819922,0.09273055561105557,13.959835324550124
599,119.87991994663108,1.4583333333333335,0.2,0.5,0.5,0.44618314031414813,0.12402415345525376,0.33706588959368494,0.09272681663691336,13.959835324550124
600,120.0800533689126,1.4583333333333335,0.2,0.5,0.5,0.4461725285859337,0.12414296703451504,0.3369589024751518,0.0927256019043996,13.959835324550124
601,120.28018679119413,1.4583333333333335,0.2,0.5,0.5,0.44615744371081417,0.12426113854896344,0.3368545361445251,0.09272688159569746,13.959835324550124
602,120.48032021347565,1.4583333333333335,0.2,0.5,0.5,0.4461379488447231,0.1243786097376155,0.3367528163841539,0.09273062503350771,13.959835324550124
603,120.68045363575716,1.4583333333333335,0.2,0.5,0.5,0.4461141089403031,0.12449532312202345,0.3366537672396358,0.09273680069803777,13.959835324550124
604,120.88058705803869,1.4583333333333335,0.2,0.5,0.5,0.4460859907055109,0.12461122203164934,0.33655741101884895,0.09274537624399086,13.959835324550124
605,121.08072048032021,1.4583333333333335,0.2,0.5,0.5,0.4460536625586288,0.12472625063000481,0.33646376829379043,0.09275631851757608,13.959835324550124
606,121.28085390260173,1.4583333333333335,0.2,0.5,0.5,0.44601719416220714,0.12484035403051237,0.33637285823129087,0.09276959357598971,13.959835324550124
607,121.48098732488324,1.4583333333333335,0.2,0.5,0.5,0.4459766566995093,0.12495347825415419,0.3362846983437976,0.09278516670253904,13.959835324550124
608,121.68112074716477,1.4583333333333335,0.2,0.5,0.5,0.44593212308170327,0.12506557020187728,0.3361993042942471,0.09280300242217251,13.959835324550124
609,121.8812541694463,1.4583333333333335,0.2,0.5,0.5,0.4458836676928722,0.1251765777254803,0.3361166900619253,0.09282306451972236,13.959835324550124
610,122.08138759172782,1.4583333333333335,0.2,0.5,0.5,0.4458313663430111,0.12528644965418276,0.33603686794587967,0.09284531605692656,13.959835324550124
611,122.28152101400933,1.4583333333333335,0.2,0.5,0.5,0.4457752962210243,0.1253951358211941,0.33595984856833094,0.0928697193894508,13.959835324550124
612,122.48165443629085,1.4583333333333335,0.2,0.5,0.5,0.4457155358477215,0.12550258709028267,0.3358856408780854,0.09289623618391056,13.959835324550124
613,122.68178785857238,1.4583333333333335,0.2,0.5,0.5,0.44565216496102794,0.12560875537556415,0.3358142522158411,0.09292482744756697,13.959835324550124
614,122.8819212808539,1.4583333333333335,0.2,0.5,0.5,0.4455852641549977,0.12571359363666307,0.33574568860428633,0.09295545360405305,13.959835324550124
615,123.08205470313541,1.4583333333333335,0.2,0.5,0.5,0.4455149153107437,0.12581705595308917,0.3356799543151288,0.09298807442103844,13.959835324550124
616,123.28218812541694,1.4583333333333335,0.2,0.5,0.5,0.4454412014158247,0.12591909753744177,0.33561705199450176,0.09302264905223191,13.959835324550124
617,123.48232154769846,1.4583333333333335,0.2,0.5,0.5,0.44536420647213865,0.12601967475746698,0.3355569827075584,0.09305913606283617,13.959835324550124
618,123.68245496997999,1.4583333333333335,0.2,0.5,0.5,0.4452840154419017,0.12611874516192487,0.3354997459482917,0.09309749344788194,13.959835324550124
619,123.8825883922615,1.4583333333333335,0.2,0.5,0.5,0.4452007141922299,0.12621626749342607,0.33544533965744533,0.09313767865689895,13.959835324550124
620,124.08272181454302,1.4583333333333335,0.2,0.5,0.5,0.4451143894276374,0.12631220158866466,0.3353937603103501,0.093179648673348,13.959835324550124
621,124.28285523682455,1.4583333333333335,0.2,0.5,0.5,0.4450251286527121,0.12640650855987937,0.3353450028301218,0.09322335995728695,13.959835324550124
622,124.48298865910607,1.4583333333333335,0.2,0.5,0.5,0.4449330201158787,0.12649915080006824,0.335299060610305,0.09326876847374828,13.959835324550124
623,124.68312208138758,1.4583333333333335,0.2,0.5,0.5,0.4448381527525851,0.12659009198282373,0.33525592554085837,0.09331582972373302,13.959835324550124
624,124.8832555036691,1.4583333333333335,0.2,0.5,0.5,0.444740616131007,0.12667929708563885,0.33521558801956414,0.0933644987637902,13.959835324550124
625,125.08338892595063,1.4583333333333335,0.2,0.5,0.5,0.4446405003912105,0.12676673240654973,0.33517803697344195,0.09341473022879802,13.959835324550124
626,125.28352234823215,1.4583333333333335,0.2,0.5,0.5,0.44453789603580524,0.12685236542950712,0.33514326010725887,0.09346647842742901,13.959835324550124
627,125.48365577051366,1.4583333333333335,0.2,0.5,0.5,0.44443289402616387,0.12693616500099641,0.3351112436847759,0.09351969728806404,13.959835324550124
628,125.68378919279519,1.4583333333333335,0.2,0.5,0.5,0.44432558574963044,0.1270181013752473,0.335081972507275,0.09357434036784747,13.959835324550124
629,125.88392261507671,1.4583333333333335,0.2,0.5,0.5,0.44421606291789656,0.12709814618933138,0.3350554299973422,0.09363036089543007,13.959835324550124
630,126.08405603735824,1.4583333333333335,0.2,0.5,0.5,0.44410441750949003,0.1271762724831928,0.33503159821519485,0.09368771179212254,13.959835324550124
631,126.28418945963975,1.4583333333333335,0.2,0.5,0.5,0.4439907417122928,0.1272524547177322,0.33501045787624706,0.09374634569372818,13.959835324550124
632,126.48432288192127,1.4583333333333335,0.2,0.5,0.5,0.443875127869279,0.12732666857861447,0.33499198850493095,0.09380621504717586,13.959835324550124
633,126.6844563042028,1.4583333333333335,0.2,0.5,0.5,0.4437576684189583,0.12739889113239117,0.3349761683644846,0.0938672720841661,13.959835324550124
634,126.88458972648432,1.4583333333333335,0.2,0.5,0.5,0.44363845583597106,0.12746910097255368,0.33496297439314326,0.09392946879833226,13.959835324550124
635,127.08472314876583,1.4583333333333335,0.2,0.5,0.5,0.44351758257510077,0.12753727813814156,0.3349523822849595,0.0939927570017985,13.959835324550124
636,127.28485657104736,1.4583333333333335,0.2,0.5,0.5,0.4433951410138391,0.1276034041287002,0.334944366509357,0.09405708834810403,13.959835324550124
637,127.48498999332888,1.4583333333333335,0.2,0.5,0.5,0.44327122339495095,0.1276674619192385,0.3349389003306836,0.09412241435512728,13.959835324550124
638,127.6851234156104,1.4583333333333335,0.2,0.5,0.5,0.4431459218136261,0.12772943577153517,0.3349359559314754,0.09418868648336363,13.959835324550124
639,127.88525683789192,1.4583333333333335,0.2,0.5,0.5,0.44301932815776,0.1277893112595289,0.33493550442669745,0.09425585615601399,13.959835324550124
640,128.08539026017345,1.4583333333333335,0.2,0.5,0.5,0.442891533988368,0.1278470755681504,0.3349375157387315,0.09432387470475048,13.959835324550124
641,128.28552368245496,1.4583333333333335,0.2,0.5,0.5,0.44276263051714765,0.12790271734842948,0.3349419586983344,0.09439269343608886,13.959835324550124
642,128.48565710473648,1.4583333333333335,0.2,0.5,0.5,0.44263270855043807,0.1279562267260829,0.3349488010674353,0.0944622636560441,13.959835324550124
643,128.685790527018,1.4583333333333335,0.2,0.5,0.5,0.4425018584331423,0.12800759531027112,0.33495800956184685,0.09453253669474002,13.959835324550124
644,128.88592394929952,1.4583333333333335,0.2,0.5,0.5,0.44237017004008505,0.1280568160500107,0.3349695499549948,0.09460346395490984,13.959835324550124
645,129.08605737158106,1.4583333333333335,0.2,0.5,0.5,0.4422377327615609,0.12810388310924012,0.33498338717172765,0.09467499695747164,13.959835324550124
646,129.28619079386257,1.4583333333333335,0.2,0.5,0.5,0.4421046353214684,0.1281487922795702,0.334999485096179,0.09474708730278275,13.959835324550124
647,129.48632421614408,1.4583333333333335,0.2,0.5,0.5,0.4419709657788279,0.1281915408040617,0.33501780669285247,0.09481968672425833,13.959835324550124
648,129.68645763842562,1.4583333333333335,0.2,0.5,0.5,0.44183681147551485,0.12823212737374384,0.33503831403584144,0.09489274711490021,13.959835324550124
649,129.88659106070713,1.4583333333333335,0.2,0.5,0.5,0.44170225898223203,0.12827055212978897,0.3350609683350407,0.0949662205529387,13.959835324550124
650,130.08672448298864,1.4583333333333335,0.2,0.5,0.5,0.44156739413505486,0.1283068165084471,0.33508573001818887,0.09504005933830949,13.959835324550124
651,130.28685790527018,1.4583333333333335,0.2,0.5,0.5,0.44143230216577645,0.12834092292314256,0.33511255887073027,0.09511421604035104,13.959835324550124
652,130.4869913275517,1.4583333333333335,0.2,0.5,0.5,0.44129706722543,0.12837287550003726,0.3351414138016221,0.09518864347291095,13.959835324550124
653,130.68712474983323,1.4583333333333335,0.2,0.5,0.5,0.44116177249747357,0.1284026797899172,0.3351722529726188,0.09526329473999072,13.959835324550124
654,130.88725817211474,1.4583333333333335,0.2,0.5,0.5,0.4410265001636472,0.12843034273584578,0.33520503383674105,0.09533812326376628,13.959835324550124
655,131.08739159439625,1.4583333333333335,0.2,0.5,0.5,0.4408913313526175,0.12845587267069847,0.3352397131661346,0.09541308281054976,13.959835324550124
656,131.2875250166778,1.4583333333333335,0.2,0.5,0.5,0.44075634608862224,0.12847927931469766,0.3352762470799295,0.09548812751675095,13.959835324550124
657,131.4876584389593,1.4583333333333335,0.2,0.5,0.5,0.4406216232401152,0.1285005737729472,0.33531459107209893,0.09556321191483892,13.959835324550124
658,131.6877918612408,1.4583333333333335,0.2,0.5,0.5,0.4404872406447054,0.1285197682848192,0.3353547001101759,0.09563829096029984,13.959835324550124
659,131.88792528352235,1.4583333333333335,0.2,0.5,0.5,0.440353275651572,0.12853687538571276,0.33539652890176197,0.09571332006095361,13.959835324550124
660,132.08805870580386,1.4583333333333335,0.2,0.5,0.5,0.44021980394340693,0.12855190949050602,0.3354400314695383,0.09578825509654902,13.959835324550124
661,132.2881921280854,1.4583333333333335,0.2,0.5,0.5,0.4400868998648592,0.12856488635649413,0.3354851613317754,0.09586305244687152,13.959835324550124
662,132.4883255503669,1.4583333333333335,0.2,0.5,0.5,0.43995463645095945,0.12857582296862835,0.335531871562257,0.09593766901815548,13.959835324550124
663,132.68845897264842,1.4583333333333335,0.2,0.5,0.5,0.4398230853827551,0.1285847375272104,0.3355801148209494,0.0960120622690854,13.959835324550124
664,132.88859239492996,1.4583333333333335,0.2,0.5,0.5,0.43969231694294625,0.1285916494355869,0.33562984338467017,0.09608619023679697,13.959835324550124
665,133.08872581721147,1.4583333333333335,0.2,0.5,0.5,0.43956239997152113,0.12859657928784402,0.335681009177757,0.09616001156287816,13.959835324550124
666,133.28885923949298,1.4583333333333335,0.2,0.5,0.5,0.4394334019733775,0.12859954870910728,0.3357335638313797,0.0962334854861358,13.959835324550124
667,133.48899266177452,1.4583333333333335,0.2,0.5,0.5,0.43930538988876067,0.12860057955304824,0.33578745886776595,0.09630657169042542,13.959835324550124
668,133.68912608405603,1.4583333333333335,0.2,0.5,0.5,0.43917842871024726,0.12859969518779105,0.3358426454785892,0.09637923062337275,13.959835324550124
669,133.88925950633757,1.4583333333333335,0.2,0.5,0.5,0.4390525817964837,0.12859692013632207,0.3358990746231252,0.09645142344406935,13.959835324550124
670,134.08939292861908,1.4583333333333335,0.2,0.5,0.5,0.4389279109657754,0.12859227993039818,0.3359566970849193,0.0965231120189074,13.959835324550124
671,134.2895263509006,1.4583333333333335,0.2,0.5,0.5,0.4388044764602078,0.12858580109001197,0.336015463504055,0.0965942589457255,13.959835324550124
672,134.48965977318213,1.4583333333333335,0.2,0.5,0.5,0.438682336909768,0.12857751110285676,0.3360753244094215,0.096664827577954,13.959835324550124
673,134.68979319546364,1.4583333333333335,0.2,0.5,0.5,0.4385615492964657,0.12856743840379178,0.3361362302509821,0.09673478204876068,13.959835324550124
674,134.88992661774515,1.4583333333333335,0.2,0.5,0.5,0.43844216903450306,0.12855561227411758,0.33619813143697397,0.0968040872544056,13.959835324550124
675,135.09006004002669,1.4583333333333335,0.2,0.5,0.5,0.43832425093154814,0.12854206213200764,0.33626097840855307,0.09687270852789132,13.959835324550124
676,135.2901934623082,1.4583333333333335,0.2,0.5,0.5,0.43820784771119187,0.12852681850816547,0.33632472161079474,0.09694061216984812,13.959835324550124
677,135.49032688458973,1.4583333333333335,0.2,0.5,0.5,0.4380930102335807,0.12850991284803992,0.33638931153586266,0.09700776538251689,13.959835324550124
678,135.69046030687124,1.4583333333333335,0.2,0.5,0.5,0.43797978767310164,0.1284913773437177,0.3364546987643531,0.09707413621882777,13.959835324550124
679,135.89059372915276,1.4583333333333335,0.2,0.5,0.5,0.43786822749223814,0.12847124490666148,0.33652083399797666,0.09713969360312383,13.959835324550124
680,136.0907271514343,1.4583333333333335,0.2,0.5,0.5,0.4377583754154276,0.12844954914044754,0.33658766809224033,0.09720440735188463,13.959835324550124
681,136.2908605737158,1.4583333333333335,0.2,0.5,0.5,0.4376502754029176,0.1284263243135039,0.3366551520891289,0.09726824819444974,13.959835324550124
682,136.49099399599731,1.4583333333333335,0.2,0.5,0.5,0.4375439697039643,0.12840160529969757,0.3367232372363361,0.09733118776000214,13.959835324550124
683,136.69112741827885,1.4583333333333335,0.2,0.5,0.5,0.43743949998054893,0.12837542708513103,0.33679187482500983,0.09739319810931037,13.959835324550124
684,136.89126084056036,1.4583333333333335,0.2,0.5,0.5,0.4373369058218155,0.12834782533226,0.33686101646985017,0.09745425237607447,13.959835324550124
685,137.0913942628419,1.4583333333333335,0.2,0.5,0.5,0.4372362247943308,0.1283188363216715,0.336930614128839,0.09751432475515891,13.959835324550124
686,137.2915276851234,1.4583333333333335,0.2,0.5,0.5,0.4371374927290885,0.1282884967979294,0.33700062008283316,0.09757339039014919,13.959835324550124
687,137.49166110740492,1.4583333333333335,0.2,0.5,0.5,0.43704074370638735,0.12825684393784628,0.33707098696637805,0.0976314253893885,13.959835324550124
688,137.69179452968646,1.4583333333333335,0.2,0.5,0.5,0.4369460100407099,0.12822391531875513,0.3371416677985209,0.09768840684201428,13.959835324550124
689,137.89192795196797,1.4583333333333335,0.2,0.5,0.5,0.4368533222656004,0.12818974888678109,0.3372126160136239,0.09774431283399478,13.959835324550124
690,138.09206137424948,1.4583333333333335,0.2,0.5,0.5,0.4367627091568357,0.1281543829188043,0.3372837854820858,0.0977991224422744,13.959835324550124
691,138.29219479653102,1.4583333333333335,0.2,0.5,0.5,0.4366741987719666,0.12811785581696744,0.33735513026319985,0.09785281514786627,13.959835324550124
692,138.49232821881253,1.4583333333333335,0.2,0.5,0.5,0.4365878172864582,0.12808020626621133,0.33742660493871574,0.0979053715086149,13.959835324550124
693,138.69246164109407,1.4583333333333335,0.2,0.5,0.5,0.43650358881412615,0.12804147322963977,0.3374981646869914,0.09795677326924287,13.959835324550124
694,138.89259506337558,1.4583333333333335,0.2,0.5,0.5,0.4364215357609307,0.12800169585600948,0.33756976521657894,0.09800700316648102,13.959835324550124
695,139.0927284856571,1.4583333333333335,0.2,0.5,0.5,0.4363416788202043,0.12796091344629681,0.33764136279431073,0.09805604493918829,13.959835324550124
696,139.29286190793863,1.4583333333333335,0.2,0.5,0.5,0.4362640369678799,0.12791916542026416,0.33771291427338446,0.09810388333847156,13.959835324550124
697,139.49299533022014,1.4583333333333335,0.2,0.5,0.5,0.4361886274577188,0.12787649128302667,0.3377843771214494,0.09815050413780527,13.959835324550124
698,139.69312875250165,1.4583333333333335,0.2,0.5,0.5,0.43611546582973904,0.12783293059287615,0.33785570944309473,0.09819589413429017,13.959835324550124
699,139.8932621747832,1.4583333333333335,0.2,0.5,0.5,0.43604456681858444,0.12778852301482313,0.337926869620783,0.0982400405458095,13.959835324550124
700,140.0933955970647,1.4583333333333335,0.2,0.5,0.5,0.4359759435434497,0.12774330821045946,0.337997816684367,0.09828293156172392,13.959835324550124
701,140.29352901934624,1.4583333333333335,0.2,0.5,0.5,0.43590960710138993,0.12769732576624235,0.33806851050958087,0.09832455662278697,13.959835324550124
702,140.49366244162775,1.4583333333333335,0.2,0.5,0.5,0.4358455669801903,0.1276506151998411,0.338138911669054,0.09836490615091464,13.959835324550124
703,140.69379586390926,1.4583333333333335,0.2,0.5,0.5,0.4357838310631729,0.12760321592761592,0.33820898145633604,0.09840397155287518,13.959835324550124
704,140.8939292861908,1.4583333333333335,0.2,0.5,0.5,0.435724405634004,0.1275551672320969,0.3382786819099205,0.09844174522397868,13.959835324550124
705,141.0940627084723,1.4583333333333335,0.2,0.5,0.5,0.43566729538150084,0.127506508229463,0.3383479758372695,0.09847822055176671,13.959835324550124
706,141.29419613075382,1.4583333333333335,0.2,0.5,0.5,0.435612503406064,0.12745727783757121,0.3384168268378428,0.09851339191852211,13.959835324550124
707,141.49432955303536,1.4583333333333335,0.2,0.5,0.5,0.4355600319549773,0.12740751499077246,0.33848519887966744,0.0985472541745829,13.959835324550124
708,141.69446297531687,1.4583333333333335,0.2,0.5,0.5,0.43550988198010293,0.12735725845600349,0.33855305659723534,0.09857980296665832,13.959835324550124
709,141.8945963975984,1.4583333333333335,0.2,0.5,0.5,0.435462052529775,0.12730654659273974,0.3386203656909598,0.09861103518652552,13.959835324550124
710,142.09472981987992,1.4583333333333335,0.2,0.5,0.5,0.435416541203777,0.12725541747289745,0.3386870926754537,0.09864094864787194,13.959835324550124
711,142.29486324216143,1.4583333333333335,0.2,0.5,0.5,0.43537334416676665,0.12720390885123034,0.33875320489827504,0.09866954208372809,13.959835324550124
712,142.49499666444297,1.4583333333333335,0.2,0.5,0.5,0.43533245616170074,0.12715205813572636,0.33881867055867265,0.09869681514390034,13.959835324550124
713,142.69513008672448,1.4583333333333335,0.2,0.5,0.5,0.43529387052325963,0.12709990235800467,0.33888345872633213,0.0987227683924037,13.959835324550124
714,142.89526350900599,1.4583333333333335,0.2,0.5,0.5,0.43525757919127195,0.12704747814371228,0.33894753936012123,0.09874740330489465,13.959835324550124
715,143.09539693128752,1.4583333333333335,0.2,0.5,0.5,0.43522357318941207,0.1269948220140094,0.3390108829350041,0.0987707218615745,13.959835324550124
716,143.29553035356903,1.4583333333333335,0.2,0.5,0.5,0.43519184253649923,0.12694197028329343,0.33907346054679244,0.09879272663341503,13.959835324550124
717,143.49566377585057,1.4583333333333335,0.2,0.5,0.5,0.43516237558751175,0.12688895855110835,0.3391352444971648,0.09881342136421518,13.959835324550124
718,143.69579719813208,1.4583333333333335,0.2,0.5,0.5,0.43513515944831144,0.12683582195810633,0.3391962079744563,0.09883281061912602,13.959835324550124
719,143.8959306204136,1.4583333333333335,0.2,0.5,0.5,0.4351101799962106,0.12678259516152726,0.33925632506638886,0.09885089977587339,13.959835324550124
720,144.09606404269513,1.4583333333333335,0.2,0.5,0.5,0.43508742189996596,0.12672931231027007,0.3393155707732849,0.09886769501647923,13.959835324550124
721,144.29619746497664,1.4583333333333335,0.2,0.5,0.5,0.4350668686397722,0.12667600701996415,0.3393739210212808,0.09888320331898298,13.959835324550124
722,144.49633088725815,1.4583333333333335,0.2,0.5,0.5,0.43504850252725585,0.1266227123480406,0.3394313526755407,0.09889743244916299,13.959835324550124
723,144.6964643095397,1.4583333333333335,0.2,0.5,0.5,0.43503230499960943,0.126569461088763,0.3394878432259328,0.0989103906856949,13.959835324550124
724,144.8965977318212,1.4583333333333335,0.2,0.5,0.5,0.43501825672068933,0.12651628584295857,0.3395433707033414,0.09892208673301081,13.959835324550124
725,145.09673115410274,1.4583333333333335,0.2,0.5,0.5,0.435006336991756,0.1264632182820073,0.33959791442080345,0.09893253030543339,13.959835324550124
726,145.29686457638425,1.4583333333333335,0.2,0.5,0.5,0.4349965240873266,0.12641028949156355,0.33965145460934065,0.09894173181176938,13.959835324550124
727,145.49699799866576,1.4583333333333335,0.2,0.5,0.5,0.4349887952848491,0.12635752995792615,0.33970397241960704,0.0989497023376179,13.959835324550124
728,145.6971314209473,1.4583333333333335,0.2,0.5,0.5,0.4349831268894621,0.1263049695486722,0.3397554499294083,0.09895645363245752,13.959835324550124
729,145.8972648432288,1.4583333333333335,0.2,0.5,0.5,0.4349794942587549,0.12625263749329127,0.3398058701512207,0.09896199809673334,13.959835324550124
730,146.09739826551032,1.4583333333333335,0.2,0.5,0.5,0.4349778718275266,0.12620056236381902,0.33985521703971044,0.09896634876894406,13.959835324550124
731,146.29753168779186,1.4583333333333335,0.2,0.5,0.5,0.4349782332743097,0.1261487723188022,0.33990347524305764,0.09896951916383065,13.959835324550124
732,146.49766511007337,1.4583333333333335,0.2,0.5,0.5,0.4349805516828886,0.12609729533796873,0.33995062986332225,0.09897152311582051,13.959835324550124
733,146.6977985323549,1.4583333333333335,0.2,0.5,0.5,0.43498479911469257,0.1260461583625705,0.3399966672814861,0.09897237524125096,13.959835324550124
734,146.89793195463642,1.4583333333333335,0.2,0.5,0.5,0.43499094684131584,0.12599538766194204,0.3400415747895042,0.09897209070723803,13.959835324550124
735,147.09806537691793,1.4583333333333335,0.2,0.5,0.5,0.4349989653816077,0.12594500883703788,0.3400853405755415,0.09897068520581301,13.959835324550124
736,147.29819879919947,1.4583333333333335,0.2,0.5,0.5,0.43500882452953227,0.12589504680682462,0.34012795372588966,0.09896817493775358,13.959835324550124
737,147.49833222148098,1.4583333333333335,0.2,0.5,0.5,0.43502049338202764,0.1258455257946731,0.3401694042268843,0.09896457659641504,13.959835324550124
738,147.6984656437625,1.4583333333333335,0.2,0.5,0.5,0.43503394036686605,0.12579646931475033,0.3402096829668222,0.09895990735156153,13.959835324550124
739,147.89859906604403,1.4583333333333335,0.2,0.5,0.5,0.43504913331271344,0.1257479003559615,0.3402487815654606,0.09895418476586458,13.959835324550124
740,148.09873248832554,1.4583333333333335,0.2,0.5,0.5,0.4350660395555724,0.1256998417362077,0.3402866920548685,0.09894742665335152,13.959835324550124
741,148.29886591060708,1.4583333333333335,0.2,0.5,0.5,0.43508462577964174,0.12565231521338752,0.3403234076453674,0.09893965136160351,13.959835324550124
742,148.4989993328886,1.4583333333333335,0.2,0.5,0.5,0.4351048581208586,0.12560534182607697,0.3403589224182329,0.0989308776348317,13.959835324550124
743,148.6991327551701,1.4583333333333335,0.2,0.5,0.5,0.4351267022029621,0.12555894191832628,0.34039323129409305,0.0989211245846187,13.959835324550124
744,148.89926617745164,1.4583333333333335,0.2,0.5,0.5,0.43515012316654467,0.12551313513162995,0.34042633002997696,0.09891041167184854,13.959835324550124
745,149.09939959973315,1.4583333333333335,0.2,0.5,0.5,0.43517508569810287,0.12546794039689688,0.34045821521636377,0.09889875868863665,13.959835324550124
746,149.29953302201466,1.4583333333333335,0.2,0.5,0.5,0.43520155405908895,0.1254233759264204,0.3404888842742309,0.09888618574025988,13.959835324550124
747,149.4996664442962,1.4583333333333335,0.2,0.5,0.5,0.435229492108946,0.12537945933626563,0.3405183353424298,0.09887271321235873,13.959835324550124
748,149.6997998665777,1.4583333333333335,0.2,0.5,0.5,0.43525886331539937,0.12533620804492696,0.3405465669327328,0.09885836170694101,13.959835324550124
749,149.89993328885924,1.4583333333333335,0.2,0.5,0.5,0.4352896308200552,0.12529363847299987,0.3405735785931607,0.0988431521137844,13.959835324550124
750,150.10006671114076,1.4583333333333335,0.2,0.5,0.5,0.43532175745476626,0.12525176631014906,0.3405993706737734,0.09882710556131141,13.959835324550124
751,150.30020013342227,1.4583333333333335,0.2,0.5,0.5,0.4353552057682534,0.12521060655975794,0.34062394427941833,0.0988102433925705,13.959835324550124
752,150.5003335557038,1.4583333333333335,0.2,0.5,0.5,0.43538993805492954,0.12517017353581641,0.34064730126264353,0.09879258714661061,13.959835324550124
753,150.70046697798531,1.4583333333333335,0.2,0.5,0.5,0.4354259163837245,0.1251304808598087,0.34066944421661094,0.09877415853985592,13.959835324550124
754,150.90060040026682,1.4583333333333335,0.2,0.5,0.5,0.43546310262690896,0.12509154145760099,0.34069037646800976,0.09875497944748045,13.959835324550124
755,151.10073382254836,1.4583333333333335,0.2,0.5,0.5,0.43550145846389615,0.1250533676328502,0.3407101020069289,0.09873507189632491,13.959835324550124
756,151.30086724482987,1.4583333333333335,0.2,0.5,0.5,0.4355409452855176,0.1250159714447703,0.34072862516599,0.0987144581037222,13.959835324550124
757,151.5010006671114,1.4583333333333335,0.2,0.5,0.5,0.4355815244319278,0.12497936406563817,0.34074595114000494,0.09869316036242923,13.959835324550124
758,151.70113408939292,1.4583333333333335,0.2,0.5,0.5,0.4356231571629334,0.12494355595656303,0.34076208583152,0.09867120104898369,13.959835324550124
759,151.90126751167443,1.4583333333333335,0.2,0.5,0.5,0.4356658046665071,0.12490855692648554,0.34077703579256013,0.09864860261444737,13.959835324550124
760,152.10140093395597,1.4583333333333335,0.2,0.5,0.5,0.4357094280862947,0.12487437613309356,0.34079080821422353,0.09862538756638839,13.959835324550124
761,152.30153435623748,1.4583333333333335,0.2,0.5,0.5,0.4357539885491222,0.12484102208373787,0.34080341091627664,0.09860157845086351,13.959835324550124
762,152.501667778519,1.4583333333333335,0.2,0.5,0.5,0.435799447192503,0.12480850263634806,0.3408148523367489,0.09857719783440023,13.959835324550124
763,152.70180120080053,1.4583333333333335,0.2,0.5,0.5,0.43584576516230017,0.12477682504087532,0.3408251414922311,0.09855226830459372,13.959835324550124
764,152.90193462308204,1.4583333333333335,0.2,0.5,0.5,0.4358929034030558,0.12474599626227344,0.34083428773465374,0.0985268126000173,13.959835324550124
765,153.10206804536358,1.4583333333333335,0.2,0.5,0.5,0.43594082303543225,0.1247160225062368,0.3408423010843813,0.09850085337394995,13.959835324550124
766,153.3022014676451,1.4583333333333335,0.2,0.5,0.5,0.4359894853157495,0.12468690931241184,0.34084919215308795,0.09847441321875106,13.959835324550124
767,153.5023348899266,1.4583333333333335,0.2,0.5,0.5,0.4360388516145951,0.1246586616217115,0.3408549720853535,0.09844751467834024,13.959835324550124
768,153.70246831220814,1.4583333333333335,0.2,0.5,0.5,0.4360888834419994,0.12463128378039764,0.34085965254596906,0.09842018023163421,13.959835324550124
769,153.90260173448965,1.4583333333333335,0.2,0.5,0.5,0.4361395424726102,0.12460477954416366,0.340863245707243,0.09839243227598339,13.959835324550124
770,154.1027351567712,1.4583333333333335,0.2,0.5,0.5,0.43619079057086835,0.12457915208221686,0.3408657642363063,0.09836429311060876,13.959835324550124
771,154.3028685790527,1.4583333333333335,0.2,0.5,0.5,0.43624258978703406,0.12455440400350393,0.34086722126897556,0.0983357849404867,13.959835324550124
772,154.5030020013342,1.4583333333333335,0.2,0.5,0.5,0.4362949020076058,0.12453053764548072,0.34086763022422845,0.09830693012268527,13.959835324550124
773,154.70313542361575,1.4583333333333335,0.2,0.5,0.5,0.43634768950026787,0.1245075546833446,0.34086700503121814,0.09827775078516962,13.959835324550124
774,154.90326884589726,1.4583333333333335,0.2,0.5,0.5,0.43640091488753,0.1244854561732663,0.3408653600928119,0.09824826884639203,13.959835324550124
775,155.10340226817877,1.4583333333333335,0.2,0.5,0.5,0.43645454106990494,0.12446424263395593,0.3408627102258573,0.098218506070282,13.959835324550124
776,155.3035356904603,1.4583333333333335,0.2,0.5,0.5,0.43650853124882544,0.12444391405246079,0.34085907064744686,0.0981884840512671,13.959835324550124
777,155.50366911274182,1.4583333333333335,0.2,0.5,0.5,0.4365628489495613,0.12442446988996327,0.34085445696118183,0.09815822419929374,13.959835324550124
778,155.70380253502336,1.4583333333333335,0.2,0.5,0.5,0.43661745804413665,0.12440590908757856,0.340848885143437,0.09812774772484799,13.959835324550124
779,155.90393595730487,1.4583333333333335,0.2,0.5,0.5,0.43667232277424667,0.12438823007215268,0.3408423715296244,0.09809707562397638,13.959835324550124
780,156.10406937958638,1.4583333333333335,0.2,0.5,0.5,0.43672740777417507,0.12437143076206016,0.34083493280045823,0.09806622866330666,13.959835324550124
781,156.30420280186792,1.4583333333333335,0.2,0.5,0.5,0.43678267781111296,0.12435550872431386,0.34082658588929493,0.09803522757527836,13.959835324550124
782,156.50433622414943,1.4583333333333335,0.2,0.5,0.5,0.43683809754402386,0.12434046132174498,0.34081734789465307,0.09800409323957819,13.959835324550124
783,156.70446964643094,1.4583333333333335,0.2,0.5,0.5,0.4368936324972662,0.12432628520976256,0.34080723633199045,0.09797284596098092,13.959835324550124
784,156.90460306871248,1.4583333333333335,0.2,0.5,0.5,0.43694924863761686,0.12431297658089707,0.34079626899543924,0.09794150578604695,13.959835324550124
785,157.104736490994,1.4583333333333335,0.2,0.5,0.5,0.4370049123719294,0.12430053118412261,0.3407844639370163,0.09791009250693183,13.959835324550124
786,157.30486991327552,1.4583333333333335,0.2,0.5,0.5,0.4370605905661315,0.12428894433275353,0.34077183945179235,0.09787862564932273,13.959835324550124
787,157.50500333555703,1.4583333333333335,0.2,0.5,0.5,0.43711625056422226,0.12427821091234101,0.3407584140630619,0.09784712446037497,13.959835324550124
788,157.70513675783855,1.4583333333333335,0.2,0.5,0.5,0.4371718602072694,0.12426832538856965,0.34074420650751275,0.09781560789664841,13.959835324550124
789,157.90527018012008,1.4583333333333335,0.2,0.5,0.5,0.4372273878524068,0.124259281815154,0.34072923572039543,0.09778409461204397,13.959835324550124
790,158.1054036024016,1.4583333333333335,0.2,0.5,0.5,0.4372828023710767,0.12425107384661835,0.340713520821859,0.09775260296044616,13.959835324550124
791,158.3055370246831,1.4583333333333335,0.2,0.5,0.5,0.4373380724962574,0.12424369490424063,0.34069708113986164,0.09772115145964055,13.959835324550124
792,158.50567044696464,1.4583333333333335,0.2,0.5,0.5,0.4373931675986196,0.12423713800581207,0.34067993615280184,0.0976897582427667,13.959835324550124
793,158.70580386924615,1.4583333333333335,0.2,0.5,0.5,0.4374480578319145,0.12423139574379771,0.3406621054675872,0.09765844095670079,13.959835324550124
794,158.9059372915277,1.4583333333333335,0.2,0.5,0.5,0.43750271389204576,0.12422646035438571,0.34064360881940714,0.09762721693416156,13.959835324550124
795,159.1060707138092,1.4583333333333335,0.2,0.5,0.5,0.4375571070319051,0.12422232372636316,0.34062446605713614,0.09759610318459573,13.959835324550124
796,159.3062041360907,1.4583333333333335,0.2,0.5,0.5,0.43761120907620776,0.12421897740999172,0.3406046971287373,0.0975651163850634,13.959835324550124
797,159.50633755837225,1.4583333333333335,0.2,0.5,0.5,0.4376649924363277,0.12421641262588352,0.34058432206666556,0.09753427287112337,13.959835324550124
798,159.70647098065376,1.4583333333333335,0.2,0.5,0.5,0.43771843012513345,0.12421462027387685,0.3405633609732712,0.09750358862771862,13.959835324550124
799,159.90660440293527,1.4583333333333335,0.2,0.5,0.5,0.43777149577182317,0.12421359094191191,0.34054183400620347,0.09747307928006158,13.959835324550124
800,160.1067378252168,1.4583333333333335,0.2,0.5,0.5,0.4378241634227057,0.12421331493997752,0.3405197614097895,0.09744276022752733,13.959835324550124
801,160.30687124749832,1.4583333333333335,0.2,0.5,0.5,0.43787640706211106,0.12421378236683735,0.34049716360652654,0.09741264696452517,13.959835324550124
802,160.50700466977986,1.4583333333333335,0.2,0.5,0.5,0.4379282017670888,0.12421498298540036,0.34047406093765786,0.09738275430985305,13.959835324550124
803,160.70713809206137,1.4583333333333335,0.2,0.5,0.5,0.43797952327728007,0.12421690628371247,0.3404504737441489,0.0973530966948586,13.959835324550124
804,160.90727151434288,1.4583333333333335,0.2,0.5,0.5,0.438030347949791,0.12421954149085529,0.3404264223649692,0.09732368819438457,13.959835324550124
805,161.10740493662442,1.4583333333333335,0.2,0.5,0.5,0.43808065276972935,0.12422287758632539,0.3404019271234192,0.09729454252052609,13.959835324550124
806,161.30753835890593,1.4583333333333335,0.2,0.5,0.5,0.4381304153607414,0.1242269033094135,0.34037700831345724,0.0972656730163879,13.959835324550124
807,161.50767178118744,1.4583333333333335,0.2,0.5,0.5,0.438179613995549,0.12423160716858375,0.3403516861860257,0.09723709264984158,13.959835324550124
808,161.70780520346898,1.4583333333333335,0.2,0.5,0.5,0.4382282276064863,0.12423697745085291,0.34032598093537814,0.09720881400728268,13.959835324550124
809,161.9079386257505,1.4583333333333335,0.2,0.5,0.5,0.43827623579296526,0.12424300223110457,0.3402999126864576,0.09718084928947253,13.959835324550124
810,162.10807204803203,1.4583333333333335,0.2,0.5,0.5,0.438323618281785,0.12424966936982003,0.3402735016696516,0.09715321067874334,13.959835324550124
811,162.30820547031354,1.4583333333333335,0.2,0.5,0.5,0.43837035538073915,0.1242569665318373,0.340246768055387,0.09712591003203644,13.959835324550124
812,162.50833889259505,1.4583333333333335,0.2,0.5,0.5,0.4384164283517908,0.12426488120340756,0.3402197318162695,0.09709895862853206,13.959835324550124
813,162.7084723148766,1.4583333333333335,0.2,0.5,0.5,0.4384618191061597,0.12427340069489608,0.34019241282143753,0.09707236737750656,13.959835324550124
814,162.9086057371581,1.4583333333333335,0.2,0.5,0.5,0.43850651021102244,0.12428251215008039,0.340164830824203,0.09704614681469408,13.959835324550124
815,163.1087391594396,1.4583333333333335,0.2,0.5,0.5,0.43855048489621196,0.12429220255544823,0.3401370054496919,0.09702030709864778,13.959835324550124
816,163.30887258172115,1.4583333333333335,0.2,0.5,0.5,0.4385937270609176,0.1243024587494955,0.34010895618248527,0.09699485800710153,13.959835324550124
817,163.50900600400266,1.4583333333333335,0.2,0.5,0.5,0.4386362212803849,0.12431326743202428,0.34008070235425947,0.09696980893333122,13.959835324550124
818,163.7091394262842,1.4583333333333335,0.2,0.5,0.5,0.43867795281261535,0.12432461517344091,0.3400522631314272,0.09694516888251634,13.959835324550124
819,163.9092728485657,1.4583333333333335,0.2,0.5,0.5,0.43871890748310627,0.12433648841646536,0.34002365755993025,0.0969209465404979,13.959835324550124
820,164.10940627084722,1.4583333333333335,0.2,0.5,0.5,0.43875907113021806,0.12434887345050279,0.33999490481592726,0.0968971506033517,13.959835324550124
821,164.30953969312876,1.4583333333333335,0.2,0.5,0.5,0.4387984306310434,0.12436175648435507,0.3399660237158391,0.09687378916876217,13.959835324550124
822,164.50967311541027,1.4583333333333335,0.2,0.5,0.5,0.4388369736012808,0.12437512363642778,0.33993703284777255,0.09685086991451862,13.959835324550124
823,164.70980653769178,1.4583333333333335,0.2,0.5,0.5,0.4388746883083061,0.12438896093820258,0.33990795060303586,0.09682840015045517,13.959835324550124
824,164.90993995997331,1.4583333333333335,0.2,0.5,0.5,0.43891156367404377,0.12440325434329702,0.33987879516557395,0.09680638681708498,13.959835324550124
825,165.11007338225482,1.4583333333333335,0.2,0.5,0.5,0.4389475892778378,0.12441798973652422,0.3398495845014032,0.09678483648423455,13.959835324550124
826,165.31020680453636,1.4583333333333335,0.2,0.5,0.5,0.43898275535932274,0.12443315294295276,0.3398203363480463,0.09676375534967795,13.959835324550124
827,165.51034022681787,1.4583333333333335,0.2,0.5,0.5,0.4390170528212951,0.12444872973696633,0.3397910682039673,0.09674314923777101,13.959835324550124
828,165.71047364909938,1.4583333333333335,0.2,0.5,0.5,0.4390504732325841,0.12446470585132356,0.3397617973180064,0.0967230235980857,13.959835324550124
829,165.91060707138092,1.4583333333333335,0.2,0.5,0.5,0.43908300853334664,0.12448106694988194,0.3397325408527187,0.0967033836640525,13.959835324550124
830,166.11074049366243,1.4583333333333335,0.2,0.5,0.5,0.43911465107559394,0.12449779864125547,0.33970331585180324,0.09668423443134712,13.959835324550124
831,166.31087391594394,1.4583333333333335,0.2,0.5,0.5,0.4391453940654269,0.1245148865415236,0.33967413897277293,0.09666558042027634,13.959835324550124
832,166.51100733822548,1.4583333333333335,0.2,0.5,0.5,0.43917523131272573,0.12453231625237592,0.3396450266243488,0.09664742581054932,13.959835324550124
833,166.711140760507,1.4583333333333335,0.2,0.5,0.5,0.4392041572277965,0.12455007336941187,0.3396159949595328,0.09662977444325858,13.959835324550124
834,166.91127418278853,1.4583333333333335,0.2,0.5,0.5,0.439232166818469,0.12456814349049566,0.33958705986841636,0.09661262982261874,13.959835324550124
835,167.11140760507004,1.4583333333333335,0.2,0.5,0.5,0.4392592556871942,0.12458651222411092,0.3395582369709894,0.09659599511770527,13.959835324550124
836,167.31154102735155,1.4583333333333335,0.2,0.5,0.5,0.4392854200309144,0.12460516518516444,0.3395295416187968,0.09657987316512415,13.959835324550124
837,167.5116744496331,1.4583333333333335,0.2,0.5,0.5,0.4393106566434714,0.12462408797930358,0.3395009889046911,0.09656426647253373,13.959835324550124
838,167.7118078719146,1.4583333333333335,0.2,0.5,0.5,0.43933496290077123,0.12464326626528449,0.3394725936175674,0.09654917721637671,13.959835324550124
839,167.9119412941961,1.4583333333333335,0.2,0.5,0.5,0.4393583367626267,0.1246626857418488,0.33944437025031227,0.09653460724521204,13.959835324550124
840,168.11207471647765,1.4583333333333335,0.2,0.5,0.5,0.43938077677039505,0.12468233215363428,0.33941633299433543,0.09652055808163498,13.959835324550124
841,168.31220813875916,1.4583333333333335,0.2,0.5,0.5,0.4394022820441809,0.12470219129905163,0.33938849573271596,0.09650703092405126,13.959835324550124
842,168.5123415610407,1.4583333333333335,0.2,0.5,0.5,0.4394228522800396,0.12472224903816109,0.3393608720333479,0.0964940266484512,13.959835324550124
843,168.7124749833222,1.4583333333333335,0.2,0.5,0.5,0.439442487719471,0.12474249129561317,0.33933347516151374,0.09648154582340185,13.959835324550124
844,168.91260840560372,1.4583333333333335,0.2,0.5,0.5,0.43946118893579067,0.12476290403096875,0.3393063182208472,0.09646958881239304,13.959835324550124
845,169.11274182788526,1.4583333333333335,0.2,0.5,0.5,0.4394789571327646,0.12478347330027122,0.3392794139351422,0.09645815563182167,13.959835324550124
846,169.31287525016677,1.4583333333333335,0.2,0.5,0.5,0.4394957940826886,0.12480418525339129,0.3392527746829506,0.09644724598096918,13.959835324550124
847,169.51300867244828,1.4583333333333335,0.2,0.5,0.5,0.43951170208258444,0.1248250261345988,0.3392264125194793,0.09643685926333714,13.959835324550124
848,169.71314209472982,1.4583333333333335,0.2,0.5,0.5,0.4395266839486092,0.12484598228994166,0.3392003391716947,0.09642699458975411,13.959835324550124
849,169.91327551701133,1.4583333333333335,0.2,0.5,0.5,0.4395407430104645,0.12486704017462497,0.3391745660334276,0.09641765078148264,13.959835324550124
850,170.11340893929287,1.4583333333333335,0.2,0.5,0.5,0.43955388310323495,0.12488818635928048,0.3391491041630442,0.09640882637443997,13.959835324550124
851,170.31354236157438,1.4583333333333335,0.2,0.5,0.5,0.4395661084432027,0.1249094074861644,0.3391239643969392,0.09640051967369326,13.959835324550124
852,170.5136757838559,1.4583333333333335,0.2,0.5,0.5,0.4395774237299744,0.12493069032302348,0.33909915723711037,0.09639272870989138,13.959835324550124
853,170.71380920613743,1.4583333333333335,0.2,0.5,0.5,0.4395878341803414,0.1249520217874995,0.33907469280688124,0.09638545122527745,13.959835324550124
854,170.91394262841894,1.4583333333333335,0.2,0.5,0.5,0.43959734547536033,0.12497338893408287,0.33905058089325263,0.09637868469730383,13.959835324550124
855,171.11407605070045,1.4583333333333335,0.2,0.5,0.5,0.43960596375313027,0.1249947789607874,0.33902683094363595,0.09637242634244607,13.959835324550124
856,171.314209472982,1.4583333333333335,0.2,0.5,0.5,0.43961369560157054,0.12501617921582509,0.33900345206258725,0.09636667312001684,13.959835324550124
857,171.5143428952635,1.4583333333333335,0.2,0.5,0.5,0.4396205480511981,0.12503757720428085,0.33898045300854074,0.09636142173598002,13.959835324550124
858,171.71447631754504,1.4583333333333335,0.2,0.5,0.5,0.439626528507657,0.1250589605538935,0.3389578422576542,0.09635666868079502,13.959835324550124
859,171.91460973982655,1.4583333333333335,0.2,0.5,0.5,0.4396316447385166,0.1250803170176722,0.3389356280072027,0.09635241023660822,13.959835324550124
860,172.11474316210806,1.4583333333333335,0.2,0.5,0.5,0.43963590497503685,0.12510163455454706,0.3389138180509095,0.09634864241950636,13.959835324550124
861,172.3148765843896,1.4583333333333335,0.2,0.5,0.5,0.43963931784614363,0.125122901296132,0.3388924198411799,0.09634536101654421,13.959835324550124
862,172.5150100066711,1.4583333333333335,0.2,0.5,0.5,0.43964189236952084,0.12514410555225514,0.3388714404877131,0.0963425615905107,13.959835324550124
863,172.71514342895262,1.4583333333333335,0.2,0.5,0.5,0.439643637943104,0.12516523581676245,0.3388508867556655,0.09634023948446789,13.959835324550124
864,172.91527685123415,1.4583333333333335,0.2,0.5,0.5,0.4396445643365743,0.125186280773321,0.3388307650638144,0.09633838982629017,13.959835324550124
865,173.11541027351566,1.4583333333333335,0.2,0.5,0.5,0.43964468165961573,0.1252072292817655,0.3388110815154786,0.09633700754314004,13.959835324550124
866,173.3155436957972,1.4583333333333335,0.2,0.5,0.5,0.4396440002968795,0.12522807033656624,0.33879184197637263,0.09633608739018147,13.959835324550124
867,173.5156771180787,1.4583333333333335,0.2,0.5,0.5,0.43964253101489753,0.12524879316927987,0.3387730519100614,0.09633562390576104,13.959835324550124
868,173.71581054036022,1.4583333333333335,0.2,0.5,0.5,0.43964028491060514,0.12526938721837091,0.33875471643670074,0.09633561143432309,13.959835324550124
869,173.91594396264176,1.4583333333333335,0.2,0.5,0.5,0.4396372733965324,0.12528984212973787,0.3387368403400857,0.09633604413364388,13.959835324550124
870,174.11607738492327,1.4583333333333335,0.2,0.5,0.5,0.43963350819129293,0.12531014776167487,0.33871942806723143,0.09633691597980064,13.959835324550124
871,174.31621080720478,1.4583333333333335,0.2,0.5,0.5,0.43962900131007226,0.12533029418983344,0.3387024837279537,0.09633822077214049,13.959835324550124
872,174.51634422948632,1.4583333333333335,0.2,0.5,0.5,0.4396237650471585,0.1253502717011209,0.3386860111094822,0.09633995214223834,13.959835324550124
873,174.71647765176783,1.4583333333333335,0.2,0.5,0.5,0.439617811894909,0.12537007069923062,0.3386700138111437,0.09634210359471658,13.959835324550124
874,174.91661107404937,1.4583333333333335,0.2,0.5,0.5,0.43961115464168854,0.12538968185898267,0.33865449504097433,0.09634466845835443,13.959835324550124
875,175.11674449633088,1.4583333333333335,0.2,0.5,0.5,0.4396038063431484,0.1254090961045803,0.33863945765158565,0.0963476399006856,13.959835324550124
876,175.3168779186124,1.4583333333333335,0.2,0.5,0.5,0.4395957802962945,0.12542830459174337,0.3386249041707639,0.0963510109411982,13.959835324550124
877,175.51701134089393,1.4583333333333335,0.2,0.5,0.5,0.43958709002950946,0.12544729871202173,0.3386108368019313,0.09635477445653746,13.959835324550124
878,175.71714476317544,1.4583333333333335,0.2,0.5,0.5,0.4395777492925749,0.12546607009710858,0.338597257424608,0.09635892318570845,13.959835324550124
879,175.91727818545695,1.4583333333333335,0.2,0.5,0.5,0.4395677720466939,0.12548461062315402,0.3385841675948734,0.09636344973527868,13.959835324550124
880,176.1174116077385,1.4583333333333335,0.2,0.5,0.5,0.43955717245451265,0.1255029124150784,0.338571568545828,0.09636834658458092,13.959835324550124
881,176.31754503002,1.4583333333333335,0.2,0.5,0.5,0.43954596487001996,0.12552096785059855,0.3385594611883925,0.09637360609098894,13.959835324550124
882,176.51767845230154,1.4583333333333335,0.2,0.5,0.5,0.4395341637536156,0.125538769390124,0.3385478463167751,0.09637922053948529,13.959835324550124
883,176.71781187458305,1.4583333333333335,0.2,0.5,0.5,0.43952178371163786,0.12555630969626952,0.3385367244735309,0.09638518211856174,13.959835324550124
884,176.91794529686456,1.4583333333333335,0.2,0.5,0.5,0.4395088395516444,0.12557358179002512,0.3385260957715351,0.09639148288679543,13.959835324550124
885,177.1180787191461,1.4583333333333335,0.2,0.5,0.5,0.43949534622323116,0.12559057894057402,0.33851596002901996,0.09639811480717488,13.959835324550124
886,177.3182121414276,1.4583333333333335,0.2,0.5,0.5,0.43948131880746316,0.12560729466822856,0.3385063167716553,0.09640506975265303,13.959835324550124
887,177.51834556370912,1.4583333333333335,0.2,0.5,0.5,0.43946677250630417,0.12562372274736605,0.33849716523462936,0.09641233951170046,13.959835324550124
888,177.71847898599066,1.4583333333333335,0.2,0.5,0.5,0.4394517226320473,0.1256398572093646,0.3384885043647297,0.09641991579385842,13.959835324550124
889,177.91861240827217,1.4583333333333335,0.2,0.5,0.5,0.43943618459674527,0.12565569234553892,0.33848033282242396,0.09642779023529191,13.959835324550124
890,178.1187458305537,1.4583333333333335,0.2,0.5,0.5,0.43942017390164045,0.1256712227100762,0.3384726489839405,0.09643595440434288,13.959835324550124
891,178.31887925283522,1.4583333333333335,0.2,0.5,0.5,0.4394037061296464,0.12568644304950283,0.3384654510109872,0.09644439980986368,13.959835324550124
892,178.51901267511673,1.4583333333333335,0.2,0.5,0.5,0.4393867969401786,0.1257013481755727,0.3384587369725569,0.09645311791169185,13.959835324550124
893,178.71914609739827,1.4583333333333335,0.2,0.5,0.5,0.4393694620447326,0.12571593330176717,0.33845250453992076,0.09646210011357953,13.959835324550124
894,178.91927951967978,1.4583333333333335,0.2,0.5,0.5,0.4393517172020792,0.12573019390739715,0.33844675111652306,0.09647133777400065,13.959835324550124
895,179.1194129419613,1.4583333333333335,0.2,0.5,0.5,0.43933357820828356,0.12574412572637678,0.33844147385309964,0.09648082221224011,13.959835324550124
896,179.31954636424283,1.4583333333333335,0.2,0.5,0.5,0.4393150608861917,0.12575772474878688,0.3384366696510227,0.09649054471399872,13.959835324550124
897,179.51967978652434,1.4583333333333335,0.2,0.5,0.5,0.4392961810749185,0.12577098722243837,0.3384323351656448,0.09650049653699833,13.959835324550124
898,179.71981320880587,1.4583333333333335,0.2,0.5,0.5,0.4392769546193344,0.1257839096544357,0.3384284668096431,0.0965106689165868,13.959835324550124
899,179.91994663108738,1.4583333333333335,0.2,0.5,0.5,0.4392573973595527,0.12579648881274036,0.3384250607563638,0.09652105307134311,13.959835324550124
900,180.1200800533689,1.4583333333333335,0.2,0.5,0.5,0.43923752512661374,0.12580872171042903,0.33842211295602603,0.09653164020693113,13.959835324550124
901,180.32021347565043,1.4583333333333335,0.2,0.5,0.5,0.43921735381071164,0.12582060538736334,0.33841961930247266,0.0965424214994523,13.959835324550124
902,180.52034689793194,1.4583333333333335,0.2,0.5,0.5,0.43919689924195277,0.12583213721539646,0.33841757541087264,0.09655338813177815,13.959835324550124
903,180.72048032021348,1.4583333333333335,0.2,0.5,0.5,0.43917617719072055,0.1258433148695592,0.3384159766436389,0.09656453129608131,13.959835324550124
904,180.920613742495,1.4583333333333335,0.2,0.5,0.5,0.4391552033783415,0.12585413627047876,0.3384148181577244,0.09657584219345533,13.959835324550124
905,181.1207471647765,1.4583333333333335,0.2,0.5,0.5,0.43913399346707693,0.12586459958453242,0.33841409490901364,0.09658731203937704,13.959835324550124
906,181.32088058705804,1.4583333333333335,0.2,0.5,0.5,0.4391125630501153,0.12587470322400085,0.33841380165671486,0.09659893206916895,13.959835324550124
907,181.52101400933955,1.4583333333333335,0.2,0.5,0.5,0.4390909276415644,0.12588444584722194,0.33841393296775213,0.09661069354346156,13.959835324550124
908,181.72114743162106,1.4583333333333335,0.2,0.5,0.5,0.439069102666443,0.12589382635874416,0.3384144832211571,0.09662258775365577,13.959835324550124
909,181.9212808539026,1.4583333333333335,0.2,0.5,0.5,0.4390471034506735,0.12590284390948023,0.3384154466124611,0.09663460602738527,13.959835324550124
910,182.1214142761841,1.4583333333333335,0.2,0.5,0.5,0.43902494531762026,0.12591149775140273,0.33841681723953587,0.09664673969144119,13.959835324550124
911,182.32154769846565,1.4583333333333335,0.2,0.5,0.5,0.4390026435341703,0.12591978729764605,0.33841858907341793,0.09665898009476578,13.959835324550124
912,182.52168112074716,1.4583333333333335,0.2,0.5,0.5,0.43898021316555563,0.1259277123071939,0.33842075585937065,0.09667131866787988,13.959835324550124
913,182.72181454302867,1.4583333333333335,0.2,0.5,0.5,0.43895766915299333,0.1259352727653758,0.33842331118827823,0.09668374689335267,13.959835324550124
914,182.9219479653102,1.4583333333333335,0.2,0.5,0.5,0.43893502630464204,0.12594246888270408,0.33842624850177483,0.09669625631087919,13.959835324550124
915,183.12208138759172,1.4583333333333335,0.2,0.5,0.5,0.4389122992865385,0.12594930109373745,0.3384295610973588,0.09670883852236535,13.959835324550124
916,183.32221480987323,1.4583333333333335,0.2,0.5,0.5,0.43888950261353515,0.1259557700559448,0.338433242133507,0.09672148519701317,13.959835324550124
917,183.52234823215477,1.4583333333333335,0.2,0.5,0.5,0.4388666506402366,0.1259618766485686,0.3384372846347891,0.09673418807640584,13.959835324550124
918,183.72248165443628,1.4583333333333335,0.2,0.5,0.5,0.43884375755193683,0.12596762197148853,0.3384416814969819,0.09674693897959288,13.959835324550124
919,183.92261507671782,1.4583333333333335,0.2,0.5,0.5,0.4388208374137166,0.12597300729170013,0.3384464255114795,0.09675972978310393,13.959835324550124
920,184.12274849899933,1.4583333333333335,0.2,0.5,0.5,0.43879790430921056,0.1259780339090276,0.33845150941945357,0.09677255236230843,13.959835324550124
921,184.32288192128084,1.4583333333333335,0.2,0.5,0.5,0.43877497200538285,0.12598270344876114,0.3384569258087563,0.09678539873709986,13.959835324550124
922,184.52301534356238,1.4583333333333335,0.2,0.5,0.5,0.4387520540669339,0.125987017749311,0.33846266715999884,0.0967982610237564,13.959835324550124
923,184.7231487658439,1.4583333333333335,0.2,0.5,0.5,0.43872916386574995,0.12599097884439717,0.3384687258578072,0.09681113143204584,13.959835324550124
924,184.9232821881254,1.4583333333333335,0.2,0.5,0.5,0.43870631457314874,0.12599458896073393,0.3384750941963709,0.09682400226974663,13.959835324550124
925,185.12341561040694,1.4583333333333335,0.2,0.5,0.5,0.4386835191521257,0.1259978505157144,0.3384817643849915,0.09683686594716857,13.959835324550124
926,185.32354903268845,1.4583333333333335,0.2,0.5,0.5,0.4386607903495999,0.1260007661150952,0.3384887285536314,0.09684971498167375,13.959835324550124
927,185.52368245497,1.4583333333333335,0.2,0.5,0.5,0.43863814068866,0.1260033385506809,0.33849597875846194,0.09686254200219734,13.959835324550124
928,185.7238158772515,1.4583333333333335,0.2,0.5,0.5,0.43861558247437044,0.12600557078989202,0.3385035069883496,0.09687533974738816,13.959835324550124
929,185.923949299533,1.4583333333333335,0.2,0.5,0.5,0.43859312803930905,0.12600746582183633,0.3385113051879048,0.09688810095095003,13.959835324550124
930,186.12408272181455,1.4583333333333335,0.2,0.5,0.5,0.4385707894130331,0.12600902684820037,0.3385193652407288,0.09690081849803792,13.959835324550124
931,186.32421614409606,1.4583333333333335,0.2,0.5,0.5,0.438548578314871,0.12601025728060736,0.33852767897499986,0.09691348542952202,13.959835324550124
932,186.52434956637757,1.4583333333333335,0.2,0.5,0.5,0.43852650622676914,0.12601116069005625,0.3385362381745908,0.09692609490858405,13.959835324550124
933,186.7244829886591,1.4583333333333335,0.2,0.5,0.5,0.4385045843870501,0.12601174080370134,0.3385450345847221,0.09693864022452665,13.959835324550124
934,186.92461641094062,1.4583333333333335,0.2,0.5,0.5,0.43848282378416964,0.12601200150163228,0.338554059917615,0.09695111479658322,13.959835324550124
935,187.12474983322215,1.4583333333333335,0.2,0.5,0.5,0.43846123515047475,0.1260119468136537,0.3385633058581443,0.0969635121777274,13.959835324550124
936,187.32488325550366,1.4583333333333335,0.2,0.5,0.5,0.43843982895596073,0.1260115809160651,0.33857276406949155,0.09697582605848275,13.959835324550124
937,187.52501667778517,1.4583333333333335,0.2,0.5,0.5,0.4384186154020292,0.12601090812844049,0.33858242619879814,0.09698805027073235,13.959835324550124
938,187.7251501000667,1.4583333333333335,0.2,0.5,0.5,0.4383976045141517,0.12600993286990533,0.33859228387443885,0.09700017874150425,13.959835324550124
939,187.92528352234822,1.4583333333333335,0.2,0.5,0.5,0.43837680632626397,0.12600865957784915,0.3386023286955247,0.09701220540036232,13.959835324550124
940,188.12541694462973,1.4583333333333335,0.2,0.5,0.5,0.43835623039958593,0.12600709289919593,0.3386125522777919,0.09702412442342635,13.959835324550124
941,188.32555036691127,1.4583333333333335,0.2,0.5,0.5,0.4383358860107296,0.12600523760759605,0.3386229462427897,0.09703593013888477,13.959835324550124
942,188.52568378919278,1.4583333333333335,0.2,0.5,0.5,0.4383157821670917,0.1260030985913462,0.33863350222170063,0.09704761701986152,13.959835324550124
943,188.72581721147432,1.4583333333333335,0.2,0.5,0.5,0.43829592760240266,0.12600068084943575,0.33864421186084176,0.09705917968731992,13.959835324550124
944,188.92595063375583,1.4583333333333335,0.2,0.5,0.5,0.4382763307722746,0.12599798948759294,0.338655066827166,0.09707061291296647,13.959835324550124
945,189.12608405603734,1.4583333333333335,0.2,0.5,0.5,0.4382569998497505,0.12599502971433163,0.3386660588137633,0.09708191162215464,13.959835324550124
946,189.32621747831888,1.4583333333333335,0.2,0.5,0.5,0.43823794272085187,0.12599180683699726,0.33867717954536214,0.09709307089678876,13.959835324550124
947,189.5263509006004,1.4583333333333335,0.2,0.5,0.5,0.4382191669812444,0.12598832625757325,0.3386884207835547,0.09710408597762768,13.959835324550124
948,189.7264843228819,1.4583333333333335,0.2,0.5,0.5,0.43820068019067193,0.12598459341298116,0.338699774268323,0.097114952128024,13.959835324550124
949,189.92661774516344,1.4583333333333335,0.2,0.5,0.5,0.4381824896683417,0.1259806138142284,0.3387112317730039,0.0971256647444261,13.959835324550124
950,190.12675116744495,1.4583333333333335,0.2,0.5,0.5,0.4381646023043188,0.1259763930821085,0.33872278515529847,0.09713621945827429,13.959835324550124
951,190.3268845897265,1.4583333333333335,0.2,0.5,0.5,0.438147024709236,0.12597193691005193,0.33873442632467726,0.09714661205603488,13.959835324550124
952,190.527018012008,1.4583333333333335,0.2,0.5,0.5,0.4381297632116535,0.12596725105978243,0.33874614724743385,0.09715683848113041,13.959835324550124
953,190.7271514342895,1.4583333333333335,0.2,0.5,0.5,0.43811282385541855,0.12596234135697343,0.3387579399517384,0.09716689483586975,13.959835324550124
954,190.92728485657105,1.4583333333333335,0.2,0.5,0.5,0.43809621239702556,0.12595721368690435,0.33876979653269185,0.0971767773833784,13.959835324550124
955,191.12741827885256,1.4583333333333335,0.2,0.5,0.5,0.4380799343029755,0.12595187399011706,0.33878170915737904,0.09718648254952858,13.959835324550124
956,191.32755170113407,1.4583333333333335,0.2,0.5,0.5,0.43806399474713575,0.12594632825807217,0.3387936700699229,0.0971960069248694,13.959835324550124
957,191.5276851234156,1.4583333333333335,0.2,0.5,0.5,0.4380483986539901,0.12594058252620757,0.33880567157922986,0.09720534724057263,13.959835324550124
958,191.72781854569712,1.4583333333333335,0.2,0.5,0.5,0.4380331509715763,0.12593464285399467,0.33881770596010713,0.0972145002143221,13.959835324550124
959,191.92795196797866,1.4583333333333335,0.2,0.5,0.5,0.4380182562048966,0.12592851534685837,0.33882976563329886,0.09722346281494629,13.959835324550124
960,192.12808539026017,1.4583333333333335,0.2,0.5,0.5,0.43800371853291703,0.12592220614506103,0.338841843125417,0.0972322321966051,13.959835324550124
961,192.32821881254168,1.4583333333333335,0.2,0.5,0.5,0.4379895418584176,0.1259157214163871,0.33885393105419737,0.09724080567099805,13.959835324550124
962,192.52835223482322,1.4583333333333335,0.2,0.5,0.5,0.4379757298071091,0.1259090673517002,0.33886602213289113,0.09724918070829973,13.959835324550124
963,192.72848565710473,1.4583333333333335,0.2,0.5,0.5,0.4379622857267496,0.12590225016049997,0.33887810917465544,0.09725735493809513,13.959835324550124
964,192.92861907938624,1.4583333333333335,0.2,0.5,0.5,0.4379492126862614,0.12589527606647896,0.33889018509694474,0.097265326150315,13.959835324550124
965,193.12875250166778,1.4583333333333335,0.2,0.5,0.5,0.43793651347484747,0.1258881513030796,0.3389022429259018,0.09727309229617118,13.959835324550124
966,193.3288859239493,1.4583333333333335,0.2,0.5,0.5,0.437924190601108,0.1258808821090511,0.33891427580074895,0.09728065148909205,13.959835324550124
967,193.52901934623083,1.4583333333333335,0.2,0.5,0.5,0.43791224644013066,0.1258734747415326,0.33892627690096533,0.09728800191737148,13.959835324550124
968,193.72915276851234,1.4583333333333335,0.2,0.5,0.5,0.43790068326491177,0.12586593547543634,0.33893823943382195,0.09729514182583007,13.959835324550124
969,193.92928619079385,1.4583333333333335,0.2,0.5,0.5,0.4378895029072176,0.12585827055894086,0.3389501568152755,0.09730206971856609,13.959835324550124
970,194.12941961307538,1.4583333333333335,0.2,0.5,0.5,0.4378787069375565,0.12585048623046888,0.3389620225799888,0.0973087842519859,13.959835324550124
971,194.3295530353569,1.4583333333333335,0.2,0.5,0.5,0.43786829666885857,0.1258425887147846,0.3389738303833402,0.0973152842330167,13.959835324550124
972,194.5296864576384,1.4583333333333335,0.2,0.5,0.5,0.43785827315718123,0.1258345842187389,0.338985574004986,0.09732156861909402,13.959835324550124
973,194.72981987991994,1.4583333333333335,0.2,0.5,0.5,0.4378486372024145,0.1258264789270142,0.3389972473524222,0.09732763651814921,13.959835324550124
974,194.92995330220145,1.4583333333333335,0.2,0.5,0.5,0.4378393893489863,0.1258182789978699,0.33900884446454704,0.09733348718859691,13.959835324550124
975,195.130086724483,1.4583333333333335,0.2,0.5,0.5,0.43783052988656795,0.12580999055888706,0.3390203595152226,0.09733912003932257,13.959835324550124
976,195.3302201467645,1.4583333333333335,0.2,0.5,0.5,0.4378220588618424,0.12580161970608322,0.33903178680931656,0.09734453462275802,13.959835324550124
977,195.530353569046,1.4583333333333335,0.2,0.5,0.5,0.4378139763071649,0.12579317256908482,0.3390431206313012,0.09734973049244926,13.959835324550124
978,195.73048699132755,1.4583333333333335,0.2,0.5,0.5,0.43780628195711024,0.12578465522032733,0.339054355441985,0.09735470738057768,13.959835324550124
979,195.93062041360906,1.4583333333333335,0.2,0.5,0.5,0.4377989752417232,0.12577607366852983,0.3390654858871423,0.09735946520260491,13.959835324550124
980,196.13075383589057,1.4583333333333335,0.2,0.5,0.5,0.4377920553625647,0.1257674338773864,0.3390765067498594,0.09736400401018974,13.959835324550124
981,196.3308872581721,1.4583333333333335,0.2,0.5,0.5,0.437785521294782,0.12575874176172672,0.33908741295316847,0.09736832399032307,13.959835324550124
982,196.53102068045362,1.4583333333333335,0.2,0.5,0.5,0.43777937178917775,0.12575000318367677,0.3390981995626828,0.09737242546446291,13.959835324550124
983,196.73115410273516,1.4583333333333335,0.2,0.5,0.5,0.43777360537428067,0.12574122394881948,0.33910886178923066,0.09737630888766943,13.959835324550124
984,196.93128752501667,1.4583333333333335,0.2,0.5,0.5,0.4377682203584148,0.1257324098023553,0.33911939499149024,0.09737997484773991,13.959835324550124
985,197.13142094729818,1.4583333333333335,0.2,0.5,0.5,0.4377632148317695,0.12572356642526308,0.339129794678624,0.09738342406434376,13.959835324550124
986,197.33155436957972,1.4583333333333335,0.2,0.5,0.5,0.4377585867421154,0.12571469947209762,0.3391400564456655,0.09738665734012175,13.959835324550124
987,197.53168779186123,1.4583333333333335,0.2,0.5,0.5,0.4377543340401564,0.12570581464815794,0.339150175845321,0.09738967546636498,13.959835324550124
988,197.73182121414274,1.4583333333333335,0.2,0.5,0.5,0.43775045430469106,0.12569691749255543,0.3391601487347648,0.09739247946798897,13.959835324550124
989,197.93195463642428,1.4583333333333335,0.2,0.5,0.5,0.4377469449023141,0.12568801346349448,0.3391699711343384,0.0973950704998533,13.959835324550124
990,198.1320880587058,1.4583333333333335,0.2,0.5,0.5,0.43774380300734816,0.12567910794453205,0.3391796392138742,0.09739744983424585,13.959835324550124
991,198.33222148098733,1.4583333333333335,0.2,0.5,0.5,0.4377410256046762,0.12567020624116915,0.3391891492946341,0.09739961885952073,13.959835324550124
992,198.53235490326884,1.4583333333333335,0.2,0.5,0.5,0.4377386094925732,0.12566131357744226,0.33919849785124856,0.0974015790787362,13.959835324550124
993,198.73248832555035,1.4583333333333335,0.2,0.5,0.5,0.437736551285538,0.125652435092515,0.33920768151365455,0.09740333210829259,13.959835324550124
994,198.9326217478319,1.4583333333333335,0.2,0.5,0.5,0.43773484741712543,0.12564357583726962,0.33921669706903484,0.09740487967657026,13.959835324550124
995,199.1327551701134,1.4583333333333335,0.2,0.5,0.5,0.43773349414277807,0.12563474077089848,0.3392255414637562,0.09740622362256743,13.959835324550124
996,199.3328885923949,1.4583333333333335,0.2,0.5,0.5,0.43773248754265837,0.12562593475749556,0.3392342118053081,0.09740736589453816,13.959835324550124
997,199.53302201467645,1.4583333333333335,0.2,0.5,0.5,0.4377318235244803,0.12561716256264807,0.3392427053642414,0.09740830854863032,13.959835324550124
998,199.73315543695796,1.4583333333333335,0.2,0.5,0.5,0.43773149801110306,0.1256084289959326,0.33925101937140056,0.09740905362156392,13.959835324550124
999,199.9332888592395,1.4583333333333335,0.2,0.5,0.5,0.43773150696419283,0.125599738923956,0.33925915099678305,0.09740960311506824,13.959835324550124
1000,200.133422281521,1.4583333333333335,0.2,0.5,0.5,0.43773184596209985,0.1255910969313633,0.33926709782230763,0.09740995928422931,13.959835324550124
1001,200.33355570380252,1.4583333333333335,0.2,0.5,0.5,0.43773251043959893,0.12558250750451405,0.33927485758126985,0.0974101244746173,13.959835324550124
1002,200.53368912608406,1.4583333333333335,0.2,0.5,0.5,0.43773349569566633,0.1255739750319789,0.33928242815480164,0.0974101011175533,13.959835324550124
1003,200.73382254836557,1.4583333333333335,0.2,0.5,0.5,0.4377347968974056,0.125565503801995,0.33928980757259813,0.09740989172800145,13.959835324550124
1004,200.93395597064708,1.4583333333333335,0.2,0.5,0.5,0.4377364090839732,0.12555709799992118,0.3392969940136445,0.09740949890246124,13.959835324550124
1005,201.13408939292862,1.4583333333333335,0.2,0.5,0.5,0.43773832717050465,0.12554876170569337,0.3393039858069425,0.09740892531685968,13.959835324550124
1006,201.33422281521013,1.4583333333333335,0.2,0.5,0.5,0.43774054595203965,0.12554049889127986,0.33931078143223714,0.09740817372444353,13.959835324550124
1007,201.53435623749166,1.4583333333333335,0.2,0.5,0.5,0.4377430601074484,0.1255323134181366,0.33931737952074364,0.0974072469536715,13.959835324550124
1008,201.73448965977317,1.4583333333333335,0.2,0.5,0.5,0.43774586420335704,0.1255242090346625,0.33932377885587417,0.09740614790610651,13.959835324550124
1009,201.93462308205469,1.4583333333333335,0.2,0.5,0.5,0.4377489526986124,0.1255161893746546,0.3393299783728355,0.0974048795538977,13.959835324550124
1010,202.13475650433622,1.4583333333333335,0.2,0.5,0.5,0.4377523200751854,0.12550825819034878,0.3393359768934289,0.09740344484103713,13.959835324550124
1011,202.33488992661773,1.4583333333333335,0.2,0.5,0.5,0.43775596073324624,0.12550041914792123,0.3393417733547407,0.09740184676409201,13.959835324550124
1012,202.53502334889924,1.4583333333333335,0.2,0.5,0.5,0.4377598689068869,0.12549267566129782,0.33934736699459184,0.09740008843722364,13.959835324550124
1013,202.73515677118078,1.4583333333333335,0.2,0.5,0.5,0.43776403874731834,0.12548503103668415,0.3393527571862474,0.09739817302975032,13.959835324550124
1014,202.9352901934623,1.4583333333333335,0.2,0.5,0.5,0.4377684643272888,0.12547748847093476,0.3393579434381118,0.09739610376366481,13.959835324550124
1015,203.13542361574383,1.4583333333333335,0.2,0.5,0.5,0.4377731396455022,0.12547005104992212,0.33936292539342416,0.09739388391115175,13.959835324550124
1016,203.33555703802534,1.4583333333333335,0.2,0.5,0.5,0.4377780586310362,0.12546272174690562,0.33936770282995343,0.09739151679210502,13.959835324550124
1017,203.53569046030685,1.4583333333333335,0.2,0.5,0.5,0.4377832151477605,0.12545550342090056,0.33937227565969397,0.09738900577164519,13.959835324550124
1018,203.7358238825884,1.4583333333333335,0.2,0.5,0.5,0.43778860299875505,0.12544839881504735,0.3393766439285608,0.09738635425763699,13.959835324550124
1019,203.9359573048699,1.4583333333333335,0.2,0.5,0.5,0.4377942159307285,0.12544141055498034,0.3393808078160848,0.09738356569820658,13.959835324550124
1020,204.1360907271514,1.4583333333333335,0.2,0.5,0.5,0.4378000476384359,0.12543454114719693,0.3393847676351082,0.09738064357925914,13.959835324550124
1021,204.33622414943295,1.4583333333333335,0.2,0.5,0.5,0.43780609177141266,0.125427792991997,0.3393885238168832,0.09737759141970731,13.959835324550124
1022,204.53635757171446,1.4583333333333335,0.2,0.5,0.5,0.43781234198111285,0.12542116865071756,0.3393920766414171,0.09737441272675272,13.959835324550124
1023,204.736490993996,1.4583333333333335,0.2,0.5,0.5,0.43781879186728173,0.12541467047878468,0.3393954266031429,0.09737111105079081,13.959835324550124
1024,204.9366244162775,1.4583333333333335,0.2,0.5,0.5,0.43782543498394055,0.1254083006339412,0.33939857440073873,0.09736768998137962,13.959835324550124
1025,205.13675783855902,1.4583333333333335,0.2,0.5,0.5,0.43783226485809423,0.12540206116454727,0.3394015208467288,0.09736415313062981,13.959835324550124
1026,205.33689126084056,1.4583333333333335,0.2,0.5,0.5,0.4378392749942917,0.12539595400884623,0.3394042668662809,0.09736050413058127,13.959835324550124
1027,205.53702468312207,1.4583333333333335,0.2,0.5,0.5,0.4378464588791871,0.12538998099423038,0.339406813496003,0.09735674663057965,13.959835324550124
1028,205.7371581054036,1.4583333333333335,0.2,0.5,0.5,0.4378538099861002,0.12538414383650684,0.3394091618827402,0.09735288429465289,13.959835324550124
1029,205.93729152768512,1.4583333333333335,0.2,0.5,0.5,0.4378613217795772,0.12537844413916338,0.33941131328237173,0.09734892079888774,13.959835324550124
1030,206.13742494996663,1.4583333333333335,0.2,0.5,0.5,0.43786898771995153,0.12537288339263417,0.339413269058608,0.09734485982880633,13.959835324550124
1031,206.33755837224817,1.4583333333333335,0.2,0.5,0.5,0.43787680126790446,0.12536746297356555,0.3394150306817873,0.09734070507674272,13.959835324550124
1032,206.53769179452968,1.4583333333333335,0.2,0.5,0.5,0.4378847558890259,0.125362184144082,0.3394165997276727,0.09733646023921941,13.959835324550124
1033,206.7378252168112,1.4583333333333335,0.2,0.5,0.5,0.4378928450425756,0.12535704809027778,0.33941797784668715,0.09733212902045953,13.959835324550124
1034,206.93795863909273,1.4583333333333335,0.2,0.5,0.5,0.4379010620999745,0.1253520561351681,0.3394191666016697,0.09732771516318778,13.959835324550124
1035,207.13809206137424,1.4583333333333335,0.2,0.5,0.5,0.4379094005065751,0.12534720934764826,0.3394201677608209,0.09732322238495575,13.959835324550124
1036,207.33822548365578,1.4583333333333335,0.2,0.5,0.5,0.43791785374127123,0.12534250865336033,0.33942098321239356,0.09731865439297491,13.959835324550124
1037,207.5383589059373,1.4583333333333335,0.2,0.5,0.5,0.4379264153043064,0.1253379548755495,0.3394216149321455,0.0973140148879986,13.959835324550124
1038,207.7384923282188,1.4583333333333335,0.2,0.5,0.5,0.43793507872151954,0.12533354873511285,0.3394220649815465,0.0973093075618212,13.959835324550124
1039,207.93862575050034,1.4583333333333335,0.2,0.5,0.5,0.43794383754858995,0.1253292908506482,0.3394223355059849,0.09730453609477699,13.959835324550124
1040,208.13875917278185,1.4583333333333335,0.2,0.5,0.5,0.437952685375283,0.12532518173850285,0.3394224287329749,0.09729970415323924,13.959835324550124
1041,208.33889259506336,1.4583333333333335,0.2,0.5,0.5,0.43796161582969545,0.1253212218128223,0.33942234697036305,0.09729481538711923,13.959835324550124
1042,208.5390260173449,1.4583333333333335,0.2,0.5,0.5,0.4379706225825006,0.125317411385599,0.33942209260453526,0.09728987342736518,13.959835324550124
1043,208.7391594396264,1.4583333333333335,0.2,0.5,0.5,0.43797969935119385,0.12531375066672118,0.3394216680986237,0.09728488188346134,13.959835324550124
1044,208.93929286190794,1.4583333333333335,0.2,0.5,0.5,0.4379888399043382,0.12531023976402156,0.33942107599071336,0.09727984434092692,13.959835324550124
1045,209.13942628418945,1.4583333333333335,0.2,0.5,0.5,0.43799803801102033,0.12530687875184252,0.33942031884924234,0.09727476438789481,13.959835324550124
1046,209.33955970647096,1.4583333333333335,0.2,0.5,0.5,0.4380072873539327,0.12530366778509033,0.33941939919998027,0.09726964566099676,13.959835324550124
1047,209.5396931287525,1.4583333333333335,0.2,0.5,0.5,0.43801658179119674,0.12530060677716792,0.33941831972548525,0.09726449170615005,13.959835324550124
1048,209.739826551034,1.4583333333333335,0.2,0.5,0.5,0.4380259152490358,0.12529769553955192,0.3394170831761373,0.09725930603527504,13.959835324550124
1049,209.93995997331552,1.4583333333333335,0.2,0.5,0.5,0.4380352817152106,0.12529493379535883,0.33941569235989927,0.09725409212953129,13.959835324550124
1050,210.14009339559706,1.4583333333333335,0.2,0.5,0.5,0.4380446752427373,0.12529232118005407,0.3394141501401119,0.09724885343709669,13.959835324550124
1051,210.34022681787857,1.4583333333333335,0.2,0.5,0.5,0.43805408995360506,0.12528985724216046,0.3394124594332879,0.09724359337094657,13.959835324550124
1052,210.5403602401601,1.4583333333333335,0.2,0.5,0.5,0.43806352004249305,0.12528754144396742,0.33941062320690657,0.0972383153066329,13.959835324550124
1053,210.74049366244162,1.4583333333333335,0.2,0.5,0.5,0.4380729597804887,0.12528537316223945,0.3394086444772084,0.09723302258006342,13.959835324550124
1054,210.94062708472313,1.4583333333333335,0.2,0.5,0.5,0.4380824035188049,0.12528335168892507,0.33940652630698925,0.09722771848528074,13.959835324550124
1055,211.14076050700467,1.4583333333333335,0.2,0.5,0.5,0.43809184569249754,0.12528147623186572,0.33940427180339516,0.09722240627224156,13.959835324550124
1056,211.34089392928618,1.4583333333333335,0.2,0.5,0.5,0.4381012808241832,0.12527974591550442,0.33940188411571653,0.09721708914459577,13.959835324550124
1057,211.5410273515677,1.4583333333333335,0.2,0.5,0.5,0.4381107034080618,0.1252781598601278,0.3393993664036712,0.0972117703281392,13.959835324550124
1058,211.74116077384923,1.4583333333333335,0.2,0.5,0.5,0.4381201079132259,0.12527671718284275,0.3393967218350976,0.09720645306883373,13.959835324550124
1059,211.94129419613074,1.4583333333333335,0.2,0.5,0.5,0.4381294890349595,0.1252754168358444,0.33939395364479336,0.09720114048440277,13.959835324550124
1060,212.14142761841228,1.4583333333333335,0.2,0.5,0.5,0.4381388415574928,0.12527425769961228,0.33939106509755346,0.09719583564534151,13.959835324550124
1061,212.3415610406938,1.4583333333333335,0.2,0.5,0.5,0.4381481603553096,0.12527323858520029,0.3393880594853711,0.09719054157411904,13.959835324550124
1062,212.5416944629753,1.4583333333333335,0.2,0.5,0.5,0.4381574403960465,0.12527235823548272,0.33938494012502984,0.097185261243441,13.959835324550124
1063,212.74182788525684,1.4583333333333335,0.2,0.5,0.5,0.4381666767433906,0.12527161532640071,0.33938171035569636,0.0971799975745124,13.959835324550124
1064,212.94196130753835,1.4583333333333335,0.2,0.5,0.5,0.43817586455997876,0.12527100846820813,0.3393783735365129,0.09717475343530033,13.959835324550124
1065,213.14209472981986,1.4583333333333335,0.2,0.5,0.5,0.4381849991102957,0.12527053620671794,0.3393749330441898,0.09716953163879664,13.959835324550124
1066,213.3422281521014,1.4583333333333335,0.2,0.5,0.5,0.43819407576357267,0.1252701970245484,0.3393713922705983,0.09716433494128077,13.959835324550124
1067,213.5423615743829,1.4583333333333335,0.2,0.5,0.5,0.4382030899966861,0.12526998934236905,0.3393677546203626,0.09715916604058238,13.959835324550124
1068,213.74249499666445,1.4583333333333335,0.2,0.5,0.5,0.43821203728599745,0.1252699115577348,0.33936402352149475,0.09715402763477311,13.959835324550124
1069,213.94262841894596,1.4583333333333335,0.2,0.5,0.5,0.438220913103003,0.12526996204878532,0.3393602024238382,0.09714892242437359,13.959835324550124
1070,214.14276184122747,1.4583333333333335,0.2,0.5,0.5,0.4382297131579822,0.12527013909400972,0.3393562947683885,0.09714385297961968,13.959835324550124
1071,214.342895263509,1.4583333333333335,0.2,0.5,0.5,0.43823843326794015,0.12527044091916834,0.3393523040007343,0.09713882181215733,13.959835324550124
1072,214.54302868579052,1.4583333333333335,0.2,0.5,0.5,0.4382470693569186,0.12527086569941492,0.33934823356895333,0.09713383137471328,13.959835324550124
1073,214.74316210807203,1.4583333333333335,0.2,0.5,0.5,0.43825561745811586,0.12527141156080615,0.3393440869212967,0.09712888405978141,13.959835324550124
1074,214.94329553035357,1.4583333333333335,0.2,0.5,0.5,0.43826407371600684,0.12527207658181133,0.33933986750387285,0.0971239821983091,13.959835324550124
1075,215.14342895263508,1.4583333333333335,0.2,0.5,0.5,0.43827243438846303,0.12527285879482214,0.3393355787583314,0.09711912805838353,13.959835324550124
1076,215.34356237491662,1.4583333333333335,0.2,0.5,0.5,0.4382806958488725,0.1252737561876622,0.3393312241195473,0.09711432384391809,13.959835324550124
1077,215.54369579719813,1.4583333333333335,0.2,0.5,0.5,0.43828885458825995,0.1252747667050969,0.33932680701330453,0.09710957169333877,13.959835324550124
1078,215.74382921947964,1.4583333333333335,0.2,0.5,0.5,0.4382969072174065,0.12527588825034294,0.3393223308539803,0.09710487367827043,13.959835324550124
1079,215.94396264176117,1.4583333333333335,0.2,0.5,0.5,0.4383048503531895,0.12527711870966685,0.3393177990680557,0.09710023186908806,13.959835324550124
1080,216.14409606404269,1.4583333333333335,0.2,0.5,0.5,0.43831268060576933,0.12527845595687262,0.3393132150951308,0.09709564834222742,13.959835324550124
1081,216.3442294863242,1.4583333333333335,0.2,0.5,0.5,0.43832039484349233,0.12527989780240745,0.3393085823269904,0.09709112502711,13.959835324550124
1082,216.54436290860573,1.4583333333333335,0.2,0.5,0.5,0.43832799004992606,0.1252814420238042,0.3393039041376516,0.09708666378861827,13.959835324550124
1083,216.74449633088724,1.4583333333333335,0.2,0.5,0.5,0.43833546332286966,0.12528308636781113,0.3392991838817416,0.0970822664275778,13.959835324550124
1084,216.94462975316878,1.4583333333333335,0.2,0.5,0.5,0.4383428118756422,0.1252848285520673,0.3392944248923667,0.09707793467992387,13.959835324550124
1085,217.1447631754503,1.4583333333333335,0.2,0.5,0.5,0.438350033038371,0.12528666626677828,0.33928963047898264,0.09707367021586821,13.959835324550124
1086,217.3448965977318,1.4583333333333335,0.2,0.5,0.5,0.4383571242592794,0.1252885971763917,0.3392848039252632,0.09706947463906578,13.959835324550124
1087,217.54503002001334,1.4583333333333335,0.2,0.5,0.5,0.43836408310597574,0.1252906189212727,0.33927994848697035,0.09706534948578135,13.959835324550124
1088,217.74516344229485,1.4583333333333335,0.2,0.5,0.5,0.43837090726674083,0.12529272911937944,0.33927506738982344,0.0970612962240564,13.959835324550124
1089,217.94529686457636,1.4583333333333335,0.2,0.5,0.5,0.43837759455181663,0.12529492536793888,0.33927016382736896,0.09705731625287567,13.959835324550124
1090,218.1454302868579,1.4583333333333335,0.2,0.5,0.5,0.43838414279181565,0.12529720524715873,0.33926524099687916,0.09705341096414657,13.959835324550124
1091,218.3455637091394,1.4583333333333335,0.2,0.5,0.5,0.43839054981898734,0.1252995663222996,0.3392603021046228,0.09704958175409033,13.959835324550124
1092,218.54569713142095,1.4583333333333335,0.2,0.5,0.5,0.43839681371276285,0.1253020061405149,0.33925535027344483,0.09704582987327756,13.959835324550124
1093,218.74583055370246,1.4583333333333335,0.2,0.5,0.5,0.4384029326681797,0.12530452223515662,0.3392503885897487,0.09704215650691508,13.959835324550124
1094,218.94596397598397,1.4583333333333335,0.2,0.5,0.5,0.43840890499399815,0.12530711212751386,0.33924542010253905,0.09703856277594912,13.959835324550124
1095,219.1460973982655,1.4583333333333335,0.2,0.5,0.5,0.43841472911323176,0.12530977332850318,0.33924044782157065,0.09703504973669458,13.959835324550124
1096,219.34623082054702,1.4583333333333335,0.2,0.5,0.5,0.4384204035636782,0.12531250334035932,0.3392354747154983,0.09703161838046431,13.959835324550124
1097,219.54636424282853,1.4583333333333335,0.2,0.5,0.5,0.43842592699844973,0.1253152996583256,0.33923050371002644,0.09702826963319836,13.959835324550124
1098,219.74649766511007,1.4583333333333335,0.2,0.5,0.5,0.43843129818650395,0.12531815977234456,0.33922553768605845,0.09702500435509324,13.959835324550124
1099,219.94663108739158,1.4583333333333335,0.2,0.5,0.5,0.4384365160131742,0.12532108116874843,0.3392205794778463,0.09702182334023128,13.959835324550124
1100,220.14676450967312,1.4583333333333335,0.2,0.5,0.5,0.43844157948070034,0.1253240613319498,0.33921563187114023,0.09701872731620975,13.959835324550124
1101,220.34689793195463,1.4583333333333335,0.2,0.5,0.5,0.4384464876078585,0.12532709773794115,0.33921069765570966,0.09701571699849089,13.959835324550124
1102,220.54703135423614,1.4583333333333335,0.2,0.5,0.5,0.4384512394040284,0.12533018785383743,0.33920577963775195,0.0970127931043823,13.959835324550124
1103,220.74716477651768,1.4583333333333335,0.2,0.5,0.5,0.4384558341201132,0.12533332915989226,0.33920088050311886,0.09700995621687579,13.959835324550124
1104,220.9472981987992,1.4583333333333335,0.2,0.5,0.5,0.4384602711148467,0.1253365191402927,0.3391960028877926,0.09700720685706812,13.959835324550124
1105,221.1474316210807,1.4583333333333335,0.2,0.5,0.5,0.43846454985176814,0.12533975528456104,0.3391911493779519,0.09700454548571906,13.959835324550124
1106,221.34756504336224,1.4583333333333335,0.2,0.5,0.5,0.43846866989899036,0.12534303508918368,0.3391863225085322,0.09700197250329384,13.959835324550124
1107,221.54769846564375,1.4583333333333335,0.2,0.5,0.5,0.4384726309289691,0.12534635605923963,0.33918152476178576,0.0969994882500056,13.959835324550124
1108,221.7478318879253,1.4583333333333335,0.2,0.5,0.5,0.4384764327182713,0.12534971571002934,0.3391767585658416,0.09699709300585782,13.959835324550124
1109,221.9479653102068,1.4583333333333335,0.2,0.5,0.5,0.43848007514734405,0.1253531115687033,0.33917202629326587,0.09699478699068684,13.959835324550124
1110,222.1480987324883,1.4583333333333335,0.2,0.5,0.5,0.4384835582002833,0.12535654117589087,0.33916733025962176,0.09699257036420422,13.959835324550124
1111,222.34823215476985,1.4583333333333335,0.2,0.5,0.5,0.43848688196460245,0.1253600020873288,0.33916267272202955,0.09699044322603928,13.959835324550124
1112,222.54836557705136,1.4583333333333335,0.2,0.5,0.5,0.43849004655316737,0.1253634918533988,0.33915805593278514,0.09698840566064888,13.959835324550124
1113,222.74849899933287,1.4583333333333335,0.2,0.5,0.5,0.43849305207812295,0.1253670080134212,0.3391534821561998,0.09698645775225623,13.959835324550124
1114,222.9486324216144,1.4583333333333335,0.2,0.5,0.5,0.4384958988523839,0.1253705481545383,0.3391489535244668,0.09698459946861124,13.959835324550124
1115,223.14876584389592,1.4583333333333335,0.2,0.5,0.5,0.4384985872828144,0.1253741098830897,0.33914447211162013,0.09698283072247595,13.959835324550124
1116,223.34889926617745,1.4583333333333335,0.2,0.5,0.5,0.4385011178668727,0.1253776908253547,0.3391400399343048,0.09698115137346798,13.959835324550124
1117,223.54903268845896,1.4583333333333335,0.2,0.5,0.5,0.43850349119177706,0.12538128862900957,0.33913565895076314,0.0969795612284504,13.959835324550124
1118,223.74916611074048,1.4583333333333335,0.2,0.5,0.5,0.43850570793367166,0.1253849009645854,0.3391313310598214,0.09697806004192173,13.959835324550124
1119,223.949299533022,1.4583333333333335,0.2,0.5,0.5,0.43850776885679255,0.1253885255269256,0.33912705809987626,0.09697664751640582,13.959835324550124
1120,224.14943295530352,1.4583333333333335,0.2,0.5,0.5,0.43850967481263364,0.12539216003664355,0.3391228418478813,0.09697532330284178,13.959835324550124
1121,224.34956637758503,1.4583333333333335,0.2,0.5,0.5,0.43851142673911264,0.1253958022415802,0.33911868401833345,0.09697408700097392,13.959835324550124
1122,224.54969979986657,1.4583333333333335,0.2,0.5,0.5,0.4385130256597371,0.12539944991826169,0.3391145862622598,0.09697293815974166,13.959835324550124
1123,224.74983322214808,1.4583333333333335,0.2,0.5,0.5,0.43851447262707366,0.1254031008419624,0.33911055021698727,0.09697187631397688,13.959835324550124
1124,224.94996664442962,1.4583333333333335,0.2,0.5,0.5,0.43851576869941544,0.1254067527754808,0.3391065775256437,0.09697090099946028,13.959835324550124
1125,225.15010006671113,1.4583333333333335,0.2,0.5,0.5,0.43851691509059776,0.12541040355551386,0.3391026696987828,0.09697001165510583,13.959835324550124
1126,225.35023348899264,1.4583333333333335,0.2,0.5,0.5,0.4385179130906847,0.12541405104987818,0.33909882818492754,0.09696920767450982,13.959835324550124
1127,225.55036691127418,1.4583333333333335,0.2,0.5,0.5,0.4385187640625988,0.12541769315753798,0.3390950543718694,0.09696848840799409,13.959835324550124
1128,225.7505003335557,1.4583333333333335,0.2,0.5,0.5,0.4385194694408446,0.12542132780981327,0.339091349586058,0.09696785316328436,13.959835324550124
1129,225.9506337558372,1.4583333333333335,0.2,0.5,0.5,0.4385200307302317,0.12542495297158807,0.3390877150919917,0.09696730120618878,13.959835324550124
1130,226.15076717811874,1.4583333333333335,0.2,0.5,0.5,0.43852044950459884,0.1254285666425185,0.3390841520916068,0.09696683176127617,13.959835324550124
1131,226.35090060040025,1.4583333333333335,0.2,0.5,0.5,0.43852072740553655,0.12543216685824096,0.3390806617236682,0.09696644401255454,13.959835324550124
1132,226.5510340226818,1.4583333333333335,0.2,0.5,0.5,0.4385208661411113,0.12543575169158042,0.3390772450631591,0.09696613710414949,13.959835324550124
1133,226.7511674449633,1.4583333333333335,0.2,0.5,0.5,0.43852086748458824,0.12543931925375834,0.33907390312067115,0.09696591014098255,13.959835324550124
1134,226.9513008672448,1.4583333333333335,0.2,0.5,0.5,0.43852073322997404,0.12544286766224647,0.3390706368951917,0.0969657622125881,13.959835324550124
1135,227.15143428952635,1.4583333333333335,0.2,0.5,0.5,0.43852046517009136,0.12544639502602498,0.33906744739902783,0.09696569240485615,13.959835324550124
1136,227.35156771180786,1.4583333333333335,0.2,0.5,0.5,0.4385200652171195,0.12544989954088684,0.3390643355065583,0.09696569973543569,13.959835324550124
1137,227.55170113408937,1.4583333333333335,0.2,0.5,0.5,0.43851953533874494,0.12545337944231227,0.3390613020310007,0.09696578318794237,13.959835324550124
1138,227.7518345563709,1.4583333333333335,0.2,0.5,0.5,0.4385188775546623,0.12545683300496016,0.33905834772654986,0.09696594171382797,13.959835324550124
1139,227.95196797865242,1.4583333333333335,0.2,0.5,0.5,0.43851809393494534,0.1254602585436043,0.33905547328820324,0.09696617423324745,13.959835324550124
1140,228.15210140093396,1.4583333333333335,0.2,0.5,0.5,0.4385171865984185,0.12546365441406934,0.33905267935158634,0.09696647963592608,13.959835324550124
1141,228.35223482321547,1.4583333333333335,0.2,0.5,0.5,0.4385161577110282,0.12546701901416737,0.3390499664927783,0.09696685678202642,13.959835324550124
1142,228.55236824549698,1.4583333333333335,0.2,0.5,0.5,0.438515009484214,0.12547035078463367,0.33904733522813707,0.09696730450301552,13.959835324550124
1143,228.75250166777852,1.4583333333333335,0.2,0.5,0.5,0.43851374417328015,0.12547364821006327,0.33904478601412497,0.09696782160253194,13.959835324550124
1144,228.95263509006003,1.4583333333333335,0.2,0.5,0.5,0.4385123640757666,0.1254769098198468,0.33904231924713407,0.09696840685725282,13.959835324550124
1145,229.15276851234154,1.4583333333333335,0.2,0.5,0.5,0.4385108715075871,0.12548013415280657,0.3390399353080722,0.09696905903153441,13.959835324550124
1146,229.35290193462308,1.4583333333333335,0.2,0.5,0.5,0.43850926878906443,0.12548331973799218,0.3390376345870228,0.09696977688592093,13.959835324550124
1147,229.5530353569046,1.4583333333333335,0.2,0.5,0.5,0.4385075583086808,0.12548646520235987,0.33903541735144926,0.09697055913751032,13.959835324550124
1148,229.75316877918613,1.4583333333333335,0.2,0.5,0.5,0.4385057424883319,0.1254895692176388,0.3390332838126925,0.09697140448133706,13.959835324550124
1149,229.95330220146764,1.4583333333333335,0.2,0.5,0.5,0.43850382378040914,0.12549263049916246,0.33903123412839087,0.09697231159203776,13.959835324550124
1150,230.15343562374915,1.4583333333333335,0.2,0.5,0.5,0.4385018046659846,0.12549564780650102,0.33902926840268105,0.09697327912483357,13.959835324550124
1151,230.35356904603069,1.4583333333333335,0.2,0.5,0.5,0.4384996876529966,0.12549861994409361,0.3390273866863974,0.09697430571651257,13.959835324550124
1152,230.5537024683122,1.4583333333333335,0.2,0.5,0.5,0.43849747527443456,0.1255015457618807,0.33902558897727275,0.09697538998641217,13.959835324550124
1153,230.75383589059373,1.4583333333333335,0.2,0.5,0.5,0.43849517008652444,0.1255044241559362,0.3390238752201381,0.09697653053740142,13.959835324550124
1154,230.95396931287524,1.4583333333333335,0.2,0.5,0.5,0.4384927746669137,0.12550725406910013,0.3390222453071228,0.09697772595686348,13.959835324550124
1155,231.15410273515675,1.4583333333333335,0.2,0.5,0.5,0.43849029161285674,0.12551003449161055,0.33902069907785487,0.09697897481767796,13.959835324550124
1156,231.3542361574383,1.4583333333333335,0.2,0.5,0.5,0.4384877235396043,0.12551276442389078,0.3390192363518333,0.09698027568467173,13.959835324550124
1157,231.5543695797198,1.4583333333333335,0.2,0.5,0.5,0.4384850730787185,0.12551544285318825,0.3390178569490252,0.09698162711906817,13.959835324550124
1158,231.75450300200131,1.4583333333333335,0.2,0.5,0.5,0.4384823428756313,0.12551806887014233,0.3390165605915088,0.09698302766271766,13.959835324550124
1159,231.95463642428285,1.4583333333333335,0.2,0.5,0.5,0.4384795355881433,0.1255206416114998,0.3390153469529085,0.09698447584744847,13.959835324550124
1160,232.15476984656436,1.4583333333333335,0.2,0.5,0.5,0.43847665388462137,0.12552316025828353,0.33901421566068995,0.09698597019640527,13.959835324550124
1161,232.3549032688459,1.4583333333333335,0.2,0.5,0.5,0.4384737004421863,0.12552562403609924,0.33901316629663614,0.09698750922507841,13.959835324550124
1162,232.5550366911274,1.4583333333333335,0.2,0.5,0.5,0.4384706779448994,0.12552803221544273,0.33901219839732455,0.09698909144233338,13.959835324550124
1163,232.75517011340892,1.4583333333333335,0.2,0.5,0.5,0.43846758908194955,0.12553038411200665,0.3390113114546037,0.09699071535144016,13.959835324550124
1164,232.95530353569046,1.4583333333333335,0.2,0.5,0.5,0.43846443654584,0.1255326790869876,0.3390105049160698,0.09699237945110267,13.959835324550124
1165,233.15543695797197,1.4583333333333335,0.2,0.5,0.5,0.43846122303057555,0.125534916547393,0.3390097781855435,0.0969940822364881,13.959835324550124
1166,233.35557038025348,1.4583333333333335,0.2,0.5,0.5,0.4384579512298493,0.12553709594634813,0.3390091306235463,0.09699582220025632,13.959835324550124
1167,233.55570380253502,1.4583333333333335,0.2,0.5,0.5,0.43845462384249345,0.12553921675153668,0.33900856157677395,0.09699759782919605,13.959835324550124
1168,233.75583722481653,1.4583333333333335,0.2,0.5,0.5,0.43845124357586474,0.1255412784226985,0.33900807039932707,0.09699940760210976,13.959835324550124
1169,233.95597064709807,1.4583333333333335,0.2,0.5,0.5,0.4384478131208631,0.1255432805135827,0.339007656360698,0.09700125000485625,13.959835324550124
1170,234.15610406937958,1.4583333333333335,0.2,0.5,0.5,0.43844433516153336,0.12554522262217416,0.3390073186918168,0.09700312352447583,13.959835324550124
1171,234.3562374916611,1.4583333333333335,0.2,0.5,0.5,0.43844081237378185,0.1255471043886779,0.33900705658764085,0.09700502664989953,13.959835324550124
1172,234.55637091394263,1.4583333333333335,0.2,0.5,0.5,0.4384372474236272,0.12554892549554492,0.33900686920788836,0.09700695787293967,13.959835324550124
1173,234.75650433622414,1.4583333333333335,0.2,0.5,0.5,0.43843364296545173,0.12555068566749775,0.33900675567777017,0.09700891568928051,13.959835324550124
1174,234.95663775850565,1.4583333333333335,0.2,0.5,0.5,0.43843000164025225,0.12555238467155586,0.33900671508872326,0.0970108985994688,13.959835324550124
1175,235.1567711807872,1.4583333333333335,0.2,0.5,0.5,0.43842632607389137,0.1255540223170614,0.339006746499143,0.09701290510990443,13.959835324550124
1176,235.3569046030687,1.4583333333333335,0.2,0.5,0.5,0.43842261887534856,0.12555559845570455,0.3390068489351162,0.09701493373383092,13.959835324550124
1177,235.55703802535024,1.4583333333333335,0.2,0.5,0.5,0.4384188826349711,0.1255571129815494,0.3390070213911536,0.09701698299232615,13.959835324550124
1178,235.75717144763175,1.4583333333333335,0.2,0.5,0.5,0.4384151199428941,0.1255585658032223,0.33900726284916927,0.09701905140471456,13.959835324550124
1179,235.95730486991326,1.4583333333333335,0.2,0.5,0.5,0.4384113334034329,0.1255599568216593,0.33900757229381634,0.09702113748109165,13.959835324550124
1180,236.1574382921948,1.4583333333333335,0.2,0.5,0.5,0.4384075255663789,0.12556128602254327,0.3390079486526459,0.09702323975843216,13.959835324550124
1181,236.3575717144763,1.4583333333333335,0.2,0.5,0.5,0.4384036989577863,0.1255625534314237,0.33900839082627426,0.09702535678451595,13.959835324550124
1182,236.55770513675782,1.4583333333333335,0.2,0.5,0.5,0.43839985607986387,0.12556375911147782,0.33900889769060044,0.097027487118058,13.959835324550124
1183,236.75783855903936,1.4583333333333335,0.2,0.5,0.5,0.43839599940940926,0.12556490316328356,0.33900946809770427,0.09702962932960307,13.959835324550124
1184,236.95797198132087,1.4583333333333335,0.2,0.5,0.5,0.4383921313962428,0.12556598572459238,0.33901010087674466,0.09703178200242028,13.959835324550124
1185,237.1581054036024,1.4583333333333335,0.2,0.5,0.5,0.4383882544616419,0.1255670069701024,0.3390107948348581,0.09703394373339772,13.959835324550124
1186,237.35823882588392,1.4583333333333335,0.2,0.5,0.5,0.4383843709967752,0.12556796711123125,0.3390115487580567,0.09703611313393698,13.959835324550124
1187,237.55837224816543,1.4583333333333335,0.2,0.5,0.5,0.4383804833611362,0.12556886639588907,0.33901236141212693,0.09703828883084789,13.959835324550124
1188,237.75850567044697,1.4583333333333335,0.2,0.5,0.5,0.438376593880978,0.12556970510825144,0.33901323154352764,0.09704046946724303,13.959835324550124
1189,237.95863909272848,1.4583333333333335,0.2,0.5,0.5,0.4383727048809536,0.12557048354438627,0.33901415788511746,0.09704265368954275,13.959835324550124
1190,238.15877251500999,1.4583333333333335,0.2,0.5,0.5,0.43836881871203,0.12557120199059066,0.33901513916134035,0.0970448401360391,13.959835324550124
1191,238.35890593729152,1.4583333333333335,0.2,0.5,0.5,0.43836493763524,0.1255718608065546,0.33901617407244616,0.09704702748575937,13.959835324550124
1192,238.55903935957303,1.4583333333333335,0.2,0.5,0.5,0.4383610638750782,0.12557246038516864,0.3390172613033819,0.09704921443637138,13.959835324550124
1193,238.75917278185457,1.4583333333333335,0.2,0.5,0.5,0.43835719962094255,0.12557300115011008,0.33901839952512725,0.09705139970382022,13.959835324550124
1194,238.95930620413608,1.4583333333333335,0.2,0.5,0.5,0.438353347025878,0.12557348355539058,0.3390195873956382,0.09705358202309326,13.959835324550124
1195,239.1594396264176,1.4583333333333335,0.2,0.5,0.5,0.4383495082053208,0.12557390808490396,0.33902082356079016,0.09705576014898513,13.959835324550124
1196,239.35957304869913,1.4583333333333335,0.2,0.5,0.5,0.43834568523584205,0.12557427525197387,0.33902210665532134,0.09705793285686283,13.959835324550124
1197,239.55970647098064,1.4583333333333335,0.2,0.5,0.5,0.4383418801538915,0.1255745855989015,0.3390234353037764,0.09706009894343069,13.959835324550124
1198,239.75983989326215,1.4583333333333335,0.2,0.5,0.5,0.4383380949545419,0.12557483969651329,0.3390248081214494,0.0970622572274955,13.959835324550124
1199,239.9599733155437,1.4583333333333335,0.2,0.5,0.5,0.43833433159023233,0.1255750381437087,0.3390262237153276,0.09706440655073142,13.959835324550124
1200,240.1601067378252,1.4583333333333335,0.2,0.5,0.5,0.43833059200074437,0.12557518155207453,0.3390276806872974,0.09706654575988373,13.959835324550124
1201,240.36024016010674,1.4583333333333335,0.2,0.5,0.5,0.4383268781424989,0.12557527053082396,0.3390291776373014,0.09706867368937587,13.959835324550124
1202,240.56037358238825,1.4583333333333335,0.2,0.5,0.5,0.4383231918751325,0.12557530573997616,0.33903071315615496,0.09707078922873644,13.959835324550124
1203,240.76050700466976,1.4583333333333335,0.2,0.5,0.5,0.43831953501325693,0.1255752878645554,0.3390322858303308,0.09707289129185692,13.959835324550124
1204,240.9606404269513,1.4583333333333335,0.2,0.5,0.5,0.43831590932834413,0.12557521761263649,0.3390338942431298,0.0970749788158897,13.959835324550124
1205,241.1607738492328,1.4583333333333335,0.2,0.5,0.5,0.4383123165477696,0.12557509571474934,0.33903553697564615,0.09707705076183505,13.959835324550124
1206,241.36090727151432,1.4583333333333335,0.2,0.5,0.5,0.43830875835385613,0.12557492292328346,0.3390372126077324,0.09707910611512811,13.959835324550124
1207,241.56104069379586,1.4583333333333335,0.2,0.5,0.5,0.43830523638291735,0.12557470001189233,0.3390389197189646,0.09708114388622588,13.959835324550124
1208,241.76117411607737,1.4583333333333335,0.2,0.5,0.5,0.4383017522243007,0.1255744277748979,0.33904065688960733,0.09708316311119417,13.959835324550124
1209,241.9613075383589,1.4583333333333335,0.2,0.5,0.5,0.4382983074194315,0.1255741070266952,0.33904242270157886,0.09708516285229461,13.959835324550124
1210,242.16144096064042,1.4583333333333335,0.2,0.5,0.5,0.4382949034608559,0.1255737386011565,0.339044215739416,0.09708714219857166,13.959835324550124
1211,242.36157438292193,1.4583333333333335,0.2,0.5,0.5,0.4382915418243229,0.12557332334242038,0.3390460345864307,0.09708910024682611,13.959835324550124
1212,242.56170780520347,1.4583333333333335,0.2,0.5,0.5,0.43828822400324174,0.1255728620950605,0.33904787782052,0.09709103608117788,13.959835324550124
1213,242.76184122748498,1.4583333333333335,0.2,0.5,0.5,0.4382849513843817,0.1255723557356561,0.33904974403308463,0.09709294884687765,13.959835324550124
1214,242.9619746497665,1.4583333333333335,0.2,0.5,0.5,0.43828172530440496,0.12557180515720423,0.3390516318216263,0.09709483771676461,13.959835324550124
1215,243.16210807204803,1.4583333333333335,0.2,0.5,0.5,0.4382785470525921,0.12557121126756396,0.33905353979017666,0.09709670188966735,13.959835324550124
1216,243.36224149432954,1.4583333333333335,0.2,0.5,0.5,0.43827541787021207,0.12557057498877575,0.33905546655021496,0.09709854059079731,13.959835324550124
1217,243.56237491661108,1.4583333333333335,0.2,0.5,0.5,0.4382723389498913,0.12556989725638096,0.33905741072158563,0.0971003530721422,13.959835324550124
1218,243.7625083388926,1.4583333333333335,0.2,0.5,0.5,0.43826931143498327,0.1255691790187413,0.33905937093341604,0.09710213861285949,13.959835324550124
1219,243.9626417611741,1.4583333333333335,0.2,0.5,0.5,0.438266336418938,0.12556842123635828,0.33906134582503406,0.09710389651966979,13.959835324550124
1220,244.16277518345564,1.4583333333333335,0.2,0.5,0.5,0.4382634149446717,0.12556762488119258,0.3390633340468855,0.09710562612725031,13.959835324550124
1221,244.36290860573715,1.4583333333333335,0.2,0.5,0.5,0.43826054800393605,0.12556679093598358,0.3390653342614521,0.09710732679862834,13.959835324550124
1222,244.56304202801866,1.4583333333333335,0.2,0.5,0.5,0.4382577365738142,0.12556592038873726,0.339067345129732,0.09710899790771656,13.959835324550124
1223,244.7631754503002,1.4583333333333335,0.2,0.5,0.5,0.4382549816594902,0.1255650142263976,0.3390693652952814,0.09711063881883092,13.959835324550124
1224,244.9633088725817,1.4583333333333335,0.2,0.5,0.5,0.43825228414957657,0.12556407345291132,0.3390713934411432,0.097112248956369,13.959835324550124
1225,245.16344229486324,1.4583333333333335,0.2,0.5,0.5,0.43824964488168294,0.12556309907993246,0.3390734282650231,0.09711382777336151,13.959835324550124
1226,245.36357571714476,1.4583333333333335,0.2,0.5,0.5,0.4382470646463605,0.12556209212554634,0.33907546847842834,0.09711537474966492,13.959835324550124
1227,245.56370913942627,1.4583333333333335,0.2,0.5,0.5,0.4382445441868488,0.12556105361353986,0.3390775128074381,0.09711688939217342,13.959835324550124
1228,245.7638425617078,1.4583333333333335,0.2,0.5,0.5,0.438242084198822,0.12555998457267203,0.3390795599934749,0.09711837123503118,13.959835324550124
1229,245.96397598398931,1.4583333333333335,0.2,0.5,0.5,0.4382396853301359,0.1255588860359442,0.3390816087940757,0.09711981983984434,13.959835324550124
1230,246.16410940627082,1.4583333333333335,0.2,0.5,0.5,0.4382373481805738,0.12555775903987063,0.3390836579836626,0.09712123479589312,13.959835324550124
1231,246.36424282855236,1.4583333333333335,0.2,0.5,0.5,0.43823507330159345,0.1255566046237486,0.3390857063543142,0.0971226157203439,13.959835324550124
1232,246.56437625083387,1.4583333333333335,0.2,0.5,0.5,0.43823286119607335,0.12555542382892912,0.3390877527165363,0.09712396225846139,13.959835324550124
1233,246.7645096731154,1.4583333333333335,0.2,0.5,0.5,0.4382307123460072,0.12555421770085692,0.33908979588704147,0.09712527406609461,13.959835324550124
1234,246.96464309539692,1.4583333333333335,0.2,0.5,0.5,0.4382286272477313,0.12555298729185727,0.3390918346730263,0.09712655078738536,13.959835324550124
1235,247.16477651767843,1.4583333333333335,0.2,0.5,0.5,0.43822660629902277,0.12555173364924221,0.33909386792530777,0.0971277921264275,13.959835324550124
1236,247.36490993995997,1.4583333333333335,0.2,0.5,0.5,0.43822464984988657,0.12555045781963933,0.33909589451536787,0.09712899781510644,13.959835324550124
1237,247.56504336224148,1.4583333333333335,0.2,0.5,0.5,0.43822275820610374,0.12554916084863899,0.33909791333435724,0.09713016761090025,13.959835324550124
1238,247.765176784523,1.4583333333333335,0.2,0.5,0.5,0.4382209316292694,0.12554784378009348,0.3390999232937308,0.09713130129690659,13.959835324550124
1239,247.96531020680453,1.4583333333333335,0.2,0.5,0.5,0.4382191703368319,0.12554650765541658,0.33910192332588246,0.09713239868186933,13.959835324550124
1240,248.16544362908604,1.4583333333333335,0.2,0.5,0.5,0.4382174745021313,0.1255451535128827,0.3391039123847808,0.09713345960020547,13.959835324550124
1241,248.36557705136758,1.4583333333333335,0.2,0.5,0.5,0.43821584425443805,0.12554378238692634,0.339105889446604,0.09713448391203185,13.959835324550124
1242,248.5657104736491,1.4583333333333335,0.2,0.5,0.5,0.4382142796789918,0.12554239530744146,0.3391078535103751,0.0971354715031919,13.959835324550124
1243,248.7658438959306,1.4583333333333335,0.2,0.5,0.5,0.43821278081704,0.12554099329908067,0.33910980359859705,0.09713642228528252,13.959835324550124
1244,248.96597731821214,1.4583333333333335,0.2,0.5,0.5,0.43821134768858455,0.1255395773875558,0.3391117387434208,0.09713733618043906,13.959835324550124
1245,249.16611074049365,1.4583333333333335,0.2,0.5,0.5,0.4382099803236173,0.12553814860855533,0.33911365796740467,0.09713821310042291,13.959835324550124
1246,249.36624416277516,1.4583333333333335,0.2,0.5,0.5,0.4382086786670952,0.12553670797773497,0.3391155603447151,0.09713905301045506,13.959835324550124
1247,249.5663775850567,1.4583333333333335,0.2,0.5,0.5,0.43820744262143785,0.12553525650310735,0.33911744497471086,0.09713985590074421,13.959835324550124
1248,249.7665110073382,1.4583333333333335,0.2,0.5,0.5,0.43820627204996854,0.12553379518539035,0.3391193109804111,0.09714062178423022,13.959835324550124
1249,249.96664442961975,1.4583333333333335,0.2,0.5,0.5,0.4382051667771973,0.12553232501738176,0.3391211575089745,0.0971413506964467,13.959835324550124
1250,250.16677785190126,1.4583333333333335,0.2,0.5,0.5,0.4382041265891038,0.12553084698333403,0.3391229837321787,0.09714204269538367,13.959835324550124
1251,250.36691127418277,1.4583333333333335,0.2,0.5,0.5,0.4382031512334211,0.1255293620583289,0.3391247888468999,0.0971426978613503,13.959835324550124
1252,250.5670446964643,1.4583333333333335,0.2,0.5,0.5,0.43820224041991823,0.12552787120765227,0.33912657207559216,0.0971433162968375,13.959835324550124
1253,250.76717811874582,1.4583333333333335,0.2,0.5,0.5,0.43820139382068374,0.12552637538616884,0.3391283326667669,0.09714389812638072,13.959835324550124
1254,250.96731154102733,1.4583333333333335,0.2,0.5,0.5,0.4382006110704088,0.12552487553769678,0.3391300698954722,0.09714444349642246,13.959835324550124
1255,251.16744496330887,1.4583333333333335,0.2,0.5,0.5,0.43819989180210506,0.12552337260846377,0.33913178303189534,0.097144952557536,13.959835324550124
1256,251.36757838559038,1.4583333333333335,0.2,0.5,0.5,0.4381992356925591,0.1255218675644319,0.33913347130120675,0.09714542544180245,13.959835324550124
1257,251.56771180787192,1.4583333333333335,0.2,0.5,0.5,0.4381986423061394,0.12552036132849145,0.339135134024804,0.09714586234056531,13.959835324550124
1258,251.76784523015343,1.4583333333333335,0.2,0.5,0.5,0.4381981111686561,0.12551885480907352,0.3391367705546028,0.09714626346766773,13.959835324550124
1259,251.96797865243494,1.4583333333333335,0.2,0.5,0.5,0.4381976417734093,0.12551734890181593,0.3391383802683297,0.09714662905644524,13.959835324550124
1260,252.16811207471648,1.4583333333333335,0.2,0.5,0.5,0.438197233581602,0.1255158444889893,0.339139962569885,0.09714695935952387,13.959835324550124
1261,252.368245496998,1.4583333333333335,0.2,0.5,0.5,0.43819688602275264,0.12551434243892348,0.3391415168897056,0.0971472546486185,13.959835324550124
1262,252.5683789192795,1.4583333333333335,0.2,0.5,0.5,0.43819659849510767,0.12551284360543333,0.33914304268512824,0.09714751521433096,13.959835324550124
1263,252.76851234156103,1.4583333333333335,0.2,0.5,0.5,0.43819637036605436,0.12551134882724518,0.3391445394407523,0.09714774136594836,13.959835324550124
1264,252.96864576384255,1.4583333333333335,0.2,0.5,0.5,0.43819620097253326,0.12550985892742292,0.33914600666880274,0.0971479334312413,13.959835324550124
1265,253.16877918612408,1.4583333333333335,0.2,0.5,0.5,0.438196089621451,0.12550837471279414,0.33914744390949303,0.09714809175626199,13.959835324550124
1266,253.3689126084056,1.4583333333333335,0.2,0.5,0.5,0.4381960355900929,0.12550689697337628,0.3391488507313884,0.09714821670514263,13.959835324550124
1267,253.5690460306871,1.4583333333333335,0.2,0.5,0.5,0.4381960381265355,0.12550542648180282,0.3391502267317683,0.09714830865989356,13.959835324550124
1268,253.76917945296864,1.4583333333333335,0.2,0.5,0.5,0.4381960964500592,0.12550396399274955,0.33915157153699,0.09714836802020145,13.959835324550124
1269,253.96931287525015,1.4583333333333335,0.2,0.5,0.5,0.4381962097515612,0.12550251024236053,0.3391528848028509,0.0971483952032276,13.959835324550124
1270,254.16944629753166,1.4583333333333335,0.2,0.5,0.5,0.4381963771939677,0.12550106594767443,0.3391541662149519,0.09714839064340612,13.959835324550124
1271,254.3695797198132,1.4583333333333335,0.2,0.5,0.5,0.43819659796742194,0.12549963184067284,0.3391554154312873,0.09714835476061812,13.959835324550124
1272,254.5697131420947,1.4583333333333335,0.2,0.5,0.5,0.4381968714070052,0.1254982087418553,0.3391566319588777,0.09714828789226204,13.959835324550124
1273,254.76984656437625,1.4583333333333335,0.2,0.5,0.5,0.43819719667716855,0.12549679735993932,0.33915781548740975,0.09714819047548257,13.959835324550124
1274,254.96997998665776,1.4583333333333335,0.2,0.5,0.5,0.4381975729056597,0.12549539837567872,0.3391589657487771,0.09714806296988474,13.959835324550124
1275,255.17011340893927,1.4583333333333335,0.2,0.5,0.5,0.43819799920099645,0.1254940124520735,0.33916008249944807,0.09714790584748217,13.959835324550124
1276,255.3702468312208,1.4583333333333335,0.2,0.5,0.5,0.4381984746531291,0.12549264023395396,0.3391611655205659,0.09714771959235119,13.959835324550124
1277,255.57038025350232,1.4583333333333335,0.2,0.5,0.5,0.438198998334103,0.12549128234756463,0.3391622146180478,0.09714750470028478,13.959835324550124
1278,255.77051367578383,1.4583333333333335,0.2,0.5,0.5,0.43819956929872045,0.12548993940014833,0.33916322962268464,0.09714726167844678,13.959835324550124
1279,255.97064709806537,1.4583333333333335,0.2,0.5,0.5,0.43820018658520343,0.12548861197953007,0.3391642103902409,0.09714699104502579,13.959835324550124
1280,256.1707805203469,1.4583333333333335,0.2,0.5,0.5,0.4382008492158557,0.12548730065370114,0.33916515680155385,0.09714669332888941,13.959835324550124
1281,256.3709139426284,1.4583333333333335,0.2,0.5,0.5,0.4382015561977255,0.12548600597040313,0.3391660687626334,0.09714636906923813,13.959835324550124
1282,256.57104736490993,1.4583333333333335,0.2,0.5,0.5,0.4382023065232673,0.12548472845671174,0.33916694620476157,0.09714601881525954,13.959835324550124
1283,256.77118078719144,1.4583333333333335,0.2,0.5,0.5,0.43820309917100464,0.12548346861862103,0.33916778908459216,0.09714564312578233,13.959835324550124
1284,256.97131420947295,1.4583333333333335,0.2,0.5,0.5,0.43820393310619227,0.1254822269406272,0.33916859738425037,0.09714524256893034,13.959835324550124
1285,257.1714476317545,1.4583333333333335,0.2,0.5,0.5,0.43820480728147854,0.12548100388531272,0.33916937111143225,0.09714481772177663,13.959835324550124
1286,257.371581054036,1.4583333333333335,0.2,0.5,0.5,0.43820572063756774,0.12547979989293032,0.3391701102995045,0.09714436916999762,13.959835324550124
1287,257.57171447631754,1.4583333333333335,0.2,0.5,0.5,0.4382066721159336,0.1254786154157637,0.3391708149732429,0.09714389749505993,13.959835324550124
1288,257.77184789859905,1.4583333333333335,0.2,0.5,0.5,0.43820766069938477,0.12547745103285993,0.33917148503516037,0.09714340323259509,13.959835324550124
1289,257.97198132088056,1.4583333333333335,0.2,0.5,0.5,0.438208685322042,0.12547630718792238,0.3391721205241688,0.09714288696586702,13.959835324550124
1290,258.1721147431621,1.4583333333333335,0.2,0.5,0.5,0.4382097449037751,0.1254751842863583,0.33917272151938044,0.09714234929048643,13.959835324550124
1291,258.37224816544364,1.4583333333333335,0.2,0.5,0.5,0.4382108383576983,0.1254740827145806,0.33917328812072517,0.0971417908069962,13.959835324550124
1292,258.57238158772515,1.4583333333333335,0.2,0.5,0.5,0.43821196459090267,0.125473002839795,0.33917382044884986,0.09714121212045275,13.959835324550124
1293,258.77251501000666,1.4583333333333335,0.2,0.5,0.5,0.438213122505189,0.125471945009787,0.339174318645017,0.09714061384000726,13.959835324550124
1294,258.97264843228817,1.4583333333333335,0.2,0.5,0.5,0.43821431099780056,0.1254709095527089,0.3391747828710039,0.09713999657848697,13.959835324550124
1295,259.1727818545697,1.4583333333333335,0.2,0.5,0.5,0.4382155289621555,0.12546989677686693,0.33917521330900147,0.09713936095197642,13.959835324550124
1296,259.37291527685124,1.4583333333333335,0.2,0.5,0.5,0.43821677528857994,0.12546890697050814,0.3391756101615135,0.09713870757939878,13.959835324550124
1297,259.57304869913276,1.4583333333333335,0.2,0.5,0.5,0.4382180488650404,0.12546794040160764,0.33917597365125524,0.09713803708209706,13.959835324550124
1298,259.77318212141427,1.4583333333333335,0.2,0.5,0.5,0.43821934857787664,0.12546699731765554,0.33917630402105275,0.09713735008341544,13.959835324550124
1299,259.9733155436958,1.4583333333333335,0.2,0.5,0.5,0.4382206733125343,0.12546607794544398,0.3391766015337417,0.09713664720828048,13.959835324550124
1300,260.1734489659773,1.4583333333333335,0.2,0.5,0.5,0.43822202195429755,0.1254651824908542,0.3391768664720662,0.09713592908278247,13.959835324550124
1301,260.37358238825885,1.4583333333333335,0.2,0.5,0.5,0.43822339338902194,0.1254643111386436,0.3391770991385782,0.09713519633375665,13.959835324550124
1302,260.57371581054036,1.4583333333333335,0.2,0.5,0.5,0.43822478650386715,0.12546346405223277,0.339177299855536,0.0971344495883645,13.959835324550124
1303,260.7738492328219,1.4583333333333335,0.2,0.5,0.5,0.4382262001874673,0.12546264139811,0.33917746894143863,0.09713368947298452,13.959835324550124
1304,260.9739826551034,1.4583333333333335,0.2,0.5,0.5,0.43822763332787784,0.12546184346765832,0.3391776065950937,0.09713291660937058,13.959835324550124
1305,261.1741160773849,1.4583333333333335,0.2,0.5,0.5,0.43822908481886713,0.12546107043344715,0.3391777131266234,0.0971321316210627,13.959835324550124
1306,261.37424949966646,1.4583333333333335,0.2,0.5,0.5,0.43823055355889123,0.12546032242602465,0.3391777888842761,0.09713133513080847,13.959835324550124
1307,261.574382921948,1.4583333333333335,0.2,0.5,0.5,0.4382320384512581,0.1254595995586001,0.3391778342306961,0.09713052775944617,13.959835324550124
1308,261.7745163442295,1.4583333333333335,0.2,0.5,0.5,0.43823353840485585,0.1254589019270214,0.33917784954264263,0.09712971012548054,13.959835324550124
1309,261.974649766511,1.4583333333333335,0.2,0.5,0.5,0.4382350523348814,0.12545822960975245,0.33917783521070766,0.09712888284465886,13.959835324550124
1310,262.1747831887925,1.4583333333333335,0.2,0.5,0.5,0.43823657916356873,0.12545758266785054,0.33917779163903433,0.09712804652954678,13.959835324550124
1311,262.374916611074,1.4583333333333335,0.2,0.5,0.5,0.438238117820917,0.1254569611449437,0.33917771924503537,0.0971272017891043,13.959835324550124
1312,262.5750500333556,1.4583333333333335,0.2,0.5,0.5,0.43823966724541924,0.1254563650672081,0.33917761845911126,0.09712634922826174,13.959835324550124
1313,262.7751834556371,1.4583333333333335,0.2,0.5,0.5,0.43824122638479057,0.12545579444334543,0.33917748972436873,0.09712548944749559,13.959835324550124
1314,262.9753168779186,1.4583333333333335,0.2,0.5,0.5,0.4382427941966965,0.12545524926456034,0.339177333496339,0.09712462304240453,13.959835324550124
1315,263.1754503002001,1.4583333333333335,0.2,0.5,0.5,0.43824436964948127,0.12545472950453773,0.339177150242696,0.0971237506032853,13.959835324550124
1316,263.3755837224816,1.4583333333333335,0.2,0.5,0.5,0.4382459517228965,0.12545423511942022,0.33917694044297486,0.09712287271470868,13.959835324550124
1317,263.5757171447632,1.4583333333333335,0.2,0.5,0.5,0.4382475394088291,0.12545376604778552,0.33917670458829025,0.0971219899550954,13.959835324550124
1318,263.7758505670447,1.4583333333333335,0.2,0.5,0.5,0.43824913171203006,0.12545332221062375,0.33917644318105444,0.09712110289629207,13.959835324550124
1319,263.9759839893262,1.4583333333333335,0.2,0.5,0.5,0.43825072764149287,0.1254529035234463,0.33917615672462387,0.09712021211043728,13.959835324550124
1320,264.1761174116077,1.4583333333333335,0.2,0.5,0.5,0.43825232614191256,0.12545250998614388,0.3391758456483946,0.09711931822354926,13.959835324550124
1321,264.37625083388923,1.4583333333333335,0.2,0.5,0.5,0.43825392621820525,0.12545214152233883,0.33917551044087846,0.09711842181857776,13.959835324550124
1322,264.5763842561708,1.4583333333333335,0.2,0.5,0.5,0.43825552690534836,0.1254517980194413,0.3391751516161462,0.09711752345906444,13.959835324550124
1323,264.7765176784523,1.4583333333333335,0.2,0.5,0.5,0.43825712725217114,0.1254514793506044,0.3391747696952989,0.09711662370192586,13.959835324550124
1324,264.9766511007338,1.4583333333333335,0.2,0.5,0.5,0.4382587263219829,0.12545118537483124,0.3391743652060788,0.09711572309710743,13.959835324550124
1325,265.17678452301533,1.4583333333333335,0.2,0.5,0.5,0.4382603231932014,0.12545091593708238,0.3391739386824793,0.09711482218723726,13.959835324550124
1326,265.37691794529684,1.4583333333333335,0.2,0.5,0.5,0.43826191695998107,0.12545067086838285,0.33917349066435626,0.09711392150728025,13.959835324550124
1327,265.57705136757835,1.4583333333333335,0.2,0.5,0.5,0.43826350673284137,0.12545044998592936,0.3391730216970378,0.09711302158419191,13.959835324550124
1328,265.7771847898599,1.4583333333333335,0.2,0.5,0.5,0.43826509163929517,0.12545025309319766,0.3391725323309352,0.09711212293657238,13.959835324550124
1329,265.9773182121414,1.4583333333333335,0.2,0.5,0.5,0.43826667082447696,0.12545007998004948,0.33917202312115363,0.09711122607432038,13.959835324550124
1330,266.17745163442294,1.4583333333333335,0.2,0.5,0.5,0.4382682434517711,0.12544993042284,0.3391714946271023,0.09711033149828706,13.959835324550124
1331,266.37758505670445,1.4583333333333335,0.2,0.5,0.5,0.4382698087034404,0.1254498041845249,0.3391709474121051,0.09710943969993008,13.959835324550124
1332,266.57771847898596,1.4583333333333335,0.2,0.5,0.5,0.43827136578125414,0.12544970101476755,0.33917038204301136,0.09710855116096745,13.959835324550124
1333,266.7778519012675,1.4583333333333335,0.2,0.5,0.5,0.43827291390711637,0.1254496206500463,0.33916979908980627,0.09710766635303153,13.959835324550124
1334,266.97798532354904,1.4583333333333335,0.2,0.5,0.5,0.43827445232369466,0.12544956281376163,0.33916919912522125,0.09710678573732294,13.959835324550124
1335,267.17811874583055,1.4583333333333335,0.2,0.5,0.5,0.4382759836695411,0.12544952908931395,0.3391685796156582,0.09710590762548725,13.959835324550124
1336,267.37825216811206,1.4583333333333335,0.2,0.5,0.5,0.4382774993325855,0.12544951502845625,0.3391679482276335,0.09710503741132528,13.959835324550124
1337,267.57838559039357,1.4583333333333335,0.2,0.5,0.5,0.4382790030864668,0.12544952288612785,0.33916730135449064,0.09710417267291527,13.959835324550124
1338,267.77851901267513,1.4583333333333335,0.2,0.5,0.5,0.4382804941621116,0.12544955234642388,0.3391666396158275,0.09710331387563749,13.959835324550124
1339,267.97865243495664,1.4583333333333335,0.2,0.5,0.5,0.43828197181470696,0.1254496030874083,0.3391659636267641,0.09710246147112112,13.959835324550124
1340,268.17878585723815,1.4583333333333335,0.2,0.5,0.5,0.4382834353237,0.1254496747811137,0.33916527399794244,0.09710161589724432,13.959835324550124
1341,268.37891927951966,1.4583333333333335,0.2,0.5,0.5,0.4382848839927984,0.1254497670935415,0.3391645713355264,0.09710077757813418,13.959835324550124
1342,268.5790527018012,1.4583333333333335,0.2,0.5,0.5,0.43828631714997,0.1254498796846617,0.339163856241202,0.09709994692416672,13.959835324550124
1343,268.7791861240827,1.4583333333333335,0.2,0.5,0.5,0.4382877341474432,0.12545001220841318,0.3391631293121771,0.09709912433196692,13.959835324550124
1344,268.97931954636425,1.4583333333333335,0.2,0.5,0.5,0.43828913436170647,0.12545016431270342,0.33916239114118185,0.09709831018440872,13.959835324550124
1345,269.17945296864576,1.4583333333333335,0.2,0.5,0.5,0.43829051719350887,0.12545033563940866,0.33916164231646795,0.09709750485061495,13.959835324550124
1346,269.3795863909273,1.4583333333333335,0.2,0.5,0.5,0.4382918820678596,0.12545052582437388,0.33916088342180956,0.09709670868595746,13.959835324550124
1347,269.5797198132088,1.4583333333333335,0.2,0.5,0.5,0.43829322843402824,0.12545073449741279,0.33916011503650245,0.09709592203205697,13.959835324550124
1348,269.7798532354903,1.4583333333333335,0.2,0.5,0.5,0.4382945557655448,0.12545096128230776,0.33915933773536466,0.09709514521678318,13.959835324550124
1349,269.97998665777186,1.4583333333333335,0.2,0.5,0.5,0.43829586356019956,0.12545120579680993,0.3391585520887362,0.09709437855425476,13.959835324550124
1350,270.18012008005337,1.4583333333333335,0.2,0.5,0.5,0.43829715134004316,0.1254514676526392,0.3391577586624788,0.09709362234483926,13.959835324550124
1351,270.3802535023349,1.4583333333333335,0.2,0.5,0.5,0.43829841864404895,0.1254517464578713,0.3391569580201728,0.0970928768779074,13.959835324550124
1352,270.5803869246164,1.4583333333333335,0.2,0.5,0.5,0.4382996648879305,0.12545204186254444,0.3391561507650755,0.09709214248445006,13.959835324550124
1353,270.7805203468979,1.4583333333333335,0.2,0.5,0.5,0.4383008895532069,0.12545235349714937,0.339155337483531,0.09709141946611326,13.959835324550124
1354,270.98065376917947,1.4583333333333335,0.2,0.5,0.5,0.43830209218575533,0.1254526809731003,0.3391545187454036,0.09709070809574133,13.959835324550124
1355,271.180787191461,1.4583333333333335,0.2,0.5,0.5,0.4383032723491182,0.1254530238979258,0.3391536951180535,0.09709000863490305,13.959835324550124
1356,271.3809206137425,1.4583333333333335,0.2,0.5,0.5,0.4383044296245032,0.12545338187526875,0.339152867166337,0.09708932133389156,13.959835324550124
1357,271.581054036024,1.4583333333333335,0.2,0.5,0.5,0.4383055636107831,0.12545375450488647,0.3391520354526066,0.09708864643172442,13.959835324550124
1358,271.7811874583055,1.4583333333333335,0.2,0.5,0.5,0.4383066739244959,0.12545414138265057,0.33915120053671044,0.09708798415614363,13.959835324550124
1359,271.981320880587,1.4583333333333335,0.2,0.5,0.5,0.43830776019984485,0.12545454210054707,0.33915036297599305,0.09708733472361557,13.959835324550124
1360,272.1814543028686,1.4583333333333335,0.2,0.5,0.5,0.4383088220886984,0.12545495624667632,0.33914952332529474,0.09708669833933103,13.959835324550124
1361,272.3815877251501,1.4583333333333335,0.2,0.5,0.5,0.43830985930116534,0.1254553834014263,0.3391486820814381,0.09708607521597082,13.959835324550124
1362,272.5817211474316,1.4583333333333335,0.2,0.5,0.5,0.43831087159266574,0.1254558231386919,0.33914783970091666,0.09708546556772629,13.959835324550124
1363,272.7818545697131,1.4583333333333335,0.2,0.5,0.5,0.4383118586987889,0.12545627503201875,0.3391469966890214,0.09708486958017155,13.959835324550124
1364,272.98198799199463,1.4583333333333335,0.2,0.5,0.5,0.4383128203755041,0.12545673865081086,0.3391461535448248,0.09708428742886077,13.959835324550124
1365,273.1821214142762,1.4583333333333335,0.2,0.5,0.5,0.43831375639928627,0.12545721356031864,0.3391453107610095,0.09708371927938614,13.959835324550124
1366,273.3822548365577,1.4583333333333335,0.2,0.5,0.5,0.4383146665671159,0.12545769932163903,0.33914446882386773,0.09708316528737793,13.959835324550124
1367,273.5823882588392,1.4583333333333335,0.2,0.5,0.5,0.43831555069647904,0.1254581954917154,0.3391436282133017,0.09708262559850449,13.959835324550124
1368,273.7825216811207,1.4583333333333335,0.2,0.5,0.5,0.4383164086253674,0.12545870162333764,0.3391427894028233,0.09708210034847224,13.959835324550124
1369,273.98265510340224,1.4583333333333335,0.2,0.5,0.5,0.43831724021227836,0.1254592172651421,0.33914195285955445,0.09708158966302566,13.959835324550124
1370,274.1827885256838,1.4583333333333335,0.2,0.5,0.5,0.43831804532227886,0.125459741980428,0.33914111904218996,0.09708109365510371,13.959835324550124
1371,274.3829219479653,1.4583333333333335,0.2,0.5,0.5,0.4383188237906234,0.12546027539628105,0.33914028839567995,0.09708061241741621,13.959835324550124
1372,274.5830553702468,1.4583333333333335,0.2,0.5,0.5,0.4383195755077064,0.12546081708886975,0.3391394613636464,0.09708014603977802,13.959835324550124
1373,274.78318879252834,1.4583333333333335,0.2,0.5,0.5,0.4383203003869139,0.12546136662685248,0.33913863838368485,0.09707969460254938,13.959835324550124
1374,274.98332221480985,1.4583333333333335,0.2,0.5,0.5,0.4383209983597667,0.12546192357793526,0.3391378198866538,0.09707925817564482,13.959835324550124
1375,275.18345563709136,1.4583333333333335,0.2,0.5,0.5,0.43832166937592043,0.1254624875088717,0.33913700629667526,0.09707883681853317,13.959835324550124
1376,275.3835890593729,1.4583333333333335,0.2,0.5,0.5,0.43832231340316535,0.12546305798546312,0.3391361980311346,0.09707843058023757,13.959835324550124
1377,275.58372248165443,1.4583333333333335,0.2,0.5,0.5,0.4383229304274265,0.12546363457255835,0.33913539550068034,0.09707803949933544,13.959835324550124
1378,275.78385590393594,1.4583333333333335,0.2,0.5,0.5,0.4383235204527636,0.125464216834054,0.3391345991092244,0.09707766360395854,13.959835324550124
1379,275.98398932621745,1.4583333333333335,0.2,0.5,0.5,0.43832408349828117,0.12546480433636564,0.33913380925286385,0.09707730291248988,13.959835324550124
1380,276.18412274849896,1.4583333333333335,0.2,0.5,0.5,0.4383246195450471,0.12546539670805834,0.33913302630135905,0.09707695744553613,13.959835324550124
1381,276.38425617078053,1.4583333333333335,0.2,0.5,0.5,0.4383251286093495,0.12546599355755114,0.33913225062369534,0.09707662720940462,13.959835324550124
1382,276.58438959306204,1.4583333333333335,0.2,0.5,0.5,0.4383256107400774,0.1254665944760599,0.339131482587169,0.09707631219669424,13.959835324550124
1383,276.78452301534355,1.4583333333333335,0.2,0.5,0.5,0.43832606600176177,0.1254671990566484,0.3391307225514701,0.09707601239012037,13.959835324550124
1384,276.98465643762506,1.4583333333333335,0.2,0.5,0.5,0.43832649447457545,0.12546780689422835,0.3391299708686818,0.09707572776251497,13.959835324550124
1385,277.1847898599066,1.4583333333333335,0.2,0.5,0.5,0.4383268962543335,0.1254684175855594,0.33912922788328115,0.09707545827682647,13.959835324550124
1386,277.38492328218814,1.4583333333333335,0.2,0.5,0.5,0.438327271452493,0.12546903072924911,0.33912849393213856,0.0970752038861199,13.959835324550124
1387,277.58505670446965,1.4583333333333335,0.2,0.5,0.5,0.4383276201961528,0.12546964592575297,0.33912776934451805,0.09707496453357678,13.959835324550124
1388,277.78519012675116,1.4583333333333335,0.2,0.5,0.5,0.43832794262805397,0.12547026277737436,0.339127054442077,0.09707474015249519,13.959835324550124
1389,277.98532354903267,1.4583333333333335,0.2,0.5,0.5,0.4383282358150693,0.12547088025436776,0.3391263515229065,0.0970745324076569,13.959835324550124
1390,278.1854569713142,1.4583333333333335,0.2,0.5,0.5,0.4383285073146316,0.12547149956329626,0.3391256559999928,0.09707433712207984,13.959835324550124
1391,278.3855903935957,1.4583333333333335,0.2,0.5,0.5,0.43832875258627246,0.12547211932481855,0.33912497123878815,0.0970741568501213,13.959835324550124
1392,278.58572381587726,1.4583333333333335,0.2,0.5,0.5,0.43832897193237114,0.12547273918653232,0.33912429743602523,0.0970739914450717,13.959835324550124
1393,278.78585723815877,1.4583333333333335,0.2,0.5,0.5,0.43832916565530705,0.12547335879603522,0.3391236347884366,0.09707384076022155,13.959835324550124
1394,278.9859906604403,1.4583333333333335,0.2,0.5,0.5,0.4383293340574594,0.12547397780092487,0.3391229834927548,0.09707370464886128,13.959835324550124
1395,279.1861240827218,1.4583333333333335,0.2,0.5,0.5,0.4383294774412075,0.12547459584879894,0.33912234374571254,0.0970735829642814,13.959835324550124
1396,279.3862575050033,1.4583333333333335,0.2,0.5,0.5,0.4383295961089306,0.1254752125872551,0.33912171574404226,0.09707347555977233,13.959835324550124
1397,279.58639092728487,1.4583333333333335,0.2,0.5,0.5,0.43832969036300806,0.12547582766389104,0.3391210996844766,0.09707338228862458,13.959835324550124
1398,279.7865243495664,1.4583333333333335,0.2,0.5,0.5,0.43832976050082406,0.1254764407462376,0.3391204957493139,0.09707330300362464,13.959835324550124
1399,279.9866577718479,1.4583333333333335,0.2,0.5,0.5,0.4383298068040129,0.12547705156467692,0.33911990407534043,0.09707323755596999,13.959835324550124
1400,280.1867911941294,1.4583333333333335,0.2,0.5,0.5,0.438329829568023,0.12547765979446404,0.33911932483926127,0.09707318579825186,13.959835324550124
1401,280.3869246164109,1.4583333333333335,0.2,0.5,0.5,0.4383298290898871,0.1254782651045333,0.33911875822235854,0.09707314758322128,13.959835324550124
1402,280.5870580386925,1.4583333333333335,0.2,0.5,0.5,0.43832980566663754,0.12547886716381912,0.33911820440591434,0.09707312276362925,13.959835324550124
1403,280.787191460974,1.4583333333333335,0.2,0.5,0.5,0.43832975959530684,0.12547946564125587,0.3391176635712107,0.09707311119222682,13.959835324550124
1404,280.9873248832555,1.4583333333333335,0.2,0.5,0.5,0.4383296911729275,0.1254800602057779,0.3391171358995298,0.09707311272176501,13.959835324550124
1405,281.187458305537,1.4583333333333335,0.2,0.5,0.5,0.43832960069653204,0.1254806505263196,0.33911662157215366,0.09707312720499485,13.959835324550124
1406,281.3875917278185,1.4583333333333335,0.2,0.5,0.5,0.438329488463153,0.12548123627181537,0.33911612077036446,0.09707315449466734,13.959835324550124
1407,281.5877251501,1.4583333333333335,0.2,0.5,0.5,0.43832935483071866,0.12548181716618909,0.3391156336017701,0.09707319440132235,13.959835324550124
1408,281.7878585723816,1.4583333333333335,0.2,0.5,0.5,0.4383292003166201,0.12548239307736092,0.33911515998105424,0.097073246624965,13.959835324550124
1409,281.9879919946631,1.4583333333333335,0.2,0.5,0.5,0.43832902528844353,0.12548296373797596,0.3391147000041402,0.09707331096944054,13.959835324550124
1410,282.1881254169446,1.4583333333333335,0.2,0.5,0.5,0.43832883010040696,0.12548352886860753,0.339114253783125,0.09707338724786076,13.959835324550124
1411,282.3882588392261,1.4583333333333335,0.2,0.5,0.5,0.43832861510672827,0.125484088189829,0.3391138214301055,0.09707347527333748,13.959835324550124
1412,282.58839226150764,1.4583333333333335,0.2,0.5,0.5,0.4383283806616254,0.1254846414222137,0.33911340305717863,0.09707357485898252,13.959835324550124
1413,282.7885256837892,1.4583333333333335,0.2,0.5,0.5,0.4383281271193162,0.12548518828633493,0.33911299877644147,0.0970736858179077,13.959835324550124
1414,282.9886591060707,1.4583333333333335,0.2,0.5,0.5,0.4383278548340186,0.12548572850276604,0.33911260869999077,0.09707380796322482,13.959835324550124
1415,283.1887925283522,1.4583333333333335,0.2,0.5,0.5,0.43832756415995056,0.1254862617920804,0.3391122329399236,0.0970739411080457,13.959835324550124
1416,283.38892595063373,1.4583333333333335,0.2,0.5,0.5,0.4383272555219917,0.12548678794724033,0.3391118715092993,0.09707408502146891,13.959835324550124
1417,283.58905937291524,1.4583333333333335,0.2,0.5,0.5,0.4383269294979149,0.12548730691783833,0.33911152420688656,0.09707423937736039,13.959835324550124
1418,283.7891927951968,1.4583333333333335,0.2,0.5,0.5,0.43832658651107614,0.12548781849527585,0.33911119104788046,0.09707440394576775,13.959835324550124
1419,283.9893262174783,1.4583333333333335,0.2,0.5,0.5,0.43832622697435797,0.1254883224602248,0.3391108720621551,0.0970745785032623,13.959835324550124
1420,284.18945963975983,1.4583333333333335,0.2,0.5,0.5,0.43832585130064294,0.1254888185933571,0.3391105672795849,0.09707476282641532,13.959835324550124
1421,284.38959306204134,1.4583333333333335,0.2,0.5,0.5,0.4383254599028136,0.12548930667534466,0.3391102767300439,0.09707495669179808,13.959835324550124
1422,284.58972648432285,1.4583333333333335,0.2,0.5,0.5,0.4383250531937524,0.12548978648685943,0.33911000044340645,0.09707515987598189,13.959835324550124
1423,284.7898599066044,1.4583333333333335,0.2,0.5,0.5,0.43832463158634205,0.12549025780857329,0.3391097384495468,0.09707537215553805,13.959835324550124
1424,284.98999332888593,1.4583333333333335,0.2,0.5,0.5,0.4383241954934651,0.12549072042115816,0.33910949077833913,0.0970755933070378,13.959835324550124
1425,285.19012675116744,1.4583333333333335,0.2,0.5,0.5,0.43832374609004415,0.12549117554574732,0.339109255772669,0.09707582259153968,13.959835324550124
1426,285.39026017344895,1.4583333333333335,0.2,0.5,0.5,0.43832328219419536,0.12549161994847421,0.3391090369928716,0.097076060864459,13.959835324550124
1427,285.59039359573046,1.4583333333333335,0.2,0.5,0.5,0.4383228053624238,0.12549205557176557,0.3391088319370933,0.0970763071287175,13.959835324550124
1428,285.79052701801197,1.4583333333333335,0.2,0.5,0.5,0.4383223160161795,0.12549248221248818,0.33910864061624174,0.09707656115509065,13.959835324550124
1429,285.99066044029354,1.4583333333333335,0.2,0.5,0.5,0.43832181458070973,0.12549289967468644,0.3391084630328187,0.0970768227117852,13.959835324550124
1430,286.19079386257505,1.4583333333333335,0.2,0.5,0.5,0.43832130148505866,0.12549330776958229,0.33910829918091995,0.09707709156443917,13.959835324550124
1431,286.39092728485656,1.4583333333333335,0.2,0.5,0.5,0.4383207771620678,0.1254937063155753,0.33910814904623515,0.09707736747612186,13.959835324550124
1432,286.59106070713807,1.4583333333333335,0.2,0.5,0.5,0.43832024204837566,0.12549409513824258,0.339108012606048,0.09707765020733387,13.959835324550124
1433,286.7911941294196,1.4583333333333335,0.2,0.5,0.5,0.43831969658441783,0.12549447407033887,0.3391078898292363,0.09707793951600709,13.959835324550124
1434,286.99132755170115,1.4583333333333335,0.2,0.5,0.5,0.4383191412117092,0.12549484302209588,0.3391077806123175,0.09707823515387752,13.959835324550124
1435,287.19146097398266,1.4583333333333335,0.2,0.5,0.5,0.43831857637161864,0.1254952020129032,0.3391076847506275,0.09707853686485075,13.959835324550124
1436,287.39159439626417,1.4583333333333335,0.2,0.5,0.5,0.43831800251383707,0.1254955509522988,0.33910760213756247,0.09707884439630182,13.959835324550124
1437,287.5917278185457,1.4583333333333335,0.2,0.5,0.5,0.43831742009188,0.12549588975628514,0.33910753265876115,0.09707915749307384,13.959835324550124
1438,287.7918612408272,1.4583333333333335,0.2,0.5,0.5,0.43831682956292595,0.1254962183515131,0.339107476188299,0.09707947589726215,13.959835324550124
1439,287.99199466310876,1.4583333333333335,0.2,0.5,0.5,0.4383162313878163,0.1254965366752819,0.33910743258868775,0.09707979934821426,13.959835324550124
1440,288.19212808539027,1.4583333333333335,0.2,0.5,0.5,0.43831562603105534,0.12549684467553918,0.3391074017108758,0.09708012758252993,13.959835324550124
1441,288.3922615076718,1.4583333333333335,0.2,0.5,0.5,0.4383150139608104,0.12549714231088094,0.3391073833942478,0.09708046033406108,13.959835324550124
1442,288.5923949299533,1.4583333333333335,0.2,0.5,0.5,0.4383143956489117,0.1254974295505515,0.33910737746662517,0.09708079733391187,13.959835324550124
1443,288.7925283522348,1.4583333333333335,0.2,0.5,0.5,0.4383137715708524,0.12549770637444363,0.33910738374426563,0.09708113831043864,13.959835324550124
1444,288.9926617745163,1.4583333333333335,0.2,0.5,0.5,0.4383131422057885,0.1254979727730984,0.33910740203186346,0.09708148298924997,13.959835324550124
1445,289.1927951967979,1.4583333333333335,0.2,0.5,0.5,0.438312508036539,0.12549822874770533,0.3391074321225494,0.09708183109320662,13.959835324550124
1446,289.3929286190794,1.4583333333333335,0.2,0.5,0.5,0.4383118695495858,0.12549847431010222,0.3391074737978908,0.09708218234242154,13.959835324550124
1447,289.5930620413609,1.4583333333333335,0.2,0.5,0.5,0.4383112272130911,0.12549870947015393,0.3391075268492385,0.0970825364675168,13.959835324550124
1448,289.7931954636424,1.4583333333333335,0.2,0.5,0.5,0.43831058127842065,0.12549893412179614,0.33910759127046614,0.09708289332931741,13.959835324550124
1449,289.9933288859239,1.4583333333333335,0.2,0.5,0.5,0.4383099321204596,0.125499148238429,0.3391076669274922,0.09708325271361957,13.959835324550124
1450,290.1934623082055,1.4583333333333335,0.2,0.5,0.5,0.43830928016594384,0.12549935183176825,0.3391077536278768,0.09708361437441146,13.959835324550124
1451,290.393595730487,1.4583333333333335,0.2,0.5,0.5,0.43830862584040925,0.1254995449213857,0.3391078511723392,0.09708397806586624,13.959835324550124
1452,290.5937291527685,1.4583333333333335,0.2,0.5,0.5,0.4383079695681911,0.12549972753470937,0.33910795935475774,0.09708434354234217,13.959835324550124
1453,290.79386257505,1.4583333333333335,0.2,0.5,0.5,0.43830731177242466,0.1254998997070234,0.33910807796216985,0.09708471055838248,13.959835324550124
1454,290.9939959973315,1.4583333333333335,0.2,0.5,0.5,0.4383066528750447,0.12550006148146803,0.3391082067747722,0.09708507886871545,13.959835324550124
1455,291.1941294196131,1.4583333333333335,0.2,0.5,0.5,0.4383059932967858,0.12550021290903968,0.3391083455659205,0.0970854482282544,13.959835324550124
1456,291.3942628418946,1.4583333333333335,0.2,0.5,0.5,0.4383053334571822,0.1255003540485909,0.3391084941021297,0.09708581839209768,13.959835324550124
1457,291.5943962641761,1.4583333333333335,0.2,0.5,0.5,0.43830467377456783,0.12550048496683036,0.33910865214307356,0.09708618911552863,13.959835324550124
1458,291.7945296864576,1.4583333333333335,0.2,0.5,0.5,0.43830401466607644,0.12550060573832286,0.33910881944158544,0.09708656015401569,13.959835324550124
1459,291.99466310873913,1.4583333333333335,0.2,0.5,0.5,0.43830335654764135,0.1255007164454894,0.3391089957436574,0.09708693126321226,13.959835324550124
1460,292.19479653102064,1.4583333333333335,0.2,0.5,0.5,0.4383026998339957,0.12550081717860706,0.3391091807884409,0.0970873021989568,13.959835324550124
1461,292.3949299533022,1.4583333333333335,0.2,0.5,0.5,0.43830204483287694,0.1255009079753906,0.3391093744096062,0.0970876727821268,13.959835324550124
1462,292.5950633755837,1.4583333333333335,0.2,0.5,0.5,0.43830139180442584,0.12550098885491442,0.339109576478434,0.0970880428622263,13.959835324550124
1463,292.79519679786523,1.4583333333333335,0.2,0.5,0.5,0.43830074110741635,0.1255010599011229,0.3391097867637161,0.0970884122277452,13.959835324550124
1464,292.99533022014674,1.4583333333333335,0.2,0.5,0.5,0.4383000930960227,0.12550112120387508,0.33911000503066047,0.0970887806694423,13.959835324550124
1465,293.19546364242825,1.4583333333333335,0.2,0.5,0.5,0.4382994481197082,0.1255011728588813,0.3391102310409976,0.09708914798041347,13.959835324550124
1466,293.3955970647098,1.4583333333333335,0.2,0.5,0.5,0.43829880652322534,0.1255012149677032,0.33911046455298033,0.09708951395609167,13.959835324550124
1467,293.59573048699133,1.4583333333333335,0.2,0.5,0.5,0.43829816864661575,0.12550124763775372,0.33911070532138426,0.09708987839424686,13.959835324550124
1468,293.79586390927284,1.4583333333333335,0.2,0.5,0.5,0.43829753482521,0.12550127098229705,0.3391109530975074,0.09709024109498614,13.959835324550124
1469,293.99599733155435,1.4583333333333335,0.2,0.5,0.5,0.43829690538962807,0.12550128512044867,0.33911120762917024,0.09709060186075362,13.959835324550124
1470,294.19613075383586,1.4583333333333335,0.2,0.5,0.5,0.4382962806657788,0.1255012901771754,0.3391114686607159,0.0970909604963305,13.959835324550124
1471,294.3962641761174,1.4583333333333335,0.2,0.5,0.5,0.43829566097486033,0.12550128628329524,0.33911173593301,0.09709131680883505,13.959835324550124
1472,294.59639759839894,1.4583333333333335,0.2,0.5,0.5,0.4382950466333599,0.12550127357547755,0.3391120091834406,0.0970916706077226,13.959835324550124
1473,294.79653102068045,1.4583333333333335,0.2,0.5,0.5,0.4382944379530537,0.12550125219624295,0.33911228814591843,0.09709202170478554,13.959835324550124
1474,294.99666444296196,1.4583333333333335,0.2,0.5,0.5,0.4382938352232023,0.12550122227617735,0.3391125725750483,0.09709236992557266,13.959835324550124
1475,295.19679786524347,1.4583333333333335,0.2,0.5,0.5,0.43829323864842584,0.1255011838718735,0.339112862330468,0.09709271514923318,13.959835324550124
1476,295.396931287525,1.4583333333333335,0.2,0.5,0.5,0.4382926484884579,0.12550113710553604,0.3391131571871219,0.0970930572188847,13.959835324550124
1477,295.59706470980655,1.4583333333333335,0.2,0.5,0.5,0.43829206500732193,0.1255010821142122,0.3391134569042574,0.097093395974209,13.959835324550124
1478,295.79719813208806,1.4583333333333335,0.2,0.5,0.5,0.43829148846246163,0.12550101903893351,0.33911376124018167,0.09709373125842373,13.959835324550124
1479,295.99733155436957,1.4583333333333335,0.2,0.5,0.5,0.4382909191047408,0.12550094802471568,0.3391140699522619,0.09709406291828225,13.959835324550124
1480,296.1974649766511,1.4583333333333335,0.2,0.5,0.5,0.4382903571784431,0.1255008692205587,0.339114382796925,0.09709439080407374,13.959835324550124
1481,296.3975983989326,1.4583333333333335,0.2,0.5,0.5,0.4382898029212726,0.1255007827794468,0.339114699529658,0.09709471476962316,13.959835324550124
1482,296.59773182121415,1.4583333333333335,0.2,0.5,0.5,0.4382892565643533,0.12550068885834842,0.33911501990500764,0.09709503467229125,13.959835324550124
1483,296.79786524349566,1.4583333333333335,0.2,0.5,0.5,0.43828871833222915,0.12550058761821622,0.33911534367658064,0.09709535037297455,13.959835324550124
1484,296.9979986657772,1.4583333333333335,0.2,0.5,0.5,0.4382881884428645,0.12550047922398716,0.33911567059704356,0.09709566173610538,13.959835324550124
1485,297.1981320880587,1.4583333333333335,0.2,0.5,0.5,0.4382876671076435,0.12550036384458238,0.3391160004181229,0.09709596862965185,13.959835324550124
1486,297.3982655103402,1.4583333333333335,0.2,0.5,0.5,0.4382871545313705,0.1255002416529073,0.339116332890605,0.09709627092511783,13.959835324550124
1487,297.59839893262176,1.4583333333333335,0.2,0.5,0.5,0.4382866509117405,0.12550011282503123,0.33911666776533955,0.09709656849788935,13.959835324550124
1488,297.7985323549033,1.4583333333333335,0.2,0.5,0.5,0.4382861564027228,0.12549997748345854,0.33911700486263274,0.09709686125118652,13.959835324550124
1489,297.9986657771848,1.4583333333333335,0.2,0.5,0.5,0.4382856711567778,0.12549983576253446,0.33911734399224025,0.0970971490884481,13.959835324550124
1490,298.1987991994663,1.4583333333333335,0.2,0.5,0.5,0.43828519533836097,0.12549968782936602,0.3391176849277755,0.09709743190449815,13.959835324550124
1491,298.3989326217478,1.4583333333333335,0.2,0.5,0.5,0.4382847291044157,0.12549953385360044,0.3391180274436783,0.09709770959830624,13.959835324550124
1492,298.5990660440293,1.4583333333333335,0.2,0.5,0.5,0.43828427260437347,0.12549937400742522,0.33911837131521466,0.09709798207298737,13.959835324550124
1493,298.7991994663109,1.4583333333333335,0.2,0.5,0.5,0.43828382598015375,0.12549920846556817,0.33911871631847673,0.09709824923580203,13.959835324550124
1494,298.9993328885924,1.4583333333333335,0.2,0.5,0.5,0.4382833893661642,0.1254990374052972,0.3391190622303832,0.09709851099815618,13.959835324550124
1495,299.1994663108739,1.4583333333333335,0.2,0.5,0.5,0.4382829628893003,0.12549886100642058,0.33911940882867864,0.09709876727560124,13.959835324550124
1496,299.3995997331554,1.4583333333333335,0.2,0.5,0.5,0.43828254666894584,0.1254986794512867,0.33911975589193416,0.09709901798783409,13.959835324550124
1497,299.5997331554369,1.4583333333333335,0.2,0.5,0.5,0.43828214081697237,0.12549849292478435,0.33912010319954694,0.09709926305869711,13.959835324550124
1498,299.7998665777185,1.4583333333333335,0.2,0.5,0.5,0.4382817454377397,0.12549830161434242,0.3391204505317406,0.0970995024161781,13.959835324550124
1499,300.0,1.4583333333333335,0.2,0.5,0.5,0.43828136062809553,0.12549810570993009,0.3391207976695648,0.09709973599241037,13.959835324550124
