,time,beta,alpha,sigma_D,sigma_C,S_c,S_d,I_c,I_d,R0
0,0.0,0.8333333333333334,0.2,0.5,0.5,0.08330000000000004,0.9163,3.333333333333335e-05,0.00036666666666666667,17.81494140572073
1,0.200133422281521,0.8333333333333334,0.2,0.5,0.5,0.08029087890843638,0.9192606271928239,3.991766631814728e-05,0.000408576232421405,17.81494140572073
2,0.400266844563042,0.8333333333333334,0.2,0.5,0.5,0.07738107739670678,0.9221161807443863,4.718127878583926e-05,0.0004555605801208222,17.81494140572073
3,0.600400266844563,0.8333333333333334,0.2,0.5,0.5,0.07456789962931108,0.9248686272656179,5.5185893640594915e-05,0.0005082872114301556,17.81494140572073
4,0.800533689126084,0.8333333333333334,0.2,0.5,0.5,0.07184875830592556,0.9275197507866423,6.399756173951218e-05,0.0005674933456924426,17.81494140572073
5,1.0006671114076051,0.8333333333333334,0.2,0.5,0.5,0.0692210671737735,0.93007122492574,7.368925239428408e-05,0.0006340186480920576,17.81494140572073
6,1.200800533689126,0.8333333333333334,0.2,0.5,0.5,0.06668226895495438,0.9325245731946674,8.434121262360244e-05,0.0007088166377544342,17.81494140572073
7,1.400933955970647,0.8333333333333334,0.2,0.5,0.5,0.06422983782591736,0.93488115090032,9.604165554568323e-05,0.0007929696182168817,17.81494140572073
8,1.601067378252168,0.8333333333333334,0.2,0.5,0.5,0.06186128321578893,0.9371421204466377,0.00010888770414006513,0.0008877086334331966,17.81494140572073
9,1.801200800533689,0.8333333333333334,0.2,0.5,0.5,0.05957414992929448,0.9393084382324849,0.0001229855119093357,0.000994426326311169,17.81494140572073
10,2.0013342228152102,0.8333333333333334,0.2,0.5,0.5,0.05736602164531959,0.9413808221820165,0.00013845162965586748,0.0011147045430079088,17.81494140572073
11,2.201467645096731,0.8333333333333334,0.2,0.5,0.5,0.05523452259323891,0.9433597268039928,0.00015541382787502203,0.0012503367748930663,17.81494140572073
12,2.401601067378252,0.8333333333333334,0.2,0.5,0.5,0.053177319438532517,0.9452453031830913,0.00017401238681315177,0.0014033649915627985,17.81494140572073
13,2.601734489659773,0.8333333333333334,0.2,0.5,0.5,0.051192121954830194,0.9470373722930358,0.0001944008719191592,0.0015761048802146486,17.81494140572073
14,2.801867911941294,0.8333333333333334,0.2,0.5,0.5,0.049276684801960124,0.9487353825661274,0.00021674747017198995,0.0017711851617401779,17.81494140572073
15,3.002001334222815,0.8333333333333334,0.2,0.5,0.5,0.047428807765474514,0.9503383606461531,0.00024123641938720599,0.0019915951689849906,17.81494140572073
16,3.202134756504336,0.8333333333333334,0.2,0.5,0.5,0.04564633774262894,0.9518448541206705,0.0002680697356423149,0.002240738401058049,17.81494140572073
17,3.402268178785857,0.8333333333333334,0.2,0.5,0.5,0.04392716737130957,0.953252890750096,0.00029746797343486124,0.0025224739051594334,17.81494140572073
18,3.602401601067378,0.8333333333333334,0.2,0.5,0.5,0.04226923681218769,0.9545599084544691,0.00032967224097507023,0.0028411824923679674,17.81494140572073
19,3.802535023348899,0.8333333333333334,0.2,0.5,0.5,0.04067053346177463,0.9557626738904459,0.0003649460107590877,0.0032018466370203067,17.81494140572073
20,4.0026684456304205,0.8333333333333334,0.2,0.5,0.5,0.03912909232408375,0.9568572098714437,0.00040357684403947324,0.003610120960432922,17.81494140572073
21,4.202801867911941,0.8333333333333334,0.2,0.5,0.5,0.03764299575764106,0.9578386956266586,0.0004458785039981514,0.004072430111702145,17.81494140572073
22,4.402935290193462,0.8333333333333334,0.2,0.5,0.5,0.03621037351513701,0.9587013665393289,0.0004921927936995564,0.004596067151834441,17.81494140572073
23,4.603068712474983,0.8333333333333334,0.2,0.5,0.5,0.03482940252687455,0.9594384025470103,0.0005428916387243124,0.005189303287390759,17.81494140572073
24,4.803202134756504,0.8333333333333334,0.2,0.5,0.5,0.033498306636422885,0.9600417874401405,0.000598379282718538,0.005861526640717955,17.81494140572073
25,5.003335557038025,0.8333333333333334,0.2,0.5,0.5,0.032215356326896365,0.9605021776794186,0.0006590944207323238,0.0066233715729526015,17.81494140572073
26,5.203468979319546,0.8333333333333334,0.2,0.5,0.5,0.030978868479477464,0.9608087311789958,0.0007255122486071234,0.007486888092919551,17.81494140572073
27,5.403602401601067,0.8333333333333334,0.2,0.5,0.5,0.02978720586984149,0.9609489237921987,0.0007981467322705871,0.008465723605689143,17.81494140572073
28,5.603735823882588,0.8333333333333334,0.2,0.5,0.5,0.028638777232125774,0.960908368737523,0.0008775520381169111,0.009575301992234145,17.81494140572073
29,5.803869246164109,0.8333333333333334,0.2,0.5,0.5,0.027532036862290946,0.960670595503956,0.0009643244634426483,0.010833043170310423,17.81494140572073
30,6.00400266844563,0.8333333333333334,0.2,0.5,0.5,0.02646548473913822,0.9602168161806941,0.0010591033110700125,0.012258595769097623,17.81494140572073
31,6.204136090727151,0.8333333333333334,0.2,0.5,0.5,0.025437666497055818,0.9595256762603814,0.001162571969361584,0.013874085273201128,17.81494140572073
32,6.404269513008672,0.8333333333333334,0.2,0.5,0.5,0.024447173857809274,0.9585729859011657,0.0012754575065603163,0.015704382734464672,17.81494140572073
33,6.604402935290193,0.8333333333333334,0.2,0.5,0.5,0.023492645045253488,0.9573314350302189,0.0013985303933045663,0.017777389531222987,17.81494140572073
34,6.804536357571714,0.8333333333333334,0.2,0.5,0.5,0.022572765954815655,0.9557703147632397,0.0015326016733160734,0.02012431760862857,17.81494140572073
35,7.004669779853235,0.8333333333333334,0.2,0.5,0.5,0.02168627126722892,0.9538552115030825,0.001678520338527592,0.022779996891160982,17.81494140572073
36,7.204803202134756,0.8333333333333334,0.2,0.5,0.5,0.020831946512498423,0.951547741989623,0.0018371673871524711,0.025783144110726075,17.81494140572073
37,7.404936624416277,0.8333333333333334,0.2,0.5,0.5,0.020008630214693,0.9488052579024805,0.0020094496792420757,0.029176662203584423,17.81494140572073
38,7.605070046697798,0.8333333333333334,0.2,0.5,0.5,0.019215217206860036,0.9455806476935043,0.0021962895887123507,0.033007845510923374,17.81494140572073
39,7.805203468979319,0.8333333333333334,0.2,0.5,0.5,0.018450662386282464,0.9418221556534889,0.002398613244268003,0.03732856871596051,17.81494140572073
40,8.005336891260841,0.8333333333333334,0.2,0.5,0.5,0.017713985378667887,0.9374732936678067,0.0026173355382053815,0.042195385415319975,17.81494140572073
41,8.205470313542362,0.8333333333333334,0.2,0.5,0.5,0.017004276045730477,0.9324728745117505,0.0028533422626272225,0.04766950717989168,17.81494140572073
42,8.405603735823883,0.8333333333333334,0.2,0.5,0.5,0.01632070096524842,0.9267552016946439,0.0031074690689344465,0.05381662827117309,17.81494140572073
43,8.605737158105404,0.8333333333333334,0.2,0.5,0.5,0.015662510842573765,0.9202504636859615,0.0033804775047423428,0.06070654796672236,17.81494140572073
44,8.805870580386925,0.8333333333333334,0.2,0.5,0.5,0.015029048544815128,0.9128853716759461,0.0036730294617468595,0.06841255031749194,17.81494140572073
45,9.006004002668446,0.8333333333333334,0.2,0.5,0.5,0.014419758157210673,0.9045841327585457,0.003985659135232946,0.07701044994901068,17.81494140572073
46,9.206137424949967,0.8333333333333334,0.2,0.5,0.5,0.013834193808685677,0.8952697489271105,0.004318747088334438,0.08657731017586925,17.81494140572073
47,9.406270847231488,0.8333333333333334,0.2,0.5,0.5,0.013272028809890991,0.8848657498103464,0.004672495555920458,0.09718972582384212,17.81494140572073
48,9.606404269513009,0.8333333333333334,0.2,0.5,0.5,0.012733064093766946,0.8732983742234653,0.005046908897906176,0.10892165278486142,17.81494140572073
49,9.80653769179453,0.8333333333333334,0.2,0.5,0.5,0.01221723525180879,0.8604992254743521,0.005441782730759539,0.12184175654307954,17.81494140572073
50,10.00667111407605,0.8333333333333334,0.2,0.5,0.5,0.011724617771320268,0.8464083065493471,0.005856702946035205,0.1360103727332974,17.81494140572073
51,10.206804536357572,0.8333333333333334,0.2,0.5,0.5,0.011255428619308595,0.8309776694320281,0.006291063924746207,0.15147583802391715,17.81494140572073
52,10.406937958639093,0.8333333333333334,0.2,0.5,0.5,0.010810024936440298,0.8141750591988921,0.0067441007747544215,0.16827081508991312,17.81494140572073
53,10.607071380920614,0.8333333333333334,0.2,0.5,0.5,0.01038889764729793,0.7959879113637417,0.007214944833248823,0.18640824615571158,17.81494140572073
54,10.807204803202135,0.8333333333333334,0.2,0.5,0.5,0.009992660409828462,0.7764271574739083,0.0077026996882840265,0.20587748242797924,17.81494140572073
55,11.007338225483656,0.8333333333333334,0.2,0.5,0.5,0.009622033578294087,0.7555306425051784,0.00820653735583134,0.22664078656069608,17.81494140572073
56,11.207471647765177,0.8333333333333334,0.2,0.5,0.5,0.009277823694315988,0.7333658304192211,0.008725810442923882,0.248630535443539,17.81494140572073
57,11.407605070046698,0.8333333333333334,0.2,0.5,0.5,0.008960899537524863,0.7100314378674817,0.009260174107126639,0.27174748848786695,17.81494140572073
58,11.607738492328219,0.8333333333333334,0.2,0.5,0.5,0.0086721662707027,0.6856576884746294,0.009809709413124142,0.29586043584154387,17.81494140572073
59,11.80787191460974,0.8333333333333334,0.2,0.5,0.5,0.008412539641932797,0.6604049458351439,0.01037503856966926,0.3208074759532542,17.81494140572073
60,12.00800533689126,0.8333333333333334,0.2,0.5,0.5,0.00818292244108921,0.6344606040611058,0.010957422596668074,0.346399050901137,17.81494140572073
61,12.208138759172781,0.8333333333333334,0.2,0.5,0.5,0.007984185558503127,0.6080342261323565,0.01155883193175924,0.37242275637738115,17.81494140572073
62,12.408272181454302,0.8333333333333334,0.2,0.5,0.5,0.007817154814797292,0.5813512351181013,0.012181987515045468,0.398649622552056,17.81494140572073
63,12.608405603735823,0.8333333333333334,0.2,0.5,0.5,0.007682605533015145,0.5546454504525695,0.012830367424485699,0.4248415765899297,17.81494140572073
64,12.808539026017344,0.8333333333333334,0.2,0.5,0.5,0.007581264895186544,0.5281509928484145,0.013508181822510564,0.45075956043388843,17.81494140572073
65,13.008672448298865,0.8333333333333334,0.2,0.5,0.5,0.00751382185041288,0.5020941687414191,0.014220321383732092,0.47617168802443605,17.81494140572073
66,13.208805870580386,0.8333333333333334,0.2,0.5,0.5,0.0074809436258156834,0.476685918458364,0.014972286493195664,0.5008608514226247,17.81494140572073
67,13.408939292861907,0.8333333333333334,0.2,0.5,0.5,0.00748329735793758,0.4521153512234969,0.015770105715179932,0.5246312457033857,17.81494140572073
68,13.609072715143428,0.8333333333333334,0.2,0.5,0.5,0.007521575057092992,0.4285447614290967,0.01662025186513456,0.5473134116486759,17.81494140572073
69,13.80920613742495,0.8333333333333334,0.2,0.5,0.5,0.007596520211205538,0.40610634878623175,0.017529562726557018,0.5687675682760058,17.81494140572073
70,14.00933955970647,0.8333333333333334,0.2,0.5,0.5,0.007708954439953464,0.38490069697325247,0.0185051716393068,0.5888851769474874,17.81494140572073
71,14.209472981987991,0.8333333333333334,0.2,0.5,0.5,0.007859802933364527,0.36499690476298047,0.01955445115731175,0.6075888411463434,17.81494140572073
72,14.409606404269512,0.8333333333333334,0.2,0.5,0.5,0.008050117839845194,0.3464341193387701,0.020684970643924723,0.6248307921774601,17.81494140572073
73,14.609739826551033,0.8333333333333334,0.2,0.5,0.5,0.00828109877245789,0.32922427222284795,0.021904468961650887,0.6405901600430435,17.81494140572073
74,14.809873248832554,0.8333333333333334,0.2,0.5,0.5,0.008554111257356663,0.3133553086079332,0.023220834675640466,0.6548697454590698,17.81494140572073
75,15.010006671114075,0.8333333333333334,0.2,0.5,0.5,0.008870701810912696,0.2987951094318743,0.024642100035168844,0.6676920887220444,17.81494140572073
76,15.210140093395596,0.8333333333333334,0.2,0.5,0.5,0.009232610826941455,0.2854955671227072,0.026176440705759974,0.6790953813445917,17.81494140572073
77,15.410273515677117,0.8333333333333334,0.2,0.5,0.5,0.009641783360664785,0.27339614176862,0.02783217409966086,0.6891299007710546,17.81494140572073
78,15.610406937958638,0.8333333333333334,0.2,0.5,0.5,0.01010037827544928,0.2624276917751282,0.029617765696435042,0.6978541642529877,17.81494140572073
79,15.810540360240159,0.8333333333333334,0.2,0.5,0.5,0.010610775600698574,0.25251546003519215,0.031541827519476075,0.7053319368446334,17.81494140572073
80,16.010673782521682,0.8333333333333334,0.2,0.5,0.5,0.011175582942230733,0.2435818026966158,0.0336131154803034,0.7116294988808503,17.81494140572073
81,16.210807204803203,0.8333333333333334,0.2,0.5,0.5,0.011797640831062103,0.23554842178841193,0.03584052088976903,0.7168134164907571,17.81494140572073
82,16.410940627084724,0.8333333333333334,0.2,0.5,0.5,0.012480026914165216,0.22833813017000187,0.03823305457451386,0.7209487883413193,17.81494140572073
83,16.611074049366245,0.8333333333333334,0.2,0.5,0.5,0.013226059347992942,0.22187615386874043,0.04079982110477158,0.7240979656784953,17.81494140572073
84,16.811207471647766,0.8333333333333334,0.2,0.5,0.5,0.014039299116404927,0.21609114663694942,0.04354998580018892,0.726319568446457,17.81494140572073
85,17.011340893929287,0.8333333333333334,0.2,0.5,0.5,0.014923551048554582,0.21091582105779136,0.04649272894968571,0.7276678989439685,17.81494140572073
86,17.211474316210808,0.8333333333333334,0.2,0.5,0.5,0.015882863506651686,0.20628735195269957,0.04963718969115077,0.7281925948494983,17.81494140572073
87,17.41160773849233,0.8333333333333334,0.2,0.5,0.5,0.016921526293777366,0.2021475607499538,0.05299239724640323,0.7279385157098659,17.81494140572073
88,17.61174116077385,0.8333333333333334,0.2,0.5,0.5,0.018044066731149708,0.19844296436224132,0.056567191183504055,0.7269457777231053,17.81494140572073
89,17.81187458305537,0.8333333333333334,0.2,0.5,0.5,0.019255243233505186,0.19512467019574803,0.06037012727732108,0.7252499592934262,17.81494140572073
90,18.01200800533689,0.8333333333333334,0.2,0.5,0.5,0.020560036286637356,0.1921482045514374,0.06440937136629835,0.7228823877956273,17.81494140572073
91,18.212141427618413,0.8333333333333334,0.2,0.5,0.5,0.021963636373314614,0.18947328199164976,0.06869258138540904,0.719870500249627,17.81494140572073
92,18.412274849899934,0.8333333333333334,0.2,0.5,0.5,0.023471428392012467,0.18706353431471995,0.07322677692907333,0.7162382603641946,17.81494140572073
93,18.612408272181455,0.8333333333333334,0.2,0.5,0.5,0.025088972293337286,0.18488622542844715,0.07801819827344177,0.7120066040047742,17.81494140572073
94,18.812541694462976,0.8333333333333334,0.2,0.5,0.5,0.02682197956220087,0.18291195310673733,0.0830721561765148,0.7071939111545474,17.81494140572073
95,19.012675116744497,0.8333333333333334,0.2,0.5,0.5,0.02867628518517136,0.18111436350655558,0.08839287422204009,0.7018164770862334,17.81494140572073
96,19.212808539026017,0.8333333333333334,0.2,0.5,0.5,0.030657814848850735,0.17946987332102804,0.09398332602255267,0.695888985807569,17.81494140572073
97,19.41294196130754,0.8333333333333334,0.2,0.5,0.5,0.03277254726448843,0.177957403309862,0.09984507068238525,0.6894249787432647,17.81494140572073
98,19.61307538358906,0.8333333333333334,0.2,0.5,0.5,0.0350264714557595,0.17655813587821392,0.10597808963804553,0.6824373030279814,17.81494140572073
99,19.81320880587058,0.8333333333333334,0.2,0.5,0.5,0.037425538810269644,0.17525529521968833,0.11238062748024431,0.6749385384897981,17.81494140572073
100,20.0133422281521,0.8333333333333334,0.2,0.5,0.5,0.03997561081685848,0.1740339363120333,0.11904904587883534,0.6669414069922733,17.81494140572073
101,20.213475650433622,0.8333333333333334,0.2,0.5,0.5,0.04268240154740168,0.17288076889196266,0.12597768796146494,0.6584591415991711,17.81494140572073
102,20.413609072715143,0.8333333333333334,0.2,0.5,0.5,0.0455514170184645,0.17178399139527847,0.1331587656651641,0.6495058259210934,17.81494140572073
103,20.613742494996664,0.8333333333333334,0.2,0.5,0.5,0.04858789028442498,0.1707331510541287,0.14058226844146862,0.6400966902199782,17.81494140572073
104,20.813875917278185,0.8333333333333334,0.2,0.5,0.5,0.051796714779485865,0.1697190159450921,0.1482359037209497,0.6302483655544728,17.81494140572073
105,21.014009339559706,0.8333333333333334,0.2,0.5,0.5,0.055182375944475524,0.1687334668786341,0.15610506874885532,0.6199790884280355,17.81494140572073
106,21.214142761841227,0.8333333333333334,0.2,0.5,0.5,0.05874888263981282,0.16776940171726148,0.1641728616445163,0.60930885399841,17.81494140572073
107,21.41427618412275,0.8333333333333334,0.2,0.5,0.5,0.06249970015842712,0.1668206536110325,0.17242013070890333,0.5982595155216376,17.81494140572073
108,21.61440960640427,0.8333333333333334,0.2,0.5,0.5,0.06643768515728297,0.16588192000861823,0.18082556913770265,0.5868548256963966,17.81494140572073
109,21.81454302868579,0.8333333333333334,0.2,0.5,0.5,0.0705650258881889,0.16494869976621174,0.18936584790352112,0.5751204264420787,17.81494140572073
110,22.01467645096731,0.8333333333333334,0.2,0.5,0.5,0.07488318710962988,0.16401723900307105,0.19801579683821333,0.5630837770490862,17.81494140572073
111,22.214809873248832,0.8333333333333334,0.2,0.5,0.5,0.07939286324450817,0.16308448228042985,0.2067486195896276,0.5507740348854349,17.81494140572073
112,22.414943295530353,0.8333333333333334,0.2,0.5,0.5,0.08409393938844943,0.1621480282758295,0.21553614881845679,0.5382218835172647,17.81494140572073
113,22.615076717811874,0.8333333333333334,0.2,0.5,0.5,0.08898546289729882,0.16120608812211712,0.22434913593454905,0.5254593130460354,17.81494140572073
114,22.815210140093395,0.8333333333333334,0.2,0.5,0.5,0.09406562513876858,0.16025744627589653,0.23315755954330797,0.5125193690420273,17.81494140572073
115,23.015343562374916,0.8333333333333334,0.2,0.5,0.5,0.0993317556200378,0.15930142176949025,0.24193095300917505,0.49943586960129727,17.81494140572073
116,23.215476984656437,0.8333333333333334,0.2,0.5,0.5,0.10478032692817352,0.15833782983330388,0.25063874989954776,0.4862430933389752,17.81494140572073
117,23.415610406937958,0.8333333333333334,0.2,0.5,0.5,0.11040697178529116,0.15736694333717838,0.2592506221054056,0.47297546277212515,17.81494140572073
118,23.61574382921948,0.8333333333333334,0.2,0.5,0.5,0.1162065122353703,0.15638945295204443,0.26773682130349374,0.4596672135090919,17.81494140572073
119,23.815877251501,0.8333333333333334,0.2,0.5,0.5,0.12217299824498834,0.15540642759835768,0.27606849584837617,0.4463520783082781,17.81494140572073
120,24.01601067378252,0.8333333333333334,0.2,0.5,0.5,0.12829975820181827,0.15441927267111785,0.28421799759560024,0.43306297153146395,17.81494140572073
121,24.216144096064042,0.8333333333333334,0.2,0.5,0.5,0.13457945518606365,0.153429689778369,0.2921591516306466,0.4198317034049211,17.81494140572073
122,24.416277518345563,0.8333333333333334,0.2,0.5,0.5,0.14100415377624126,0.15243963397624433,0.29986749896828824,0.4066887132792265,17.81494140572073
123,24.616410940627084,0.8333333333333334,0.2,0.5,0.5,0.1475653882459755,0.1514512738664947,0.307320500677932,0.39366283720959805,17.81494140572073
124,24.816544362908605,0.8333333333333334,0.2,0.5,0.5,0.15425423922615494,0.1504669499302229,0.31449769896270285,0.3807811118809196,17.81494140572073
125,25.016677785190126,0.8333333333333334,0.2,0.5,0.5,0.16106140843482106,0.1494891366966202,0.32138084582963344,0.36806860903892563,17.81494140572073
126,25.216811207471647,0.8333333333333334,0.2,0.5,0.5,0.16797729755253582,0.14852040442172368,0.32795397727485975,0.35554832075088105,17.81494140572073
127,25.416944629753168,0.8333333333333334,0.2,0.5,0.5,0.17499208333909042,0.14756338491556018,0.3342034660201958,0.3432410657251539,17.81494140572073
128,25.61707805203469,0.8333333333333334,0.2,0.5,0.5,0.18209579268670953,0.14662073869275344,0.34011801479014203,0.33116545383039536,17.81494140572073
129,25.81721147431621,0.8333333333333334,0.2,0.5,0.5,0.189278373403336,0.1456951258178198,0.34568863943432343,0.3193378613445211,17.81494140572073
130,26.01734489659773,0.8333333333333334,0.2,0.5,0.5,0.19652976029327685,0.14478917984881026,0.35090859631954907,0.3077724635383642,17.81494140572073
131,26.21747831887925,0.8333333333333334,0.2,0.5,0.5,0.20383993768698183,0.1439054846126077,0.3557733075854729,0.2964812701149379,17.81494140572073
132,26.417611741160773,0.8333333333333334,0.2,0.5,0.5,0.21119899377458667,0.14304655539863592,0.36028024176759393,0.2854742090591838,17.81494140572073
133,26.617745163442294,0.8333333333333334,0.2,0.5,0.5,0.2185971723526222,0.14221482204869237,0.364428796048425,0.27475920955026084,17.81494140572073
134,26.817878585723815,0.8333333333333334,0.2,0.5,0.5,0.2260249143181967,0.14141261705470562,0.3682201496095944,0.26434231901750366,17.81494140572073
135,27.018012008005336,0.8333333333333334,0.2,0.5,0.5,0.2334728974364711,0.14064216482451591,0.3716571188703358,0.25422781886867757,17.81494140572073
136,27.218145430286857,0.8333333333333334,0.2,0.5,0.5,0.2409320653913972,0.13990557578125434,0.37474400045907863,0.24441835836827025,17.81494140572073
137,27.418278852568378,0.8333333333333334,0.2,0.5,0.5,0.24839365553348836,0.13920484122147575,0.3774864146063345,0.23491508863870178,17.81494140572073
138,27.6184122748499,0.8333333333333334,0.2,0.5,0.5,0.25584921682121275,0.13854183223215413,0.3798911506988129,0.22571780024782054,17.81494140572073
139,27.81854569713142,0.8333333333333334,0.2,0.5,0.5,0.26329062649675306,0.13791829922343338,0.3819660116914248,0.21682506258838913,17.81494140572073
140,28.01867911941294,0.8333333333333334,0.2,0.5,0.5,0.2707100988106694,0.1373358744070149,0.383719670402285,0.20823435638003096,17.81494140572073
141,28.21881254169446,0.8333333333333334,0.2,0.5,0.5,0.2781001921786028,0.13679607493873902,0.3851615242681911,0.19994220861446724,17.81494140572073
142,28.418945963975982,0.8333333333333334,0.2,0.5,0.5,0.2854538091961903,0.13630030815342215,0.38630157534011705,0.19194430731027076,17.81494140572073
143,28.619079386257503,0.8333333333333334,0.2,0.5,0.5,0.292764197916215,0.13584987678679172,0.3871502931082794,0.1842356321887141,17.81494140572073
144,28.819212808539024,0.8333333333333334,0.2,0.5,0.5,0.30002494737258495,0.13544598541820585,0.38771850816567827,0.1768105590435312,17.81494140572073
145,29.019346230820545,0.8333333333333334,0.2,0.5,0.5,0.30722998032307874,0.13508974765289247,0.3880173150316336,0.1696629569923955,17.81494140572073
146,29.219479653102066,0.8333333333333334,0.2,0.5,0.5,0.3143735453829738,0.13478219378793088,0.3880579658001046,0.16278629502899106,17.81494140572073
147,29.419613075383587,0.8333333333333334,0.2,0.5,0.5,0.3214502069733979,0.13452427771859465,0.3878518039947443,0.1561737113132635,17.81494140572073
148,29.61974649766511,0.8333333333333334,0.2,0.5,0.5,0.3284548337570524,0.13431688527328206,0.38741017793950855,0.14981810303015725,17.81494140572073
149,29.81987991994663,0.8333333333333334,0.2,0.5,0.5,0.3353825867309921,0.13416084133250575,0.3867443826809888,0.1437121892555136,17.81494140572073
150,30.02001334222815,0.8333333333333334,0.2,0.5,0.5,0.3422289063768251,0.13405691707571582,0.3858656064133242,0.13784857013413518,17.81494140572073
151,30.22014676450967,0.8333333333333334,0.2,0.5,0.5,0.3489894989017881,0.1340058375960209,0.3847848757238571,0.13221978777833424,17.81494140572073
152,30.420280186791192,0.8333333333333334,0.2,0.5,0.5,0.3556603238910901,0.13400828775821422,0.38351302371253493,0.12681836463816118,17.81494140572073
153,30.620413609072713,0.8333333333333334,0.2,0.5,0.5,0.3622375788512656,0.13406491975187548,0.38206065115998733,0.12163685023687194,17.81494140572073
154,30.820547031354234,0.8333333333333334,0.2,0.5,0.5,0.3687176867184959,0.13417635851631354,0.3804381018238733,0.11666785294131765,17.81494140572073
155,31.020680453635755,0.8333333333333334,0.2,0.5,0.5,0.37509728261513314,0.13434320731316338,0.3786554409062733,0.11190406916543057,17.81494140572073
156,31.220813875917276,0.8333333333333334,0.2,0.5,0.5,0.38137320029771116,0.13456605324773208,0.3767224365949041,0.10733830985965312,17.81494140572073
157,31.420947298198797,0.8333333333333334,0.2,0.5,0.5,0.3875424606360487,0.13484547143362693,0.37464854928747654,0.10296351864284824,17.81494140572073
158,31.621080720480318,0.8333333333333334,0.2,0.5,0.5,0.3936022581708727,0.1351820299372908,0.3724429225989466,0.09877278929289027,17.81494140572073
159,31.82121414276184,0.8333333333333334,0.2,0.5,0.5,0.3995499504777108,0.13557629320443773,0.3701143777850319,0.0947593785328199,17.81494140572073
160,32.021347565043364,0.8333333333333334,0.2,0.5,0.5,0.40538304679499043,0.13602882562356292,0.36767141188585273,0.09091671569559431,17.81494140572073
161,32.22148098732488,0.8333333333333334,0.2,0.5,0.5,0.41109919742119705,0.13654019461568437,0.3651221978103659,0.08723841015275305,17.81494140572073
162,32.421614409606406,0.8333333333333334,0.2,0.5,0.5,0.4166961852081148,0.13711097272638034,0.3624745845387263,0.08371825752677897,17.81494140572073
163,32.62174783188792,0.8333333333333334,0.2,0.5,0.5,0.42217191506487267,0.13774174032282113,0.3597361031254022,0.08035024148690435,17.81494140572073
164,32.82188125416945,0.8333333333333334,0.2,0.5,0.5,0.427524404633344,0.13843308771599647,0.35691397308217565,0.07712853456848426,17.81494140572073
165,33.022014676450965,0.8333333333333334,0.2,0.5,0.5,0.43275177838465295,0.13918561591917064,0.3540151044710329,0.07404750122514384,17.81494140572073
166,33.22214809873249,0.8333333333333334,0.2,0.5,0.5,0.4378522590702718,0.13999993816616302,0.3510461082837226,0.07110169447984296,17.81494140572073
167,33.42228152101401,0.8333333333333334,0.2,0.5,0.5,0.44282416047737627,0.14087668086097843,0.3480133059922764,0.06828585266936925,17.81494140572073
168,33.62241494329553,0.8333333333333334,0.2,0.5,0.5,0.44766588244493444,0.14181648380377254,0.34492273331868933,0.06559490043260413,17.81494140572073
169,33.82254836557705,0.8333333333333334,0.2,0.5,0.5,0.4523759045004165,0.1428200005732651,0.3417801521456742,0.06302394278064469,17.81494140572073
170,34.02268178785857,0.8333333333333334,0.2,0.5,0.5,0.4569527803744587,0.14388789855285422,0.3385910613574376,0.06056825971524984,17.81494140572073
171,34.22281521014009,0.8333333333333334,0.2,0.5,0.5,0.461395134204097,0.1450208585259959,0.335360701577565,0.058223305692342485,17.81494140572073
172,34.422948632421615,0.8333333333333334,0.2,0.5,0.5,0.46570165594567864,0.14621957418965,0.33209406707171235,0.05598470279295947,17.81494140572073
173,34.62308205470313,0.8333333333333334,0.2,0.5,0.5,0.469871097440635,0.14748475140800632,0.3287959166353282,0.05384823451603101,17.81494140572073
174,34.82321547698466,0.8333333333333334,0.2,0.5,0.5,0.47390226965555887,0.1488171072518416,0.3254707789339503,0.05180984415864976,17.81494140572073
175,35.023348899266175,0.8333333333333334,0.2,0.5,0.5,0.47779403969029627,0.1502173687706853,0.322122963439778,0.04986562809924101,17.81494140572073
176,35.2234823215477,0.8333333333333334,0.2,0.5,0.5,0.4815453283286406,0.15168627154577483,0.31875657047238515,0.048011829653199965,17.81494140572073
177,35.42361574382922,0.8333333333333334,0.2,0.5,0.5,0.4851551081265111,0.15322455824444867,0.3153754969250563,0.04624483670398447,17.81494140572073
178,35.62374916611074,0.8333333333333334,0.2,0.5,0.5,0.48862240170844884,0.15483297680047126,0.31198344593288346,0.04456117555819703,17.81494140572073
179,35.82388258839226,0.8333333333333334,0.2,0.5,0.5,0.4919462804197241,0.15651227844097654,0.3085839359201286,0.04295750521917134,17.81494140572073
180,36.02401601067378,0.8333333333333334,0.2,0.5,0.5,0.49512586338583203,0.15826321570504465,0.3051803062167982,0.041430614692325715,17.81494140572073
181,36.2241494329553,0.8333333333333334,0.2,0.5,0.5,0.4981603168369492,0.16008654013847337,0.301775725449395,0.03997741757518297,17.81494140572073
182,36.424282855236825,0.8333333333333334,0.2,0.5,0.5,0.5010488537603746,0.1619829998347379,0.2983731994356112,0.03859494696927697,17.81494140572073
183,36.62441627751834,0.8333333333333334,0.2,0.5,0.5,0.503790733721431,0.16395333700609827,0.2949755766136017,0.03728035265886957,17.81494140572073
184,36.82454969979987,0.8333333333333334,0.2,0.5,0.5,0.5063852630954093,0.1659982852283928,0.2915855553473744,0.0360308963288241,17.81494140572073
185,37.024683122081385,0.8333333333333334,0.2,0.5,0.5,0.508831795535483,0.16811856657475258,0.2882056906568197,0.03484394723294539,17.81494140572073
186,37.22481654436291,0.8333333333333334,0.2,0.5,0.5,0.5111297324511033,0.17031488880350673,0.284838398857659,0.03371697988773161,17.81494140572073
187,37.42494996664443,0.8333333333333334,0.2,0.5,0.5,0.5132785239277682,0.17258794223758905,0.2814859638545021,0.032647569980141344,17.81494140572073
188,37.62508338892595,0.8333333333333334,0.2,0.5,0.5,0.515277669954154,0.17493839642855907,0.278150544482588,0.03163338913469948,17.81494140572073
189,37.82521681120747,0.8333333333333334,0.2,0.5,0.5,0.5171267215498122,0.17736689701428074,0.27483417738275967,0.030672204053147953,17.81494140572073
190,38.02535023348899,0.8333333333333334,0.2,0.5,0.5,0.5188252822890819,0.17987406225777547,0.27153878249005764,0.02976187296308556,17.81494140572073
191,38.22548365577051,0.8333333333333334,0.2,0.5,0.5,0.5203730097397917,0.18246047957096168,0.26826616949930854,0.028900341189938623,17.81494140572073
192,38.425617078052035,0.8333333333333334,0.2,0.5,0.5,0.5217696175476972,0.18512670180925275,0.2650180411196242,0.02808563952342638,17.81494140572073
193,38.62575050033355,0.8333333333333334,0.2,0.5,0.5,0.5230148774966641,0.18787324351555398,0.26179599744699744,0.027315881540784966,17.81494140572073
194,38.82588392261508,0.8333333333333334,0.2,0.5,0.5,0.5241086210066759,0.19070057740926513,0.25860154119607087,0.026589260387988544,17.81494140572073
195,39.026017344896594,0.8333333333333334,0.2,0.5,0.5,0.5250507417232498,0.19360913034221772,0.255436081391165,0.02590404654336784,17.81494140572073
196,39.22615076717812,0.8333333333333334,0.2,0.5,0.5,0.5258411982206634,0.1965992791818912,0.2523009369283128,0.025258585669132978,17.81494140572073
197,39.426284189459636,0.8333333333333334,0.2,0.5,0.5,0.526480015788419,0.19967134716593055,0.2491973411180659,0.024651295927585044,17.81494140572073
198,39.62641761174116,0.8333333333333334,0.2,0.5,0.5,0.5269672888570871,0.2028255999099275,0.24612644551795437,0.024080665715031552,17.81494140572073
199,39.82655103402268,0.8333333333333334,0.2,0.5,0.5,0.5273031843721515,0.20606224088977687,0.24308932279313392,0.023545251944938225,17.81494140572073
200,40.0266844563042,0.8333333333333334,0.2,0.5,0.5,0.5274879440033221,0.20938140761838572,0.24008697060780357,0.023043677770489254,17.81494140572073
201,40.22681787858572,0.8333333333333334,0.2,0.5,0.5,0.5275218863299626,0.21278316789663781,0.23712031541556042,0.0225746303578398,17.81494140572073
202,40.426951300867245,0.8333333333333334,0.2,0.5,0.5,0.5274054105527286,0.21626751500002445,0.2341902149989809,0.022136859448266658,17.81494140572073
203,40.62708472314876,0.8333333333333334,0.2,0.5,0.5,0.5271389989815344,0.219834363766622,0.2312974618506665,0.02172917540117765,17.81494140572073
204,40.82721814543029,0.8333333333333334,0.2,0.5,0.5,0.5267232189645756,0.2234835471780516,0.2284427867404532,0.021350447116920152,17.81494140572073
205,41.027351567711804,0.8333333333333334,0.2,0.5,0.5,0.5261587266978593,0.22721481146604944,0.22562686111331628,0.020999600722775527,17.81494140572073
206,41.22748498999333,0.8333333333333334,0.2,0.5,0.5,0.5254462699012415,0.23102781215239931,0.22285030003899084,0.02067561790736895,17.81494140572073
207,41.427618412274846,0.8333333333333334,0.2,0.5,0.5,0.524586689457803,0.23492211100136698,0.22011366547459627,0.020377534066234403,17.81494140572073
208,41.62775183455637,0.8333333333333334,0.2,0.5,0.5,0.5235809229132502,0.23889717142422748,0.2174174686604713,0.020104437002051674,17.81494140572073
209,41.82788525683789,0.8333333333333334,0.2,0.5,0.5,0.5224300072981198,0.24295235448670888,0.21476217269694947,0.01985546551822253,17.81494140572073
210,42.02801867911941,0.8333333333333334,0.2,0.5,0.5,0.521135080556964,0.24708691619626835,0.21214819539726726,0.01962980784950106,17.81494140572073
211,42.22815210140093,0.8333333333333334,0.2,0.5,0.5,0.5196973842373545,0.2513000036803018,0.20957591172205328,0.019426700360291066,17.81494140572073
212,42.428285523682455,0.8333333333333334,0.2,0.5,0.5,0.5181182664010824,0.25559065118987045,0.20704565606650366,0.0192454263425441,17.81494140572073
213,42.62841894596397,0.8333333333333334,0.2,0.5,0.5,0.5163991828300821,0.25995777769509393,0.20455772478526044,0.019085314689564162,17.81494140572073
214,42.8285523682455,0.8333333333333334,0.2,0.5,0.5,0.5145416984590906,0.26440018430171514,0.2021123785700362,0.018945738669158788,17.81494140572073
215,43.028685790527014,0.8333333333333334,0.2,0.5,0.5,0.5125474903362922,0.26891655028132616,0.19970984449904966,0.01882611488333259,17.81494140572073
216,43.22881921280854,0.8333333333333334,0.2,0.5,0.5,0.510418348237108,0.2735054313067139,0.1973503183161801,0.01872590213999881,17.81494140572073
217,43.428952635090056,0.8333333333333334,0.2,0.5,0.5,0.5081561746614893,0.27816525829459393,0.19503396665671524,0.01864460038720227,17.81494140572073
218,43.62908605737158,0.8333333333333334,0.2,0.5,0.5,0.5057629881500877,0.2828943331674036,0.19276092888080607,0.01858174980170349,17.81494140572073
219,43.8292194796531,0.8333333333333334,0.2,0.5,0.5,0.5032409235543619,0.28769082749162306,0.19053131910694124,0.018536929847074644,17.81494140572073
220,44.02935290193462,0.8333333333333334,0.2,0.5,0.5,0.5005922326851235,0.29255278078708874,0.18834522812629242,0.018509758401496112,17.81494140572073
221,44.22948632421614,0.8333333333333334,0.2,0.5,0.5,0.49781928145004545,0.29747810214589193,0.18620272546927513,0.018499890934788352,17.81494140572073
222,44.429619746497664,0.8333333333333334,0.2,0.5,0.5,0.494924550954315,0.3024645681688565,0.1841038611422102,0.018507019734619216,17.81494140572073
223,44.62975316877918,0.8333333333333334,0.2,0.5,0.5,0.4919106381880878,0.30750982131332494,0.1820486673201153,0.01853087317847289,17.81494140572073
224,44.829886591060706,0.8333333333333334,0.2,0.5,0.5,0.48878025390045815,0.31261137089744884,0.18003716015331855,0.01857121504877534,17.81494140572073
225,45.030020013342224,0.8333333333333334,0.2,0.5,0.5,0.4855362215945645,0.3177665930775759,0.17806934134309532,0.01862784398476519,17.81494140572073
226,45.23015343562375,0.8333333333333334,0.2,0.5,0.5,0.48218147846401566,0.32297272902473584,0.1761451991971723,0.018700593314077085,17.81494140572073
227,45.430286857905266,0.8333333333333334,0.2,0.5,0.5,0.4787190698308127,0.3282268892261885,0.17426471083909797,0.018789330103901773,17.81494140572073
228,45.63042028018679,0.8333333333333334,0.2,0.5,0.5,0.4751521472550285,0.3335260543602857,0.17242784354796228,0.01889395483672438,17.81494140572073
229,45.83055370246831,0.8333333333333334,0.2,0.5,0.5,0.47148396556680655,0.33886707720475584,0.1706345561693997,0.01901440105903879,17.81494140572073
230,46.03068712474983,0.8333333333333334,0.2,0.5,0.5,0.46771788221007554,0.34424668235991485,0.16888480020281285,0.019150635227197697,17.81494140572073
231,46.23082054703135,0.8333333333333334,0.2,0.5,0.5,0.4638573538158441,0.3496614686198819,0.16717852108583803,0.019302656478436875,17.81494140572073
232,46.430953969312874,0.8333333333333334,0.2,0.5,0.5,0.45990592916100087,0.35510791479359627,0.16551565976539573,0.019470496280008062,17.81494140572073
233,46.63108739159439,0.8333333333333334,0.2,0.5,0.5,0.45586724609945656,0.3605823817626568,0.16389615374750074,0.019654218390386804,17.81494140572073
234,46.831220813875916,0.8333333333333334,0.2,0.5,0.5,0.4517450269900578,0.3660811159598153,0.16231993825481703,0.019853918795310704,17.81494140572073
235,47.03135423615743,0.8333333333333334,0.2,0.5,0.5,0.4475430766359175,0.37160025030214705,0.1607869473981633,0.020069725663772908,17.81494140572073
236,47.23148765843896,0.8333333333333334,0.2,0.5,0.5,0.4432652739853878,0.37713581139230923,0.15929711517984077,0.02030179944246295,17.81494140572073
237,47.431621080720475,0.8333333333333334,0.2,0.5,0.5,0.4389155666054792,0.38268372390875993,0.15785037651882566,0.020550332966935897,17.81494140572073
238,47.631754503002,0.8333333333333334,0.2,0.5,0.5,0.4344979649187004,0.3882398152149487,0.1564466682359929,0.020815551630358645,17.81494140572073
239,47.83188792528352,0.8333333333333334,0.2,0.5,0.5,0.43001653749397295,0.3937998190663596,0.15508592981705463,0.021097713622613576,17.81494140572073
240,48.03202134756504,0.8333333333333334,0.2,0.5,0.5,0.4254754063597024,0.39935937931501697,0.15376810409451466,0.021397110230766778,17.81494140572073
241,48.23215476984656,0.8333333333333334,0.2,0.5,0.5,0.42087873665349657,0.40491405878164755,0.15249313837960887,0.02171406618524782,17.81494140572073
242,48.432288192128084,0.8333333333333334,0.2,0.5,0.5,0.41623073108757647,0.41045934376346166,0.15126098506775196,0.022048940081210798,17.81494140572073
243,48.6324216144096,0.8333333333333334,0.2,0.5,0.5,0.4115356229123536,0.415990649916217,0.15007160233108904,0.022402124840341195,17.81494140572073
244,48.832555036691126,0.8333333333333334,0.2,0.5,0.5,0.4067976719012483,0.42150332527492795,0.14892495492613886,0.022774047897685647,17.81494140572073
245,49.03268845897264,0.8333333333333334,0.2,0.5,0.5,0.4020211548942571,0.4269926584350134,0.14782101469494702,0.023165171975783203,17.81494140572073
246,49.23282188125417,0.8333333333333334,0.2,0.5,0.5,0.39721035790053816,0.43245388525771666,0.14675976110490313,0.023575995736842666,17.81494140572073
247,49.432955303535685,0.8333333333333334,0.2,0.5,0.5,0.3923695693216752,0.43788219451457683,0.14574118180538748,0.024007054358360976,17.81494140572073
248,49.63308872581721,0.8333333333333334,0.2,0.5,0.5,0.3875030733998913,0.4432727334562152,0.14476527305448197,0.02445892008941204,17.81494140572073
249,49.83322214809873,0.8333333333333334,0.2,0.5,0.5,0.3826151452899911,0.4486206120804434,0.14383204000859126,0.024932202620974772,17.81494140572073
250,50.03335557038025,0.8333333333333334,0.2,0.5,0.5,0.3777100405895953,0.4539209118878288,0.1429414972711709,0.025427550251405553,17.81494140572073
251,50.23348899266177,0.8333333333333334,0.2,0.5,0.5,0.3727919893013609,0.4591686910607598,0.1420936691528052,0.025945650485074644,17.81494140572073
252,50.433622414943294,0.8333333333333334,0.2,0.5,0.5,0.3678651889678756,0.4643589903207195,0.1412885899314364,0.026487230779969083,17.81494140572073
253,50.63375583722481,0.8333333333333334,0.2,0.5,0.5,0.36293379944429516,0.4694868380259529,0.14052630378984987,0.027053058739902616,17.81494140572073
254,50.833889259506336,0.8333333333333334,0.2,0.5,0.5,0.35800193589826357,0.4745472560384753,0.13980686503413553,0.027643943029126157,17.81494140572073
255,51.03402268178785,0.8333333333333334,0.2,0.5,0.5,0.35307366172602894,0.4795352655674319,0.13913033830704705,0.02826073439949267,17.81494140572073
256,51.23415610406938,0.8333333333333334,0.2,0.5,0.5,0.3481529831005919,0.4844458921833795,0.13849679850554217,0.028904326210487007,17.81494140572073
257,51.4342895263509,0.8333333333333334,0.2,0.5,0.5,0.3432438432939869,0.48927417111237675,0.13790633071307543,0.0295756548805615,17.81494140572073
258,51.63442294863242,0.8333333333333334,0.2,0.5,0.5,0.33835011728210534,0.494015153446845,0.13735903001734012,0.030275699253710132,17.81494140572073
259,51.834556370913944,0.8333333333333334,0.2,0.5,0.5,0.3334756067824707,0.49866390943743366,0.13685500138908943,0.031005482391006874,17.81494140572073
260,52.03468979319546,0.8333333333333334,0.2,0.5,0.5,0.3286240356168269,0.5032155332993571,0.13639435941463235,0.031766071669184305,17.81494140572073
261,52.234823215476986,0.8333333333333334,0.2,0.5,0.5,0.3237990454908464,0.5076651475556146,0.1359772279715623,0.032558578981977254,17.81494140572073
262,52.4349566377585,0.8333333333333334,0.2,0.5,0.5,0.3190041912644397,0.5120079093835734,0.13560373962557715,0.03338415972641029,17.81494140572073
263,52.63509006004003,0.8333333333333334,0.2,0.5,0.5,0.3142429372130243,0.5162390153403672,0.13527403507742816,0.03424401236918094,17.81494140572073
264,52.835223482321545,0.8333333333333334,0.2,0.5,0.5,0.3095186550920933,0.5203537024759269,0.13498826283675294,0.03513937959522731,17.81494140572073
265,53.03535690460307,0.8333333333333334,0.2,0.5,0.5,0.3048346210445009,0.5243472533515328,0.13474657844097326,0.03607154716299361,17.81494140572073
266,53.23549032688459,0.8333333333333334,0.2,0.5,0.5,0.3001940132391156,0.5282150000993696,0.13454914370407647,0.037041842957438745,17.81494140572073
267,53.43562374916611,0.8333333333333334,0.2,0.5,0.5,0.29559990724492335,0.5319523337071068,0.13439612586463467,0.038051633183335654,17.81494140572073
268,53.63575717144763,0.8333333333333334,0.2,0.5,0.5,0.29105527711216156,0.535554702982386,0.1342876966744623,0.039102323230990464,17.81494140572073
269,53.835890593729154,0.8333333333333334,0.2,0.5,0.5,0.2865629943251951,0.539017618557771,0.13422403138302294,0.040195355734011375,17.81494140572073
270,54.03602401601067,0.8333333333333334,0.2,0.5,0.5,0.2821258269235319,0.5423366574871755,0.13420530762801036,0.04133220796128267,17.81494140572073
271,54.236157438292196,0.8333333333333334,0.2,0.5,0.5,0.277746437905068,0.5455074701509723,0.13423170435730444,0.04251438758665559,17.81494140572073
272,54.43629086057371,0.8333333333333334,0.2,0.5,0.5,0.27342738331832206,0.5485257887422343,0.13430340071903646,0.04374342722040756,17.81494140572073
273,54.63642428285524,0.8333333333333334,0.2,0.5,0.5,0.26917111649105296,0.551387424987438,0.13442057443642091,0.045020884085088475,17.81494140572073
274,54.836557705136755,0.8333333333333334,0.2,0.5,0.5,0.2649799875772625,0.5540882779259203,0.13458340047665285,0.0463483340201647,17.81494140572073
275,55.03669112741828,0.8333333333333334,0.2,0.5,0.5,0.26085624477634234,0.5566243395814248,0.13479204955321283,0.047727366089020375,17.81494140572073
276,55.2368245496998,0.8333333333333334,0.2,0.5,0.5,0.25680203271332475,0.5589917072356622,0.13504668718502386,0.04915957286598949,17.81494140572073
277,55.43695797198132,0.8333333333333334,0.2,0.5,0.5,0.2528193962493362,0.5611865864500428,0.13534747169591818,0.050646545604703094,17.81494140572073
278,55.63709139426284,0.8333333333333334,0.2,0.5,0.5,0.24891028341223911,0.5632052970044655,0.13569455238453162,0.052189867198763916,17.81494140572073
279,55.837224816544364,0.8333333333333334,0.2,0.5,0.5,0.24507654713367652,0.565044282396615,0.13608806792608238,0.0537911025436263,17.81494140572073
280,56.03735823882588,0.8333333333333334,0.2,0.5,0.5,0.24131994733660583,0.5667001196374022,0.13652814490870552,0.05545178811728672,17.81494140572073
281,56.237491661107406,0.8333333333333334,0.2,0.5,0.5,0.23764215138589553,0.5681695326295434,0.13701489723812238,0.05717341874643895,17.81494140572073
282,56.43762508338892,0.8333333333333334,0.2,0.5,0.5,0.2340447394213132,0.5694493996203641,0.13754842334043424,0.05895743761788872,17.81494140572073
283,56.63775850567045,0.8333333333333334,0.2,0.5,0.5,0.23052920661052534,0.5705367664347147,0.13812880491194382,0.060805222042816395,17.81494140572073
284,56.837891927951965,0.8333333333333334,0.2,0.5,0.5,0.22709696663084403,0.5714288582285392,0.13875610543441286,0.06271806970620435,17.81494140572073
285,57.03802535023349,0.8333333333333334,0.2,0.5,0.5,0.22374935566559992,0.5721230912921378,0.13943036868105405,0.06469718436120867,17.81494140572073
286,57.23815877251501,0.8333333333333334,0.2,0.5,0.5,0.22048763506832939,0.5726170909436936,0.14015161725752268,0.06674365673045476,17.81494140572073
287,57.43829219479653,0.8333333333333334,0.2,0.5,0.5,0.21731299547524852,0.5729087061060092,0.14091985121331546,0.06885844720542732,17.81494140572073
288,57.63842561707805,0.8333333333333334,0.2,0.5,0.5,0.21422655920055875,0.5729960247181196,0.14173504793790467,0.07104236814341741,17.81494140572073
289,57.83855903935957,0.8333333333333334,0.2,0.5,0.5,0.2112293837217735,0.572877391211786,0.14259716135935185,0.07329606370708906,17.81494140572073
290,58.03869246164109,0.8333333333333334,0.2,0.5,0.5,0.2083224663944546,0.5725514262123536,0.14350612033781873,0.07561998705537354,17.81494140572073
291,58.238825883922615,0.8333333333333334,0.2,0.5,0.5,0.20550674745235817,0.5720170454974797,0.14446182861645476,0.07801437843370775,17.81494140572073
292,58.43895930620413,0.8333333333333334,0.2,0.5,0.5,0.20278311411488117,0.5712734724635352,0.14546416429018716,0.08047924913139687,17.81494140572073
293,58.63909272848566,0.8333333333333334,0.2,0.5,0.5,0.2001524038193919,0.5703202616324781,0.14651297987271977,0.08301435467541071,17.81494140572073
294,58.839226150767175,0.8333333333333334,0.2,0.5,0.5,0.19761540750018816,0.5691573213111253,0.14760810255737594,0.08561916863131112,17.81494140572073
295,59.0393595730487,0.8333333333333334,0.2,0.5,0.5,0.19517287305482814,0.5677849319122693,0.14874933456553738,0.08829286046736567,17.81494140572073
296,59.23949299533022,0.8333333333333334,0.2,0.5,0.5,0.19282550848643695,0.5662037551256693,0.14993645342394324,0.09103428296395095,17.81494140572073
297,59.43962641761174,0.8333333333333334,0.2,0.5,0.5,0.1905739850427824,0.5644148619992708,0.15116921320706558,0.09384193975088165,17.81494140572073
298,59.63975983989326,0.8333333333333334,0.2,0.5,0.5,0.18841894011829982,0.5624197516310955,0.15244734573829555,0.09671396251230954,17.81494140572073
299,59.83989326217478,0.8333333333333334,0.2,0.5,0.5,0.18636097984039343,0.5602203653182749,0.1537705616220566,0.09964809321927554,17.81494140572073
300,60.0400266844563,0.8333333333333334,0.2,0.5,0.5,0.1844006810637583,0.5578190905851665,0.15513855018635436,0.10264167816472129,17.81494140572073
301,60.240160106737825,0.8333333333333334,0.2,0.5,0.5,0.1825385939531783,0.5552187880264613,0.15655098286552627,0.10569163515483464,17.81494140572073
302,60.44029352901934,0.8333333333333334,0.2,0.5,0.5,0.18077524370714182,0.5524228006105473,0.15800751468089863,0.10879444100141283,17.81494140572073
303,60.64042695130087,0.8333333333333334,0.2,0.5,0.5,0.17911113245489754,0.5494349578460894,0.15950778452535666,0.11194612517365701,17.81494140572073
304,60.840560373582385,0.8333333333333334,0.2,0.5,0.5,0.17754674118103675,0.5462595736748622,0.16105141426618774,0.11514227087791382,17.81494140572073
305,61.04069379586391,0.8333333333333334,0.2,0.5,0.5,0.17608252994524579,0.5429014613909171,0.16263801382538912,0.11837799483844848,17.81494140572073
306,61.24082721814543,0.8333333333333334,0.2,0.5,0.5,0.17471893891573334,0.5393659289089584,0.16426718129156054,0.12164795088374818,17.81494140572073
307,61.44096064042695,0.8333333333333334,0.2,0.5,0.5,0.17345638866495228,0.5356587707757124,0.16593850131301766,0.12494633924631807,17.81494140572073
308,61.64109406270847,0.8333333333333334,0.2,0.5,0.5,0.1722952801318382,0.5317862583506298,0.167651544809592,0.12826691670794052,17.81494140572073
309,61.84122748498999,0.8333333333333334,0.2,0.5,0.5,0.1712359942948433,0.5277551297833254,0.16940587147734545,0.1316030044444864,17.81494140572073
310,62.04136090727151,0.8333333333333334,0.2,0.5,0.5,0.17027889130497628,0.5235725704216035,0.17120102804830964,0.13494751022511098,17.81494140572073
311,62.241494329553035,0.8333333333333334,0.2,0.5,0.5,0.16942430984539,0.5192461951059595,0.17303654458383652,0.13829295046481443,17.81494140572073
312,62.44162775183455,0.8333333333333334,0.2,0.5,0.5,0.16867256552544138,0.5147840208037112,0.17491193234314376,0.14163148132770403,17.81494140572073
313,62.64176117411608,0.8333333333333334,0.2,0.5,0.5,0.16802394879256968,0.5101944336273209,0.17682668107865418,0.14495493650145563,17.81494140572073
314,62.841894596397594,0.8333333333333334,0.2,0.5,0.5,0.16747872270996164,0.505486160338018,0.17878025572343265,0.14825486122858814,17.81494140572073
315,63.04202801867912,0.8333333333333334,0.2,0.5,0.5,0.1670371202162581,0.5006682316599413,0.18077209195206817,0.15152255617173288,17.81494140572073
316,63.242161440960636,0.8333333333333334,0.2,0.5,0.5,0.16669934099287678,0.4957499346345567,0.18280158915703132,0.15474913521553574,17.81494140572073
317,63.44229486324216,0.8333333333333334,0.2,0.5,0.5,0.16646554838503577,0.4907407749442919,0.18486810464056697,0.1579255720301059,17.81494140572073
318,63.64242828552368,0.8333333333333334,0.2,0.5,0.5,0.1663358662776867,0.4856504380069909,0.1869709465280977,0.16104274918722516,17.81494140572073
319,63.8425617078052,0.8333333333333334,0.2,0.5,0.5,0.16631037424240228,0.4804887284136371,0.18910936475888263,0.1640915325850785,17.81494140572073
320,64.04269513008673,0.8333333333333334,0.2,0.5,0.5,0.1663891035198767,0.4752655260430909,0.1912825431927762,0.16706282724425667,17.81494140572073
321,64.24282855236824,0.8333333333333334,0.2,0.5,0.5,0.1665720325351687,0.4699907462972127,0.19348959376110858,0.16994762740651048,17.81494140572073
322,64.44296197464976,0.8333333333333334,0.2,0.5,0.5,0.16685908180994516,0.46467427764969266,0.19572954315550628,0.17273709738485638,17.81494140572073
323,64.64309539693129,0.8333333333333334,0.2,0.5,0.5,0.1672501089858116,0.4593259353885541,0.19800132428279948,0.17542263134283526,17.81494140572073
324,64.84322881921281,0.8333333333333334,0.2,0.5,0.5,0.1677449045920707,0.4539554232228796,0.20030377019609746,0.17799590198895276,17.81494140572073
325,65.04336224149432,0.8333333333333334,0.2,0.5,0.5,0.16834318591547234,0.44857227836413116,0.20263560142905881,0.18044893429133813,17.81494140572073
326,65.24349566377585,0.8333333333333334,0.2,0.5,0.5,0.16904459179993594,0.4431858286831926,0.20499541721188025,0.18277416230499166,17.81494140572073
327,65.44362908605737,0.8333333333333334,0.2,0.5,0.5,0.16984867833963768,0.4378051556671488,0.2073816904457058,0.18496447554750814,17.81494140572073
328,65.6437625083389,0.8333333333333334,0.2,0.5,0.5,0.17075491313704322,0.43243905493274537,0.20979275780672058,0.18701327412349125,17.81494140572073
329,65.8438959306204,0.8333333333333334,0.2,0.5,0.5,0.17176267019419977,0.42709600266527936,0.212226812649156,0.18891451449136523,17.81494140572073
330,66.04402935290193,0.8333333333333334,0.2,0.5,0.5,0.17287122552535908,0.42178412359811757,0.21468190167575096,0.19066274920077272,17.81494140572073
331,66.24416277518345,0.8333333333333334,0.2,0.5,0.5,0.17407975242238324,0.41651116717870723,0.2171559201151599,0.19225316028374992,17.81494140572073
332,66.44429619746498,0.8333333333333334,0.2,0.5,0.5,0.17538731700795346,0.4112844888413317,0.2196466084651877,0.1936815856855275,17.81494140572073
333,66.64442961974649,0.8333333333333334,0.2,0.5,0.5,0.1767928748445809,0.40611102646339814,0.22215155155356156,0.19494454713845977,17.81494140572073
334,66.84456304202801,0.8333333333333334,0.2,0.5,0.5,0.17829526757472836,0.400997288052117,0.2246681791967953,0.19603926517635975,17.81494140572073
335,67.04469646430954,0.8333333333333334,0.2,0.5,0.5,0.17989321969443858,0.39594935087139854,0.2271937690006627,0.1969636604335006,17.81494140572073
336,67.24482988659106,0.8333333333333334,0.2,0.5,0.5,0.18158533627723744,0.3909728501731471,0.22972544947014564,0.1977163640794703,17.81494140572073
337,67.44496330887257,0.8333333333333334,0.2,0.5,0.5,0.18337010114462016,0.3860729733256291,0.23226020492015725,0.1982967206095939,17.81494140572073
338,67.6450967311541,0.8333333333333334,0.2,0.5,0.5,0.18524587583281346,0.3812544754265452,0.23479488562540654,0.19870476311523527,17.81494140572073
339,67.84523015343562,0.8333333333333334,0.2,0.5,0.5,0.18721089891660256,0.37652168008938103,0.2373262157935553,0.1989412052004616,17.81494140572073
340,68.04536357571715,0.8333333333333334,0.2,0.5,0.5,0.1892632857201754,0.3718784794626982,0.23985080146242949,0.19900743335469742,17.81494140572073
341,68.24549699799866,0.8333333333333334,0.2,0.5,0.5,0.19140102972642095,0.367328359511229,0.242365147632294,0.19890546313005655,17.81494140572073
342,68.44563042028018,0.8333333333333334,0.2,0.5,0.5,0.19362200386908207,0.3628744108239758,0.24486567097632309,0.19863791433061956,17.81494140572073
343,68.6457638425617,0.8333333333333334,0.2,0.5,0.5,0.19592396180476646,0.35851933624713545,0.24734871038665063,0.19820799156144805,17.81494140572073
344,68.84589726484323,0.8333333333333334,0.2,0.5,0.5,0.198304541714017,0.3542654775415373,0.2498105483428061,0.19761943240164012,17.81494140572073
345,69.04603068712474,0.8333333333333334,0.2,0.5,0.5,0.20076126967356311,0.3501148331525969,0.252247427604244,0.19687646956959648,17.81494140572073
346,69.24616410940627,0.8333333333333334,0.2,0.5,0.5,0.20329156233005902,0.34606907342893833,0.25465556448690974,0.19598379975409344,17.81494140572073
347,69.44629753168779,0.8333333333333334,0.2,0.5,0.5,0.20589273263816052,0.34212956420170554,0.25703117093187267,0.19494653222826183,17.81494140572073
348,69.64643095396931,0.8333333333333334,0.2,0.5,0.5,0.20856199517116752,0.33829738740728343,0.2593704736116124,0.19377014380993715,17.81494140572073
349,69.84656437625083,0.8333333333333334,0.2,0.5,0.5,0.2112964704395275,0.334573361397115,0.26166972922186843,0.19246043894148956,17.81494140572073
350,70.04669779853235,0.8333333333333334,0.2,0.5,0.5,0.2140931916182914,0.3309580611017719,0.26392524466420964,0.19102350261572762,17.81494140572073
351,70.24683122081387,0.8333333333333334,0.2,0.5,0.5,0.2169491114472113,0.3274518375373999,0.26613339623120325,0.18946565478418617,17.81494140572073
352,70.4469646430954,0.8333333333333334,0.2,0.5,0.5,0.2198611079213351,0.3240548395956697,0.26829064568034283,0.187793406802653,17.81494140572073
353,70.64709806537691,0.8333333333333334,0.2,0.5,0.5,0.22282599140305082,0.32076703234249565,0.27039355723470077,0.18601341901975335,17.81494140572073
354,70.84723148765843,0.8333333333333334,0.2,0.5,0.5,0.2258405124808997,0.31758821275246046,0.27243881424978533,0.1841324605168551,17.81494140572073
355,71.04736490993996,0.8333333333333334,0.2,0.5,0.5,0.22890136860127275,0.3145180302100823,0.2744232341776558,0.18215736701098978,17.81494140572073
356,71.24749833222148,0.8333333333333334,0.2,0.5,0.5,0.23200521125380003,0.3115560038406055,0.2763437824494439,0.18009500245615118,17.81494140572073
357,71.44763175450299,0.8333333333333334,0.2,0.5,0.5,0.23514865413101435,0.3087015325898754,0.278197584256546,0.1779522290225648,17.81494140572073
358,71.64776517678452,0.8333333333333334,0.2,0.5,0.5,0.2383282802641489,0.30595391082880147,0.2799819358637794,0.1757358730432709,17.81494140572073
359,71.84789859906604,0.8333333333333334,0.2,0.5,0.5,0.24154064855179616,0.303312350383737,0.28169431760082364,0.17345268346364384,17.81494140572073
360,72.04803202134757,0.8333333333333334,0.2,0.5,0.5,0.24478230153955605,0.30077598442013215,0.28333239888708145,0.171109315153231,17.81494140572073
361,72.24816544362908,0.8333333333333334,0.2,0.5,0.5,0.24804977226210756,0.298343878632762,0.28489404460793516,0.16871230449719576,17.81494140572073
362,72.4482988659106,0.8333333333333334,0.2,0.5,0.5,0.25133959118490856,0.2960150458969097,0.28637732382598713,0.16626803909219512,17.81494140572073
363,72.64843228819213,0.8333333333333334,0.2,0.5,0.5,0.25464829277006096,0.29378845677457305,0.287780514537794,0.1637827359175725,17.81494140572073
364,72.84856571047365,0.8333333333333334,0.2,0.5,0.5,0.2579724212971082,0.2916630432003386,0.28910210167901557,0.1612624338235382,17.81494140572073
365,73.04869913275516,0.8333333333333334,0.2,0.5,0.5,0.26130853695965917,0.28963770804967454,0.2903407797835536,0.15871297520711325,17.81494140572073
366,73.24883255503669,0.8333333333333334,0.2,0.5,0.5,0.26465322260651836,0.2877113366670487,0.29149545861359005,0.1561399821128435,17.81494140572073
367,73.44896597731821,0.8333333333333334,0.2,0.5,0.5,0.26800308797482647,0.2858827987802615,0.29256525581364173,0.1535488574312709,17.81494140572073
368,73.64909939959973,0.8333333333333334,0.2,0.5,0.5,0.2713547746657924,0.2841509543894392,0.2935494943095269,0.1509447766352421,17.81494140572073
369,73.84923282188124,0.8333333333333334,0.2,0.5,0.5,0.2747049615543018,0.28251466050559443,0.29444770248105756,0.14833267545904688,17.81494140572073
370,74.04936624416277,0.8333333333333334,0.2,0.5,0.5,0.27805036914944625,0.28097277578854385,0.2952596100321978,0.14571724502981276,17.81494140572073
371,74.2494996664443,0.8333333333333334,0.2,0.5,0.5,0.28138776267634125,0.2795241629043304,0.29598513865464166,0.1431029357646874,17.81494140572073
372,74.44963308872582,0.8333333333333334,0.2,0.5,0.5,0.2847139560619918,0.2781676925273144,0.29662439734517404,0.14049395406552045,17.81494140572073
373,74.64976651100733,0.8333333333333334,0.2,0.5,0.5,0.2880258167951307,0.2769022469484473,0.2971776787201383,0.13789425753628448,17.81494140572073
374,74.84989993328885,0.8333333333333334,0.2,0.5,0.5,0.29132026737718664,0.2757267219068429,0.29764544822652966,0.13530756248944154,17.81494140572073
375,75.05003335557038,0.8333333333333334,0.2,0.5,0.5,0.2945942881580228,0.2746400288252928,0.2980283364584266,0.1327373465582585,17.81494140572073
376,75.2501667778519,0.8333333333333334,0.2,0.5,0.5,0.2978449204624109,0.27364109648118257,0.29832713228629276,0.1301868507701145,17.81494140572073
377,75.45030020013341,0.8333333333333334,0.2,0.5,0.5,0.30106926871418854,0.2727288724380486,0.2985427742867995,0.12765908456096406,17.81494140572073
378,75.65043362241494,0.8333333333333334,0.2,0.5,0.5,0.30426450168961494,0.27190232432492467,0.29867634084080485,0.1251568331446562,17.81494140572073
379,75.85056704469646,0.8333333333333334,0.2,0.5,0.5,0.3074278544326833,0.2711604405930958,0.2987290416491193,0.12268266332510229,17.81494140572073
380,76.05070046697799,0.8333333333333334,0.2,0.5,0.5,0.31055663047886306,0.2705022305278863,0.2987022086590816,0.12023893033416967,17.81494140572073
381,76.2508338892595,0.8333333333333334,0.2,0.5,0.5,0.3136482022081863,0.26992672523396544,0.2985972871982069,0.11782778535964203,17.81494140572073
382,76.45096731154102,0.8333333333333334,0.2,0.5,0.5,0.3167000119680993,0.26943297775075076,0.2984158271534949,0.1154511831276556,17.81494140572073
383,76.65110073382255,0.8333333333333334,0.2,0.5,0.5,0.31970957326425464,0.2690200624145262,0.29815947328918996,0.11311089103202984,17.81494140572073
384,76.85123415610407,0.8333333333333334,0.2,0.5,0.5,0.32267447138662697,0.26868707473201975,0.29782995677816937,0.11080849710318456,17.81494140572073
385,77.0513675783856,0.8333333333333334,0.2,0.5,0.5,0.32559236370023314,0.26843313146131703,0.29742908756026215,0.10854541727818838,17.81494140572073
386,77.2515010006671,0.8333333333333334,0.2,0.5,0.5,0.32846098015203595,0.2682573698922293,0.2969587458601068,0.10632290409562856,17.81494140572073
387,77.45163442294863,0.8333333333333334,0.2,0.5,0.5,0.3312781237855523,0.26815894632603443,0.29642087205515083,0.10414205783326302,17.81494140572073
388,77.65176784523015,0.8333333333333334,0.2,0.5,0.5,0.3340416707480879,0.2681370360395558,0.29581746104719625,0.10200383216516068,17.81494140572073
389,77.85190126751168,0.8333333333333334,0.2,0.5,0.5,0.33674957042351195,0.2681908323804841,0.29515055501989146,0.09990904217611304,17.81494140572073
390,78.05203468979319,0.8333333333333334,0.2,0.5,0.5,0.3393998454656607,0.26831954546471265,0.29442223547798085,0.09785837359164634,17.81494140572073
391,78.25216811207471,0.8333333333333334,0.2,0.5,0.5,0.3419905917211881,0.26852240064794947,0.2936346150548774,0.09585239257598546,17.81494140572073
392,78.45230153435624,0.8333333333333334,0.2,0.5,0.5,0.34451997825802383,0.2687986379780695,0.292789833605345,0.09389155015856215,17.81494140572073
393,78.65243495663776,0.8333333333333334,0.2,0.5,0.5,0.3469862472465854,0.2691475107494754,0.2918900516457571,0.09197619035818264,17.81494140572073
394,78.85256837891927,0.8333333333333334,0.2,0.5,0.5,0.3493877135817522,0.2695682837671158,0.2909374429623638,0.09010655968876878,17.81494140572073
395,79.0527018012008,0.8333333333333334,0.2,0.5,0.5,0.3517227647922256,0.2700602320684872,0.28993418994042675,0.08828281319886089,17.81494140572073
396,79.25283522348232,0.8333333333333334,0.2,0.5,0.5,0.35398986097548957,0.2706226396510263,0.288882479529516,0.0865050198439686,17.81494140572073
397,79.45296864576385,0.8333333333333334,0.2,0.5,0.5,0.3561875345240747,0.27125479782768563,0.28778449807348516,0.084773169574755,17.81494140572073
398,79.65310206804536,0.8333333333333334,0.2,0.5,0.5,0.358314389652942,0.2719560033214447,0.2866424253756526,0.08308718164996118,17.81494140572073
399,79.85323549032688,0.8333333333333334,0.2,0.5,0.5,0.36036910247029097,0.27272555696799955,0.2854584322847468,0.08144690827696317,17.81494140572073
400,80.0533689126084,0.8333333333333334,0.2,0.5,0.5,0.36235042077313057,0.2735627620278794,0.28423467684830195,0.07985214035068863,17.81494140572073
401,80.25350233488993,0.8333333333333334,0.2,0.5,0.5,0.3642571636572452,0.2744669224021375,0.2829733003408602,0.07830261359975761,17.81494140572073
402,80.45363575717144,0.8333333333333334,0.2,0.5,0.5,0.3660882211193848,0.27543734083348076,0.2816764236101423,0.07679801443699269,17.81494140572073
403,80.65376917945296,0.8333333333333334,0.2,0.5,0.5,0.3678425542594991,0.27647331734339337,0.2803461452160875,0.07533798318102065,17.81494140572073
404,80.85390260173449,0.8333333333333334,0.2,0.5,0.5,0.3695191949927688,0.2775741474356426,0.2789845385323034,0.07392211903928579,17.81494140572073
405,81.05403602401601,0.8333333333333334,0.2,0.5,0.5,0.3711172456364744,0.27873912021727276,0.27759364878953957,0.07254998535671381,17.81494140572073
406,81.25416944629752,0.8333333333333334,0.2,0.5,0.5,0.37263587889774236,0.27996751669288905,0.27617549126368596,0.07122111314568322,17.81494140572073
407,81.45430286857905,0.8333333333333334,0.2,0.5,0.5,0.3740743378324195,0.2812586080333323,0.2747320495677642,0.06993500456648458,17.81494140572073
408,81.65443629086057,0.8333333333333334,0.2,0.5,0.5,0.37543193563800853,0.2826116537798759,0.27326527380337867,0.06869113677873737,17.81494140572073
409,81.8545697131421,0.8333333333333334,0.2,0.5,0.5,0.37670805525679496,0.28402590001897376,0.2717770788312572,0.06748896589297457,17.81494140572073
410,82.05470313542361,0.8333333333333334,0.2,0.5,0.5,0.3779021495742082,0.2855005777116642,0.27026934319144336,0.06632792952268467,17.81494140572073
411,82.25483655770513,0.8333333333333334,0.2,0.5,0.5,0.37901374126405585,0.28703490093030704,0.26874390796442627,0.06520744984121128,17.81494140572073
412,82.45496997998666,0.8333333333333334,0.2,0.5,0.5,0.3800424225097167,0.28862806513227085,0.2672025757313034,0.06412693662670955,17.81494140572073
413,82.65510340226818,0.8333333333333334,0.2,0.5,0.5,0.3809878548626492,0.2902792454654227,0.2656471097553583,0.06308578991657032,17.81494140572073
414,82.85523682454969,0.8333333333333334,0.2,0.5,0.5,0.38184976941939025,0.29198759514077177,0.26407923337296846,0.062083402066870116,17.81494140572073
415,83.05537024683122,0.8333333333333334,0.2,0.5,0.5,0.3826279666714942,0.29375224379582976,0.26250062945369934,0.06111916007897742,17.81494140572073
416,83.25550366911274,0.8333333333333334,0.2,0.5,0.5,0.38332231596842986,0.295572295904417,0.26091293990066394,0.060192448226489816,17.81494140572073
417,83.45563709139427,0.8333333333333334,0.2,0.5,0.5,0.3839327554661835,0.29744682921564586,0.25931776541113366,0.05930264990703763,17.81494140572073
418,83.65577051367578,0.8333333333333334,0.2,0.5,0.5,0.3844592924087906,0.2993748932228721,0.2577166654594578,0.05844914890888005,17.81494140572073
419,83.8559039359573,0.8333333333333334,0.2,0.5,0.5,0.38490200284283077,0.3013555076733042,0.25611115826905734,0.05763133121480836,17.81494140572073
420,84.05603735823883,0.8333333333333334,0.2,0.5,0.5,0.38526103088190666,0.3033876614465699,0.2545027202706872,0.056848587400836856,17.81494140572073
421,84.25617078052035,0.8333333333333334,0.2,0.5,0.5,0.38553658875153346,0.30547031105518874,0.2528927865502501,0.056100313643028366,17.81494140572073
422,84.45630420280186,0.8333333333333334,0.2,0.5,0.5,0.3857289568855637,0.30760237915273037,0.2512827514874276,0.05538591247427902,17.81494140572073
423,84.65643762508338,0.8333333333333334,0.2,0.5,0.5,0.3858384835209569,0.3097827533561876,0.24967396895579214,0.05470479416706401,17.81494140572073
424,84.85657104736491,0.8333333333333334,0.2,0.5,0.5,0.38586558375547636,0.3120102857331615,0.2480677514866215,0.05405637902474136,17.81494140572073
425,85.05670446964643,0.8333333333333334,0.2,0.5,0.5,0.3858107396095596,0.3142837912926808,0.246465371509384,0.05344009758837633,17.81494140572073
426,85.25683789192794,0.8333333333333334,0.2,0.5,0.5,0.3856744998433933,0.3166020467572022,0.24486806226182745,0.05285539113757779,17.81494140572073
427,85.45697131420947,0.8333333333333334,0.2,0.5,0.5,0.38545747937681857,0.3189637897734401,0.24327701808592553,0.05230171276381658,17.81494140572073
428,85.657104736491,0.8333333333333334,0.2,0.5,0.5,0.38516035810511917,0.3213677187967807,0.24169339383873142,0.05177852925936942,17.81494140572073
429,85.85723815877252,0.8333333333333334,0.2,0.5,0.5,0.3847838808920779,0.3238124917610664,0.2401183064850837,0.05128532086177273,17.81494140572073
430,86.05737158105403,0.8333333333333334,0.2,0.5,0.5,0.38432885704947506,0.3262967253212877,0.23855283593515866,0.050821581694079354,17.81494140572073
431,86.25750500333555,0.8333333333333334,0.2,0.5,0.5,0.38379615951551604,0.3288189944404585,0.23699802551884,0.0503868205251862,17.81494140572073
432,86.45763842561708,0.8333333333333334,0.2,0.5,0.5,0.3831867234343214,0.3313778326054189,0.2354548817483223,0.04998056221193811,17.81494140572073
433,86.6577718478986,0.8333333333333334,0.2,0.5,0.5,0.3825015459621589,0.3339717308398534,0.23392437598940036,0.049602347208588145,17.81494140572073
434,86.85790527018011,0.8333333333333334,0.2,0.5,0.5,0.3817416853660557,0.33659913746147435,0.23240744523031356,0.04925173194215718,17.81494140572073
435,87.05803869246164,0.8333333333333334,0.2,0.5,0.5,0.38090825992179983,0.33925845807545135,0.2309049926809907,0.04892828932175897,17.81494140572073
436,87.25817211474316,0.8333333333333334,0.2,0.5,0.5,0.3800024463431901,0.34194805608401463,0.22941788779630232,0.0486316097764938,17.81494140572073
437,87.45830553702469,0.8333333333333334,0.2,0.5,0.5,0.379025479219983,0.3446662521862877,0.2279469679351308,0.048361300658599275,17.81494140572073
438,87.6584389593062,0.8333333333333334,0.2,0.5,0.5,0.3779786497427762,0.3474113246441978,0.22649303908174345,0.04811698653128329,17.81494140572073
439,87.85857238158772,0.8333333333333334,0.2,0.5,0.5,0.3768633043051177,0.35018150970619305,0.22505687650659287,0.047898309482097175,17.81494140572073
440,88.05870580386924,0.8333333333333334,0.2,0.5,0.5,0.3756808427689949,0.35297500241055607,0.22363922503555872,0.04770492978489111,17.81494140572073
441,88.25883922615077,0.8333333333333334,0.2,0.5,0.5,0.37443271745911544,0.3557899566632058,0.2222408005776644,0.047536525300015196,17.81494140572073
442,88.45897264843228,0.8333333333333334,0.2,0.5,0.5,0.3731204315362421,0.35862448598967617,0.22086229082403439,0.04739279165004823,17.81494140572073
443,88.6591060707138,0.8333333333333334,0.2,0.5,0.5,0.3717455373251958,0.36147666438179477,0.2195043559184222,0.04727344237458804,17.81494140572073
444,88.85923949299533,0.8333333333333334,0.2,0.5,0.5,0.3703096344958596,0.36434452735860673,0.21816762886939034,0.04717820927614411,17.81494140572073
445,89.05937291527685,0.8333333333333334,0.2,0.5,0.5,0.36881436847246113,0.3672260727228538,0.21685271695147604,0.04710684185320982,17.81494140572073
446,89.25950633755836,0.8333333333333334,0.2,0.5,0.5,0.3672614285348564,0.37011926174325854,0.21556020236936085,0.047059107352524984,17.81494140572073
447,89.45963975983989,0.8333333333333334,0.2,0.5,0.5,0.3656525459357934,0.3730220203840506,0.214290642896328,0.047034790783828856,17.81494140572073
448,89.65977318212141,0.8333333333333334,0.2,0.5,0.5,0.3639894919837858,0.37593224063865294,0.21304457238666996,0.04703369499089213,17.81494140572073
449,89.85990660440294,0.8333333333333334,0.2,0.5,0.5,0.36227407587316,0.37884778197182095,0.21182250201113012,0.04705564014388969,17.81494140572073
450,90.06004002668445,0.8333333333333334,0.2,0.5,0.5,0.3605081425891921,0.3817664728751075,0.21062492088082937,0.04710046365487183,17.81494140572073
451,90.26017344896597,0.8333333333333334,0.2,0.5,0.5,0.3586935709096455,0.3846861124134645,0.2094522966284977,0.047168020048393114,17.81494140572073
452,90.4603068712475,0.8333333333333334,0.2,0.5,0.5,0.35683227134365436,0.3876044718750779,0.20830507598182837,0.0472581807994402,17.81494140572073
453,90.66044029352902,0.8333333333333334,0.2,0.5,0.5,0.3549261834776134,0.39051929683037323,0.20718368580803428,0.04737083388397997,17.81494140572073
454,90.86057371581053,0.8333333333333334,0.2,0.5,0.5,0.3529772737558942,0.3934283090091491,0.2060885336910938,0.047505883543863765,17.81494140572073
455,91.06070713809206,0.8333333333333334,0.2,0.5,0.5,0.35098753350154455,0.3963292080765973,0.20502000843030516,0.0476632499915538,17.81494140572073
456,91.26084056037358,0.8333333333333334,0.2,0.5,0.5,0.34895897664015435,0.39921967366427513,0.20397848063126361,0.047842869064307646,17.81494140572073
457,91.4609739826551,0.8333333333333334,0.2,0.5,0.5,0.3468936367399412,0.40209736790589073,0.20296430355841327,0.048044691795755545,17.81494140572073
458,91.66110740493662,0.8333333333333334,0.2,0.5,0.5,0.34479356473591666,0.4049599375950031,0.20197781364926026,0.048268684019820825,17.81494140572073
459,91.86124082721814,0.8333333333333334,0.2,0.5,0.5,0.34266082709328305,0.4078050161164821,0.20101933092555224,0.048514825864683475,17.81494140572073
460,92.06137424949966,0.8333333333333334,0.2,0.5,0.5,0.34049750325556605,0.41063022590888815,0.20008915956037762,0.04878311127516905,17.81494140572073
461,92.26150767178119,0.8333333333333334,0.2,0.5,0.5,0.3383056826200055,0.41343318129912016,0.19918758853846627,0.04907354754240898,17.81494140572073
462,92.4616410940627,0.8333333333333334,0.2,0.5,0.5,0.3360874622679874,0.41621149090646575,0.1983148920937772,0.04938615473177054,17.81494140572073
463,92.66177451634422,0.8333333333333334,0.2,0.5,0.5,0.3338449453460942,0.4189627597012953,0.19747133003513156,0.04972096491747982,17.81494140572073
464,92.86190793862575,0.8333333333333334,0.2,0.5,0.5,0.33158023827460226,0.42168459187289703,0.19665714824249503,0.050078021610006566,17.81494140572073
465,93.06204136090727,0.8333333333333334,0.2,0.5,0.5,0.3292954478668488,0.4243745938176335,0.19587257915232145,0.05045737916319718,17.81494140572073
466,93.26217478318878,0.8333333333333334,0.2,0.5,0.5,0.3269926791573387,0.4270303767420451,0.19511784210120706,0.05085910199940997,17.81494140572073
467,93.46230820547031,0.8333333333333334,0.2,0.5,0.5,0.32467403402272077,0.42964955886448003,0.19439314357178544,0.0512832635410146,17.81494140572073
468,93.66244162775183,0.8333333333333334,0.2,0.5,0.5,0.32234160820237817,0.43222976863915,0.1936986775890391,0.05172994556943359,17.81494140572073
469,93.86257505003336,0.8333333333333334,0.2,0.5,0.5,0.31999748877591233,0.43476864777073104,0.1930346260413604,0.05219923741199711,17.81494140572073
470,94.06270847231487,0.8333333333333334,0.2,0.5,0.5,0.3176437521617352,0.4372638539859815,0.19240115892389054,0.05269123492839378,17.81494140572073
471,94.26284189459639,0.8333333333333334,0.2,0.5,0.5,0.3152824629849412,0.43971306339913424,0.19179843450792422,0.053206039108001264,17.81494140572073
472,94.46297531687792,0.8333333333333334,0.2,0.5,0.5,0.31291567107707086,0.442113973970911,0.1912265996074013,0.05374375534461779,17.81494140572073
473,94.66310873915944,0.8333333333333334,0.2,0.5,0.5,0.31054540939439806,0.4444643085247637,0.19068578975951064,0.05430449232132853,17.81494140572073
474,94.86324216144095,0.8333333333333334,0.2,0.5,0.5,0.30817369227953034,0.4467618176467026,0.1901761293648044,0.05488836070896361,17.81494140572073
475,95.06337558372248,0.8333333333333334,0.2,0.5,0.5,0.3058025144884478,0.4490042822775065,0.18969773179346186,0.05549547144058474,17.81494140572073
476,95.263509006004,0.8333333333333334,0.2,0.5,0.5,0.3034338484240687,0.45118951725160833,0.1892506994962172,0.05612593482810673,17.81494140572073
477,95.46364242828552,0.8333333333333334,0.2,0.5,0.5,0.3010696425175212,0.4533153743314208,0.18883512406776962,0.05677985908328934,17.81494140572073
478,95.66377585056703,0.8333333333333334,0.2,0.5,0.5,0.2987118198058805,0.45537974521537644,0.188451086293124,0.05745734868561993,17.81494140572073
479,95.86390927284856,0.8333333333333334,0.2,0.5,0.5,0.2963622770631276,0.4573805643608336,0.18809865619669414,0.05815850237934557,17.81494140572073
480,96.06404269513008,0.8333333333333334,0.2,0.5,0.5,0.29402288249320135,0.45931581251177156,0.18777789298859582,0.058883412006432184,17.81494140572073
481,96.26417611741161,0.8333333333333334,0.2,0.5,0.5,0.29169547453881295,0.46118351978501354,0.18748884503604632,0.05963216064012813,17.81494140572073
482,96.46430953969312,0.8333333333333334,0.2,0.5,0.5,0.2893818607923805,0.4629817687631641,0.1872315498351537,0.06040482060930253,17.81494140572073
483,96.66444296197464,0.8333333333333334,0.2,0.5,0.5,0.28708381720075854,0.46470869750599664,0.1870060340012361,0.061201451292009594,17.81494140572073
484,96.86457638425617,0.8333333333333334,0.2,0.5,0.5,0.28480308639221064,0.46636250304755505,0.18681231306045545,0.06202209749977969,17.81494140572073
485,97.06470980653769,0.8333333333333334,0.2,0.5,0.5,0.2825413768439119,0.46794144454902725,0.18665039135349715,0.06286678725356455,17.81494140572073
486,97.2648432288192,0.8333333333333334,0.2,0.5,0.5,0.28030036209233977,0.4694438464216007,0.18652026196332186,0.06373552952273846,17.81494140572073
487,97.46497665110073,0.8333333333333334,0.2,0.5,0.5,0.2780816800451192,0.47086810144426844,0.18642190663540645,0.06462831187520673,17.81494140572073
488,97.66511007338225,0.8333333333333334,0.2,0.5,0.5,0.2758869320039714,0.4722126742833556,0.18635529544706061,0.06554509826561324,17.81494140572073
489,97.86524349566378,0.8333333333333334,0.2,0.5,0.5,0.2737176821189251,0.47347610467631435,0.18632038666459771,0.06648582654016369,17.81494140572073
490,98.06537691794529,0.8333333333333334,0.2,0.5,0.5,0.27157545677442674,0.47465701018859524,0.18631712677987816,0.06745040625710072,17.81494140572073
491,98.26551034022681,0.8333333333333334,0.2,0.5,0.5,0.2694617441261106,0.47575408954377585,0.1863454502585944,0.06843871607152002,17.81494140572073
492,98.46564376250834,0.8333333333333334,0.2,0.5,0.5,0.26737799379235555,0.4767661265467097,0.18640527899103632,0.0694506006698993,17.81494140572073
493,98.66577718478986,0.8333333333333334,0.2,0.5,0.5,0.26532561651829223,0.47769199304881216,0.1864965221871746,0.07048586824572191,17.81494140572073
494,98.86591060707137,0.8333333333333334,0.2,0.5,0.5,0.26330598396566407,0.47853065226027136,0.1866190760919393,0.07154428768212613,17.81494140572073
495,99.0660440293529,0.8333333333333334,0.2,0.5,0.5,0.2613204285762745,0.47928116203556126,0.18677282369401718,0.07262558569414793,17.81494140572073
496,99.26617745163442,0.8333333333333334,0.2,0.5,0.5,0.2593702423763129,0.479942674665826,0.18695763561733214,0.07372944734052973,17.81494140572073
497,99.46631087391594,0.8333333333333334,0.2,0.5,0.5,0.25745667762101426,0.48051444205134636,0.18717336915123897,0.07485551117640123,17.81494140572073
498,99.66644429619745,0.8333333333333334,0.2,0.5,0.5,0.25558094749701393,0.48099582079867637,0.18741986729091814,0.07600336441339232,17.81494140572073
499,99.86657771847898,0.8333333333333334,0.2,0.5,0.5,0.2537442258101349,0.48138627396100114,0.1876969589136798,0.07717254131518492,17.81494140572073
500,100.0667111407605,0.8333333333333334,0.2,0.5,0.5,0.2519476472055275,0.4816853741557552,0.18800445846715483,0.07836252017156328,17.81494140572073
501,100.26684456304203,0.8333333333333334,0.2,0.5,0.5,0.25019230736867876,0.48189280642503735,0.1883421656839619,0.07957272052232278,17.81494140572073
502,100.46697798532354,0.8333333333333334,0.2,0.5,0.5,0.2484792607792641,0.4820083647070382,0.188709866301227,0.08080250821247147,17.81494140572073
503,100.66711140760506,0.8333333333333334,0.2,0.5,0.5,0.2468095225798521,0.4820319584902897,0.18910733114078582,0.0820511877890732,17.81494140572073
504,100.86724482988659,0.8333333333333334,0.2,0.5,0.5,0.2451840694129841,0.4819636166537346,0.1895343156238484,0.08331799830943373,17.81494140572073
505,101.06737825216811,0.8333333333333334,0.2,0.5,0.5,0.24360383909539818,0.4818034881612099,0.18999055977300494,0.08460211297038779,17.81494140572073
506,101.26751167444962,0.8333333333333334,0.2,0.5,0.5,0.24206973078236282,0.4815518433087123,0.19047578793714512,0.08590263797178055,17.81494140572073
507,101.46764509673115,0.8333333333333334,0.2,0.5,0.5,0.2405826050802906,0.48120907429658594,0.19098970848664856,0.08721861213647567,17.81494140572073
508,101.66777851901267,0.8333333333333334,0.2,0.5,0.5,0.23914328477575564,0.48077569910339557,0.19153201368268663,0.08854900243816297,17.81494140572073
509,101.8679119412942,0.8333333333333334,0.2,0.5,0.5,0.23775255510013765,0.48025236222855117,0.19210237939089747,0.08989270328041447,17.81494140572073
510,102.0680453635757,0.8333333333333334,0.2,0.5,0.5,0.23641116399929168,0.4796398355649182,0.19270046482485803,0.09124853561093284,17.81494140572073
511,102.26817878585723,0.8333333333333334,0.2,0.5,0.5,0.23511982006134474,0.478939011775248,0.19332591217629605,0.09261525598711191,17.81494140572073
512,102.46831220813876,0.8333333333333334,0.2,0.5,0.5,0.233879194776392,0.47815091086160794,0.1939783464487834,0.09399154791321739,17.81494140572073
513,102.66844563042028,0.8333333333333334,0.2,0.5,0.5,0.2326899230035488,0.477276680924888,0.194657375202756,0.09537602086880789,17.81494140572073
514,102.8685790527018,0.8333333333333334,0.2,0.5,0.5,0.23155260279619974,0.47631759668515417,0.1953625882667571,0.0967672122518897,17.81494140572073
515,103.06871247498331,0.8333333333333334,0.2,0.5,0.5,0.23046779515012172,0.475275055805695,0.196093557418376,0.09816359162580797,17.81494140572073
516,103.26884589726484,0.8333333333333334,0.2,0.5,0.5,0.22943602374999972,0.47415057492628043,0.19684983606142806,0.09956356526229247,17.81494140572073
517,103.46897931954636,0.8333333333333334,0.2,0.5,0.5,0.22845777618743493,0.4729457947497578,0.19763095903517913,0.10096547002762886,17.81494140572073
518,103.66911274182789,0.8333333333333334,0.2,0.5,0.5,0.22753350371730016,0.4716624755765352,0.1984364422852111,0.10236757842095427,17.81494140572073
519,103.8692461641094,0.8333333333333334,0.2,0.5,0.5,0.22666362122431738,0.4703024945777049,0.19926578253354613,0.10376810166443226,17.81494140572073
520,104.06937958639092,0.8333333333333334,0.2,0.5,0.5,0.22584850542950413,0.46886783783265346,0.20011845663338546,0.10516520010445762,17.81494140572073
521,104.26951300867245,0.8333333333333334,0.2,0.5,0.5,0.22508849662488462,0.4673606020346728,0.2009939215448138,0.10655697979562949,17.81494140572073
522,104.46964643095397,0.8333333333333334,0.2,0.5,0.5,0.22438389850729637,0.4657829905399335,0.20189161397078081,0.10794149698199003,17.81494140572073
523,104.66977985323548,0.8333333333333334,0.2,0.5,0.5,0.22373497781324803,0.4641373085638456,0.20281094995451948,0.10931676366838755,17.81494140572073
524,104.869913275517,0.8333333333333334,0.2,0.5,0.5,0.22314196403845718,0.4624259568666441,0.203751324276967,0.11068075481793233,17.81494140572073
525,105.07004669779853,0.8333333333333334,0.2,0.5,0.5,0.2226050492078579,0.46065142604499104,0.204712109969229,0.11203141477792265,17.81494140572073
526,105.27018012008006,0.8333333333333334,0.2,0.5,0.5,0.22212438787034464,0.4588162936199378,0.20569265821732308,0.11336666029239506,17.81494140572073
527,105.47031354236157,0.8333333333333334,0.2,0.5,0.5,0.22170009676442734,0.4569232169602721,0.20669229777814246,0.11468438849715865,17.81494140572073
528,105.67044696464309,0.8333333333333334,0.2,0.5,0.5,0.22133225446625604,0.4549749272221794,0.20771033460100852,0.11598248371055656,17.81494140572073
529,105.87058038692462,0.8333333333333334,0.2,0.5,0.5,0.221020900550931,0.4529742244988531,0.2087460518650082,0.11725882308520824,17.81494140572073
530,106.07071380920614,0.8333333333333334,0.2,0.5,0.5,0.22076603574943413,0.4509239689426099,0.20979870904137124,0.1185112862665852,17.81494140572073
531,106.27084723148765,0.8333333333333334,0.2,0.5,0.5,0.2205676214353262,0.4488270737428407,0.21086754154341575,0.1197377632784178,17.81494140572073
532,106.47098065376917,0.8333333333333334,0.2,0.5,0.5,0.22042557910527677,0.44668649762511187,0.21195176034344282,0.12093616292616903,17.81494140572073
533,106.6711140760507,0.8333333333333334,0.2,0.5,0.5,0.22033979039946827,0.4445052417816002,0.2130505524992652,0.12210441531966677,17.81494140572073
534,106.87124749833222,0.8333333333333334,0.2,0.5,0.5,0.2203100965953697,0.4422863417196278,0.2141630807655651,0.12324048091943791,17.81494140572073
535,107.07138092061373,0.8333333333333334,0.2,0.5,0.5,0.2203362976400125,0.4400328546530462,0.215288482410833,0.12434236529610881,17.81494140572073
536,107.27151434289526,0.8333333333333334,0.2,0.5,0.5,0.22041815186432748,0.4377478534053676,0.2164258693599941,0.12540812537031132,17.81494140572073
537,107.47164776517678,0.8333333333333334,0.2,0.5,0.5,0.22055537563012775,0.4354344195841141,0.21757432829265685,0.12643587649310167,17.81494140572073
538,107.67178118745831,0.8333333333333334,0.2,0.5,0.5,0.22074764379114092,0.4330956443064772,0.2187329223955127,0.12742378950686956,17.81494140572073
539,107.87191460973982,0.8333333333333334,0.2,0.5,0.5,0.22099458835018843,0.43073461206987324,0.2199006896549245,0.12837010992501413,17.81494140572073
540,108.07204803202134,0.8333333333333334,0.2,0.5,0.5,0.22129579822657666,0.4283543949349,0.22107664338220653,0.12927316345631706,17.81494140572073
541,108.27218145430287,0.8333333333333334,0.2,0.5,0.5,0.22165081925556032,0.42595804671099796,0.22225977268411198,0.13013136134933004,17.81494140572073
542,108.47231487658439,0.8333333333333334,0.2,0.5,0.5,0.22205915400380177,0.4235485961197279,0.22344904283481803,0.13094320704165258,17.81494140572073
543,108.6724482988659,0.8333333333333334,0.2,0.5,0.5,0.22252026106604372,0.4211290382791618,0.22464339555958784,0.13170730509520684,17.81494140572073
544,108.87258172114743,0.8333333333333334,0.2,0.5,0.5,0.22303355500469402,0.41870232855739137,0.22584174972417365,0.13242236671374125,17.81494140572073
545,109.07271514342895,0.8333333333333334,0.2,0.5,0.5,0.22359840687168725,0.41627138277692183,0.22704300410300285,0.1330872062483883,17.81494140572073
546,109.27284856571048,0.8333333333333334,0.2,0.5,0.5,0.22421414356224778,0.4138390663370403,0.22824603688986392,0.13370075321084826,17.81494140572073
547,109.47298198799199,0.8333333333333334,0.2,0.5,0.5,0.224880047693215,0.41140818812721225,0.22944970671232892,0.134262057467244,17.81494140572073
548,109.67311541027351,0.8333333333333334,0.2,0.5,0.5,0.2255953579375497,0.4089814974093267,0.23065285432841284,0.13477029032471094,17.81494140572073
549,109.87324883255503,0.8333333333333334,0.2,0.5,0.5,0.22635926962046382,0.40656168166033463,0.2318543043601849,0.13522474435901682,17.81494140572073
550,110.07338225483656,0.8333333333333334,0.2,0.5,0.5,0.22717093417741901,0.4041513585203491,0.23305286646816903,0.13562484083406298,17.81494140572073
551,110.27351567711807,0.8333333333333334,0.2,0.5,0.5,0.2280294596283723,0.40175307296587953,0.23424733721450802,0.13597013019124032,17.81494140572073
552,110.4736490993996,0.8333333333333334,0.2,0.5,0.5,0.22893391192532464,0.3993692961022434,0.23543650220214596,0.13626028977028615,17.81494140572073
553,110.67378252168112,0.8333333333333334,0.2,0.5,0.5,0.22988331513727858,0.39700242133883007,0.23661913803217102,0.13649512549172055,17.81494140572073
554,110.87391594396264,0.8333333333333334,0.2,0.5,0.5,0.2308766516620185,0.39465476079369316,0.2377940143895487,0.13667457315473988,17.81494140572073
555,111.07404936624415,0.8333333333333334,0.2,0.5,0.5,0.23191286316084703,0.3923285439159334,0.23895989644900728,0.13679869647421256,17.81494140572073
556,111.27418278852568,0.8333333333333334,0.2,0.5,0.5,0.23299085124248767,0.3900259170479388,0.24011554738783644,0.13686768432173732,17.81494140572073
557,111.4743162108072,0.8333333333333334,0.2,0.5,0.5,0.23410947843423152,0.38774894087301803,0.24125973098584977,0.1368818497069009,17.81494140572073
558,111.67444963308873,0.8333333333333334,0.2,0.5,0.5,0.23526756910563115,0.38549958985405286,0.24239121440544853,0.1368416266348676,17.81494140572073
559,111.87458305537024,0.8333333333333334,0.2,0.5,0.5,0.2364639108970411,0.3832797515516135,0.24350877029671147,0.13674756725463408,17.81494140572073
560,112.07471647765176,0.8333333333333334,0.2,0.5,0.5,0.23769725605843692,0.38109122641225135,0.24461117940119284,0.13660033812811903,17.81494140572073
561,112.27484989993329,0.8333333333333334,0.2,0.5,0.5,0.23896632232621134,0.37893572841727335,0.24569723438627764,0.13640071487023778,17.81494140572073
562,112.47498332221481,0.8333333333333334,0.2,0.5,0.5,0.240269794495881,0.37681488544607394,0.24676574240051866,0.13614957765752655,17.81494140572073
563,112.67511674449632,0.8333333333333334,0.2,0.5,0.5,0.2416063256303292,0.3747302385722483,0.24781552658158099,0.13584790921584172,17.81494140572073
564,112.87525016677785,0.8333333333333334,0.2,0.5,0.5,0.24297453884714432,0.3726832445081539,0.24884543028312583,0.1354967863615762,17.81494140572073
565,113.07538358905937,0.8333333333333334,0.2,0.5,0.5,0.24437302897968494,0.3706752771501872,0.2498543201936088,0.1350973736765193,17.81494140572073
566,113.2755170113409,0.8333333333333334,0.2,0.5,0.5,0.2458003641674357,0.36870762843872135,0.2508410886441103,0.13465091874973295,17.81494140572073
567,113.4756504336224,0.8333333333333334,0.2,0.5,0.5,0.24725508724887507,0.3667815076212684,0.2518046544097429,0.13415875072011385,17.81494140572073
568,113.67578385590393,0.8333333333333334,0.2,0.5,0.5,0.24873571807280417,0.36489804634310796,0.2527439681015302,0.13362226748255793,17.81494140572073
569,113.87591727818545,0.8333333333333334,0.2,0.5,0.5,0.2502407553092603,0.36305830016784846,0.253658014398588,0.13304293012430343,17.81494140572073
570,114.07605070046698,0.8333333333333334,0.2,0.5,0.5,0.25176867804219305,0.3612632491626434,0.25454581342725885,0.13242225936790486,17.81494140572073
571,114.27618412274849,0.8333333333333334,0.2,0.5,0.5,0.25331794744535613,0.35951379881446377,0.25540642220403476,0.13176183153614554,17.81494140572073
572,114.47631754503001,0.8333333333333334,0.2,0.5,0.5,0.25488700946495224,0.3578107855680693,0.2562389393617482,0.13106326560523052,17.81494140572073
573,114.67645096731154,0.8333333333333334,0.2,0.5,0.5,0.2564742966565034,0.3561549783196779,0.2570425066388631,0.13032821838495573,17.81494140572073
574,114.87658438959306,0.8333333333333334,0.2,0.5,0.5,0.25807822944563064,0.3545470783331561,0.25781630912191084,0.12955838309930257,17.81494140572073
575,115.07671781187457,0.8333333333333334,0.2,0.5,0.5,0.2596972184689779,0.3529877227204816,0.2585595778198183,0.12875548099072232,17.81494140572073
576,115.2768512341561,0.8333333333333334,0.2,0.5,0.5,0.2613296670855916,0.3514774884748533,0.25927159244256126,0.12792125199699408,17.81494140572073
577,115.47698465643762,0.8333333333333334,0.2,0.5,0.5,0.2629739731847989,0.3500168941913771,0.25995168237977817,0.12705745024404594,17.81494140572073
578,115.67711807871915,0.8333333333333334,0.2,0.5,0.5,0.26462853033375683,0.3486063998376833,0.2605992263010303,0.12616584352752971,17.81494140572073
579,115.87725150100066,0.8333333333333334,0.2,0.5,0.5,0.26629173059987843,0.34724641162322384,0.26121365484683673,0.12524820293006117,17.81494140572073
580,116.07738492328218,0.8333333333333334,0.2,0.5,0.5,0.26796196661209815,0.34593728455055023,0.2617944516554618,0.12430629718188997,17.81494140572073
581,116.2775183455637,0.8333333333333334,0.2,0.5,0.5,0.2696376332451764,0.3446793240275514,0.26234115370894023,0.12334188901833212,17.81494140572073
582,116.47765176784523,0.8333333333333334,0.2,0.5,0.5,0.2713171287484158,0.34347278630620753,0.2628533509950084,0.12235673395036839,17.81494140572073
583,116.67778519012674,0.8333333333333334,0.2,0.5,0.5,0.2729988577116325,0.3423178831479265,0.26333068805161003,0.12135257108883105,17.81494140572073
584,116.87791861240827,0.8333333333333334,0.2,0.5,0.5,0.2746812327184886,0.3412147834901644,0.26377286388494603,0.1203311199064011,17.81494140572073
585,117.07805203468979,0.8333333333333334,0.2,0.5,0.5,0.27636267575732676,0.3401636146978524,0.26417963176936526,0.11929407777545564,17.81494140572073
586,117.27818545697131,0.8333333333333334,0.2,0.5,0.5,0.27804161970190766,0.3391644639777747,0.2645507989373245,0.11824311738299312,17.81494140572073
587,117.47831887925283,0.8333333333333334,0.2,0.5,0.5,0.2797165107749364,0.3382173817872481,0.2648862265317191,0.1171798809060965,17.81494140572073
588,117.67845230153435,0.8333333333333334,0.2,0.5,0.5,0.28138580998725593,0.33732238318963204,0.26518582895222303,0.11610597787088905,17.81494140572073
589,117.87858572381587,0.8333333333333334,0.2,0.5,0.5,0.28304799426535904,0.3364794487910928,0.2654495734682714,0.11502298347527684,17.81494140572073
590,118.0787191460974,0.8333333333333334,0.2,0.5,0.5,0.28470155822523147,0.335688526753461,0.26567747926327795,0.11393243575802964,17.81494140572073
591,118.27885256837891,0.8333333333333334,0.2,0.5,0.5,0.2863450159390086,0.33494953479633655,0.26586961628798667,0.1128358329766683,17.81494140572073
592,118.47898599066043,0.8333333333333334,0.2,0.5,0.5,0.287976902237979,0.3342623614472061,0.2660261042643627,0.11173463205045227,17.81494140572073
593,118.67911941294196,0.8333333333333334,0.2,0.5,0.5,0.28959577371538564,0.33362686694739063,0.2661471123376963,0.11063024699952749,17.81494140572073
594,118.87925283522348,0.8333333333333334,0.2,0.5,0.5,0.2912002104045144,0.3330428850058068,0.26623285694050525,0.10952404764917356,17.81494140572073
595,119.07938625750499,0.8333333333333334,0.2,0.5,0.5,0.29278881704990506,0.3325102240186414,0.26628360031176007,0.10841735861969354,17.81494140572073
596,119.27951967978652,0.8333333333333334,0.2,0.5,0.5,0.2943602242314566,0.33202866811748877,0.26629964933320804,0.10731145831784669,17.81494140572073
597,119.47965310206804,0.8333333333333334,0.2,0.5,0.5,0.29591308935345073,0.33159797809897956,0.2662813549590788,0.10620757758849105,17.81494140572073
598,119.67978652434957,0.8333333333333334,0.2,0.5,0.5,0.2974460979475676,0.3312178925524612,0.26622910915584536,0.10510690034412597,17.81494140572073
599,119.87991994663108,0.8333333333333334,0.2,0.5,0.5,0.2989579646535593,0.33088812870194606,0.26614334343742146,0.10401056320707333,17.81494140572073
600,120.0800533689126,0.8333333333333334,0.2,0.5,0.5,0.3004474341765444,0.33060838328238185,0.2660245279300439,0.10291965461102999,17.81494140572073
601,120.28018679119413,0.8333333333333334,0.2,0.5,0.5,0.301913282202512,0.3303783333123904,0.26587316994524557,0.10183521453985205,17.81494140572073
602,120.48032021347565,0.8333333333333334,0.2,0.5,0.5,0.30335431629208875,0.33019763663795054,0.2656898106367221,0.10075823643323867,17.81494140572073
603,120.68045363575716,0.8333333333333334,0.2,0.5,0.5,0.3047693766815029,0.33006593255578914,0.265475023536001,0.09968966722670701,17.81494140572073
604,120.88058705803869,0.8333333333333334,0.2,0.5,0.5,0.3061573370712423,0.32998284250745274,0.2652294135527154,0.09863040686858962,17.81494140572073
605,121.08072048032021,0.8333333333333334,0.2,0.5,0.5,0.30751710537119287,0.3299479707674497,0.26495361630966113,0.09758130755169642,17.81494140572073
606,121.28085390260173,0.8333333333333334,0.2,0.5,0.5,0.30884762428417345,0.3299609044123519,0.2646482937381624,0.09654317756531233,17.81494140572073
607,121.48098732488324,0.8333333333333334,0.2,0.5,0.5,0.3101478719316738,0.33002121380214394,0.26431413297029627,0.09551678129588605,17.81494140572073
608,121.68112074716477,0.8333333333333334,0.2,0.5,0.5,0.31141686250344514,0.3301284530428794,0.2639518449554294,0.0945028394982461,17.81494140572073
609,121.8812541694463,0.8333333333333334,0.2,0.5,0.5,0.3126536469908156,0.3302821606508384,0.2635621638780788,0.09350202848026731,17.81494140572073
610,122.08138759172782,0.8333333333333334,0.2,0.5,0.5,0.3138573133464435,0.3304818591033287,0.26314584326675433,0.09251498428347346,17.81494140572073
611,122.28152101400933,0.8333333333333334,0.2,0.5,0.5,0.31502698701471027,0.33072705516883905,0.2627036547256069,0.09154230309084377,17.81494140572073
612,122.48165443629085,0.8333333333333334,0.2,0.5,0.5,0.3161618313987636,0.331017240157686,0.2622363864783243,0.09058454196522607,17.81494140572073
613,122.68178785857238,0.8333333333333334,0.2,0.5,0.5,0.3172610484868567,0.3313518905582102,0.2617448429810428,0.08964221797389031,17.81494140572073
614,122.8819212808539,0.8333333333333334,0.2,0.5,0.5,0.3183238788367456,0.33173046734100875,0.2612298414141943,0.08871581240805125,17.81494140572073
615,123.08205470313541,0.8333333333333334,0.2,0.5,0.5,0.31934960194425055,0.3321524161293593,0.2606922104297511,0.08780577149663904,17.81494140572073
616,123.28218812541694,0.8333333333333334,0.2,0.5,0.5,0.3203375365348968,0.3326171672949913,0.2601327887461364,0.08691250742397541,17.81494140572073
617,123.48232154769846,0.8333333333333334,0.2,0.5,0.5,0.3212870409857862,0.3331241365969154,0.2595524247066377,0.08603639771066063,17.81494140572073
618,123.68245496997999,0.8333333333333334,0.2,0.5,0.5,0.322197513271863,0.3336727243446636,0.25895197350085153,0.08517778888262185,17.81494140572073
619,123.8825883922615,0.8333333333333334,0.2,0.5,0.5,0.32306839114666447,0.33426231543030355,0.2583322959137914,0.08433699750924052,17.81494140572073
620,124.08272181454302,0.8333333333333334,0.2,0.5,0.5,0.32389915229625477,0.3348922793194982,0.25769425705788684,0.08351431132636013,17.81494140572073
621,124.28285523682455,0.8333333333333334,0.2,0.5,0.5,0.3246893147370596,0.33556197056697074,0.2570387257049586,0.08270998899101106,17.81494140572073
622,124.48298865910607,0.8333333333333334,0.2,0.5,0.5,0.32543843657966,0.33627072806911207,0.25636657233742727,0.08192426301380067,17.81494140572073
623,124.68312208138758,0.8333333333333334,0.2,0.5,0.5,0.3261461160771714,0.3370178749478095,0.25567866794921146,0.08115734102580761,17.81494140572073
624,124.8832555036691,0.8333333333333334,0.2,0.5,0.5,0.32681199166621966,0.33780271848986376,0.2549758829585907,0.08040940688532573,17.81494140572073
625,125.08338892595063,0.8333333333333334,0.2,0.5,0.5,0.3274357420774202,0.33862455064291264,0.25425908650234536,0.07968062077732158,17.81494140572073
626,125.28352234823215,0.8333333333333334,0.2,0.5,0.5,0.3280170861657132,0.3394826473459942,0.2535291450479382,0.07897112144035412,17.81494140572073
627,125.48365577051366,0.8333333333333334,0.2,0.5,0.5,0.32855578280834274,0.3403762683084086,0.2527869213525829,0.07828102753066546,17.81494140572073
628,125.68378919279519,0.8333333333333334,0.2,0.5,0.5,0.32905163081126865,0.34130465696329276,0.25203327358534644,0.07761043864009189,17.81494140572073
629,125.88392261507671,0.8333333333333334,0.2,0.5,0.5,0.3295044688787366,0.3422670408799401,0.2512690545460377,0.07695943569528534,17.81494140572073
630,126.08405603735824,0.8333333333333334,0.2,0.5,0.5,0.3299141753739344,0.343262631295049,0.25049511076290143,0.0763280825681149,17.81494140572073
631,126.28418945963975,0.8333333333333334,0.2,0.5,0.5,0.33028066808695417,0.3442906228226946,0.2497122816800552,0.07571642741029584,17.81494140572073
632,126.48432288192127,0.8333333333333334,0.2,0.5,0.5,0.3306039040324324,0.34535019345552326,0.24892139895457283,0.07512450355747133,17.81494140572073
633,126.6844563042028,0.8333333333333334,0.2,0.5,0.5,0.3308838792505455,0.3464405049256218,0.2481232857041239,0.07455233011970855,17.81494140572073
634,126.88458972648432,0.8333333333333334,0.2,0.5,0.5,0.33112062850524676,0.3475607024619897,0.24731875590090885,0.07399991313185436,17.81494140572073
635,127.08472314876583,0.8333333333333334,0.2,0.5,0.5,0.33131422494367446,0.34870991447168465,0.24650861382987027,0.07346724675477026,17.81494140572073
636,127.28485657104736,0.8333333333333334,0.2,0.5,0.5,0.33146477977535155,0.34988725262854936,0.2456936535356772,0.07295431406042147,17.81494140572073
637,127.48498999332888,0.8333333333333334,0.2,0.5,0.5,0.3315724419138424,0.35109181220606406,0.24487465818463544,0.0724610876954577,17.81494140572073
638,127.6851234156104,0.8333333333333334,0.2,0.5,0.5,0.33163739758147315,0.352322672082977,0.24405239961547767,0.07198753072007166,17.81494140572073
639,127.88525683789192,0.8333333333333334,0.2,0.5,0.5,0.33165986987753204,0.35357889443916063,0.24322763807182424,0.07153359761148265,17.81494140572073
640,128.08539026017345,0.8333333333333334,0.2,0.5,0.5,0.33164011832957097,0.3548595249614045,0.242401121777504,0.07109923493152008,17.81494140572073
641,128.28552368245496,0.8333333333333334,0.2,0.5,0.5,0.3315784384186898,0.3561635932416402,0.24157358638122617,0.07068438195844336,17.81494140572073
642,128.48565710473648,0.8333333333333334,0.2,0.5,0.5,0.33147516107204555,0.35749011298330163,0.24074575459781794,0.07028897134683436,17.81494140572073
643,128.685790527018,0.8333333333333334,0.2,0.5,0.5,0.33133065211516777,0.3588380816342,0.23991833632194814,0.06991292992868368,17.81494140572073
644,128.88592394929952,0.8333333333333334,0.2,0.5,0.5,0.33114531170979916,0.3602064807687119,0.23909202825792503,0.06955617926356349,17.81494140572073
645,129.08605737158106,0.8333333333333334,0.2,0.5,0.5,0.3309195737586022,0.36159427625954466,0.23826751375947844,0.06921863622237431,17.81494140572073
646,129.28619079386257,0.8333333333333334,0.2,0.5,0.5,0.330653905306134,0.36300041908052316,0.2374454621687887,0.06890021344455374,17.81494140572073
647,129.48632421614408,0.8333333333333334,0.2,0.5,0.5,0.33034880589757903,0.364423845794621,0.2366265284964821,0.06860081981131745,17.81494140572073
648,129.68645763842562,0.8333333333333334,0.2,0.5,0.5,0.3300048068619844,0.3658634779102438,0.2358113541696089,0.06832036105816246,17.81494140572073
649,129.88659106070713,0.8333333333333334,0.2,0.5,0.5,0.329622470623699,0.36731822265337466,0.23500056658055715,0.06805874014236878,17.81494140572073
650,130.08672448298864,0.8333333333333334,0.2,0.5,0.5,0.3292023899679791,0.3687869733367477,0.23419477905543326,0.06781585763983945,17.81494140572073
651,130.28685790527018,0.8333333333333334,0.2,0.5,0.5,0.32874518733150443,0.3702686101323377,0.23339459034197532,0.06759161219418208,17.81494140572073
652,130.4869913275517,0.8333333333333334,0.2,0.5,0.5,0.32825151403916714,0.37176200069039245,0.23260058438173312,0.06738590088870683,17.81494140572073
653,130.68712474983323,0.8333333333333334,0.2,0.5,0.5,0.3277220494049806,0.37326600002209087,0.23181333116632838,0.0671986194065997,17.81494140572073
654,130.88725817211474,0.8333333333333334,0.2,0.5,0.5,0.32715749993173826,0.37477945131060797,0.23103338639356774,0.06702966236408556,17.81494140572073
655,131.08739159439625,0.8333333333333334,0.2,0.5,0.5,0.32655859844444296,0.37630118648001243,0.23026129152954294,0.06687892354600122,17.81494140572073
656,131.2875250166778,0.8333333333333334,0.2,0.5,0.5,0.325926103340241,0.3778300270257918,0.2294975733988671,0.06674629623509962,17.81494140572073
657,131.4876584389593,0.8333333333333334,0.2,0.5,0.5,0.3252607977519957,0.3793647847832294,0.22874274400988945,0.06663167345488506,17.81494140572073
658,131.6877918612408,0.8333333333333334,0.2,0.5,0.5,0.3245634883721925,0.38090426222792345,0.22799730149910338,0.06653494790078024,17.81494140572073
659,131.88792528352235,0.8333333333333334,0.2,0.5,0.5,0.32383500460866127,0.38244725338393604,0.22726172985080115,0.06645601215660116,17.81494140572073
660,132.08805870580386,0.8333333333333334,0.2,0.5,0.5,0.32307619760675416,0.3839925445942216,0.22653649901640796,0.06639475878261587,17.81494140572073
661,132.2881921280854,0.8333333333333334,0.2,0.5,0.5,0.32228793948185225,0.38553891537487206,0.22582206461832716,0.0663510805249482,17.81494140572073
662,132.4883255503669,0.8333333333333334,0.2,0.5,0.5,0.3214711224467669,0.3870851392879729,0.22511886782458357,0.06632487044067631,17.81494140572073
663,132.68845897264842,0.8333333333333334,0.2,0.5,0.5,0.3206266573665261,0.3886299847348403,0.22442733626507355,0.06631602163355979,17.81494140572073
664,132.88859239492996,0.8333333333333334,0.2,0.5,0.5,0.3197554729027681,0.3901722159138537,0.22374788382458877,0.06632442735878918,17.81494140572073
665,133.08872581721147,0.8333333333333334,0.2,0.5,0.5,0.31885851445334445,0.39171059377595774,0.22308091079231457,0.06634998097838302,17.81494140572073
666,133.28885923949298,0.8333333333333334,0.2,0.5,0.5,0.31793674340692374,0.39324387692240614,0.22242680364537287,0.066392576025297,17.81494140572073
667,133.48899266177452,0.8333333333333334,0.2,0.5,0.5,0.3169911362863833,0.39477082256323226,0.22178593494976068,0.06645210620062347,17.81494140572073
668,133.68912608405603,0.8333333333333334,0.2,0.5,0.5,0.3160226830350383,0.396290187742374,0.22115866422678945,0.066528464995798,17.81494140572073
669,133.88925950633757,0.8333333333333334,0.2,0.5,0.5,0.3150323861989825,0.3978007303454491,0.22054533779163768,0.06662154566393043,17.81494140572073
670,134.08939292861908,0.8333333333333334,0.2,0.5,0.5,0.3140212598229371,0.39930121021664416,0.21994628890858514,0.06673124105183333,17.81494140572073
671,134.2895263509006,0.8333333333333334,0.2,0.5,0.5,0.3129903287314977,0.4007903900832953,0.21936183765624684,0.06685744352895992,17.81494140572073
672,134.48965977318213,0.8333333333333334,0.2,0.5,0.5,0.3119406277172814,0.4022670365580351,0.21879229085999405,0.06700004486468919,17.81494140572073
673,134.68979319546364,0.8333333333333334,0.2,0.5,0.5,0.31087319964873034,0.40372992177346284,0.21823794283102246,0.06715893574678415,17.81494140572073
674,134.88992661774515,0.8333333333333334,0.2,0.5,0.5,0.3097890947058123,0.40517782440802913,0.21769907525805432,0.06733400562810407,17.81494140572073
675,135.09006004002669,0.8333333333333334,0.2,0.5,0.5,0.3086893692730324,0.4066095309297882,0.21717595735317322,0.06752514244400595,17.81494140572073
676,135.2901934623082,0.8333333333333334,0.2,0.5,0.5,0.30757508521562643,0.4080238365837595,0.2166688457938673,0.06773223240674653,17.81494140572073
677,135.49032688458973,0.8333333333333334,0.2,0.5,0.5,0.30644730916824786,0.40941954639370004,0.21617798465808555,0.06795515977996633,17.81494140572073
678,135.69046030687124,0.8333333333333334,0.2,0.5,0.5,0.3053071106811074,0.4107954770196191,0.21570360596874147,0.06819380633053182,17.81494140572073
679,135.89059372915276,0.8333333333333334,0.2,0.5,0.5,0.3041555614871868,0.412150457822213,0.21524592963959474,0.06844805105100525,17.81494140572073
680,136.0907271514343,0.8333333333333334,0.2,0.5,0.5,0.30299373449083417,0.4134833321414047,0.2148051635802147,0.0687177697875462,17.81494140572073
681,136.2908605737158,0.8333333333333334,0.2,0.5,0.5,0.3018227030705612,0.4147929582523288,0.21438150373450277,0.0690028349426071,17.81494140572073
682,136.49099399599731,0.8333333333333334,0.2,0.5,0.5,0.30064353974732466,0.4160782110391245,0.21397513425638545,0.06930311495716528,17.81494140572073
683,136.69112741827885,0.8333333333333334,0.2,0.5,0.5,0.29945731518701946,0.4173379833263253,0.2135862276129592,0.06961847387369596,17.81494140572073
684,136.89126084056036,0.8333333333333334,0.2,0.5,0.5,0.29826509724360695,0.41857118718914565,0.21321494467864155,0.06994877088860577,17.81494140572073
685,137.0913942628419,0.8333333333333334,0.2,0.5,0.5,0.2970679503356263,0.41977675494053124,0.21286143470680743,0.070293860017035,17.81494140572073
686,137.2915276851234,0.8333333333333334,0.2,0.5,0.5,0.2958669346579661,0.4209536403137275,0.21252583535927375,0.07065358966903258,17.81494140572073
687,137.49166110740492,0.8333333333333334,0.2,0.5,0.5,0.294663104706358,0.4221008203870085,0.21220827297607586,0.07102780193055754,17.81494140572073
688,137.69179452968646,0.8333333333333334,0.2,0.5,0.5,0.2934575086095273,0.4232172966866731,0.2119088625635748,0.07141633214022465,17.81494140572073
689,137.89192795196797,0.8333333333333334,0.2,0.5,0.5,0.29225118728776506,0.4243020964638046,0.21162770785566865,0.07181900839276152,17.81494140572073
690,138.09206137424948,0.8333333333333334,0.2,0.5,0.5,0.29104517396410035,0.42535427342955806,0.21136490132908467,0.07223565127725683,17.81494140572073
691,138.29219479653102,0.8333333333333334,0.2,0.5,0.5,0.28984049293769554,0.426372909715244,0.21112052430785347,0.07266607303920687,17.81494140572073
692,138.49232821881253,0.8333333333333334,0.2,0.5,0.5,0.28863815882564153,0.4273571171037825,0.2108946470073518,0.07311007706322414,17.81494140572073
693,138.69246164109407,0.8333333333333334,0.2,0.5,0.5,0.287439175809829,0.42830603828279357,0.2106873285753948,0.07356745733198257,17.81494140572073
694,138.89259506337558,0.8333333333333334,0.2,0.5,0.5,0.2862445370826796,0.4292188476463421,0.21049861712641513,0.07403799814456304,17.81494140572073
695,139.0927284856571,0.8333333333333334,0.2,0.5,0.5,0.2850552241175961,0.4300947525465268,0.21032854977789564,0.0745214735579813,17.81494140572073
696,139.29286190793863,0.8333333333333334,0.2,0.5,0.5,0.28387220573397604,0.43093299506512855,0.21017715269010256,0.07501764651079264,17.81494140572073
697,139.49299533022014,0.8333333333333334,0.2,0.5,0.5,0.2826964375174288,0.4317328530000615,0.21004444108968257,0.07552626839282697,17.81494140572073
698,139.69312875250165,0.8333333333333334,0.2,0.5,0.5,0.2815288611994539,0.43249364093784926,0.20993041928915113,0.07604707857354538,17.81494140572073
699,139.8932621747832,0.8333333333333334,0.2,0.5,0.5,0.28037040425506904,0.43321471064937545,0.20983508068787715,0.0765798044076781,17.81494140572073
700,140.0933955970647,0.8333333333333334,0.2,0.5,0.5,0.2792219790337582,0.4338954531351879,0.20975840780302296,0.0771241600280306,17.81494140572073
701,140.29352901934624,0.8333333333333334,0.2,0.5,0.5,0.27808448224198845,0.43453529954004805,0.20970037227252245,0.07767984594544074,17.81494140572073
702,140.49366244162775,0.8333333333333334,0.2,0.5,0.5,0.2769587944131895,0.43513372216990903,0.20966093485630913,0.07824654856059204,17.81494140572073
703,140.69379586390926,0.8333333333333334,0.2,0.5,0.5,0.27584577942389576,0.43569023482448804,0.20964004549608903,0.07882394025552694,17.81494140572073
704,140.8939292861908,0.8333333333333334,0.2,0.5,0.5,0.2747462839844695,0.43620439396138355,0.20963764329907558,0.0794116787550712,17.81494140572073
705,141.0940627084723,0.8333333333333334,0.2,0.5,0.5,0.27366113713699436,0.43667580012924867,0.20965365649294912,0.0800094062408077,17.81494140572073
706,141.29419613075382,0.8333333333333334,0.2,0.5,0.5,0.2725911498224209,0.43710409859844146,0.20968800244207814,0.08061674913705939,17.81494140572073
707,141.49432955303536,0.8333333333333334,0.2,0.5,0.5,0.2715371144447959,0.4374889799338427,0.20974058766015355,0.08123331796120764,17.81494140572073
708,141.69446297531687,0.8333333333333334,0.2,0.5,0.5,0.270499804431769,0.4378301798012712,0.20981130787548696,0.08185870789147265,17.81494140572073
709,141.8945963975984,0.8333333333333334,0.2,0.5,0.5,0.26947997391062123,0.43812748113833316,0.20990004790950334,0.08249249704154214,17.81494140572073
710,142.09472981987992,0.8333333333333334,0.2,0.5,0.5,0.2684783573374016,0.4383807144254169,0.21000668169459266,0.08313424654258872,17.81494140572073
711,142.29486324216143,0.8333333333333334,0.2,0.5,0.5,0.2674956691631867,0.4385897582627485,0.21013107226259617,0.08378350031146847,17.81494140572073
712,142.49499666444297,0.8333333333333334,0.2,0.5,0.5,0.26653260348950236,0.43875453962068406,0.21027307175073504,0.08443978513907836,17.81494140572073
713,142.69513008672448,0.8333333333333334,0.2,0.5,0.5,0.265589833569828,0.4388750323413857,0.2104325215277945,0.08510261256099158,17.81494140572073
714,142.89526350900599,0.8333333333333334,0.2,0.5,0.5,0.2646680117913166,0.4389512599897065,0.21060925200100908,0.08577147621796757,17.81494140572073
715,143.09539693128752,0.8333333333333334,0.2,0.5,0.5,0.2637677693685271,0.43898329566623384,0.21080308263613506,0.08644585232910376,17.81494140572073
716,143.29553035356903,0.8333333333333334,0.2,0.5,0.5,0.2628897160894109,0.438971262054253,0.21101382195486962,0.08712519990146617,17.81494140572073
717,143.49566377585057,0.8333333333333334,0.2,0.5,0.5,0.262034440062574,0.43891533143138145,0.21124126754038852,0.0878089609656557,17.81494140572073
718,143.69579719813208,0.8333333333333334,0.2,0.5,0.5,0.2612025071073138,0.4388157239054744,0.2114852062642542,0.08849656272295728,17.81494140572073
719,143.8959306204136,0.8333333333333334,0.2,0.5,0.5,0.26039446099099084,0.43867270933968217,0.21174541402608063,0.08918741564324602,17.81494140572073
720,144.09606404269513,0.8333333333333334,0.2,0.5,0.5,0.2596108232165989,0.43848660708178333,0.2120216557690279,0.08988091393258955,17.81494140572073
721,144.29619746497664,0.8333333333333334,0.2,0.5,0.5,0.2588520928011622,0.43825778549684585,0.21231368551191593,0.09057643619007567,17.81494140572073
722,144.49633088725815,0.8333333333333334,0.2,0.5,0.5,0.25811874610870383,0.4379866616226016,0.21262124635716406,0.09127334591153022,17.81494140572073
723,144.6964643095397,0.8333333333333334,0.2,0.5,0.5,0.257411236239165,0.4376736991686282,0.21294407071515406,0.09197099387705242,17.81494140572073
724,144.8965977318212,0.8333333333333334,0.2,0.5,0.5,0.2567299933060903,0.4373194094286427,0.2132818801221625,0.09266871714310408,17.81494140572073
725,145.09673115410274,0.8333333333333334,0.2,0.5,0.5,0.2560754243657259,0.43692435086388165,0.2136343852301049,0.09336583954028718,17.81494140572073
726,145.29686457638425,0.8333333333333334,0.2,0.5,0.5,0.2554479132064383,0.43648912807375895,0.21400128587046424,0.09406167284933811,17.81494140572073
727,145.49699799866576,0.8333333333333334,0.2,0.5,0.5,0.2548478202465603,0.4360143910088348,0.21438227107801314,0.09475551766659132,17.81494140572073
728,145.6971314209473,0.8333333333333334,0.2,0.5,0.5,0.25427548210626144,0.4355008331112581,0.21477701933841703,0.09544666544406297,17.81494140572073
729,145.8972648432288,0.8333333333333334,0.2,0.5,0.5,0.25373121173940605,0.43494919095571477,0.21518519848309517,0.09613439882178353,17.81494140572073
730,146.09739826551032,0.8333333333333334,0.2,0.5,0.5,0.25321529847919916,0.43436024351418034,0.2156064656519143,0.0968179923547058,17.81494140572073
731,146.29753168779186,0.8333333333333334,0.2,0.5,0.5,0.25272800786965177,0.4337348106728215,0.21604046740700245,0.09749671405052383,17.81494140572073
732,146.49766511007337,0.8333333333333334,0.2,0.5,0.5,0.252269581609182,0.43307375195322617,0.21648683978594555,0.09816982665164586,17.81494140572073
733,146.6977985323549,0.8333333333333334,0.2,0.5,0.5,0.2518402371973291,0.43237796505480586,0.2169452086760483,0.09883658907181629,17.81494140572073
734,146.89793195463642,0.8333333333333334,0.2,0.5,0.5,0.25144016798485724,0.43164838442000836,0.21741518979099647,0.09949625780413753,17.81494140572073
735,147.09806537691793,0.8333333333333334,0.2,0.5,0.5,0.2510695433478318,0.4308859797418832,0.21789638853667312,0.10014808837361144,17.81494140572073
736,147.29819879919947,0.8333333333333334,0.2,0.5,0.5,0.2507285085185369,0.4300917542794981,0.21838840024552764,0.10079133695643697,17.81494140572073
737,147.49833222148098,0.8333333333333334,0.2,0.5,0.5,0.25041718455497186,0.42926674311991564,0.21889081028510843,0.1014252620400036,17.81494140572073
738,147.6984656437625,0.8333333333333334,0.2,0.5,0.5,0.2501356682535507,0.4284120120478068,0.21940319445144396,0.10204912524719804,17.81494140572073
739,147.89859906604403,0.8333333333333334,0.2,0.5,0.5,0.24988403212282895,0.4275286557809343,0.2199251191525776,0.10266219294365872,17.81494140572073
740,148.09873248832554,0.8333333333333334,0.2,0.5,0.5,0.2496623244597126,0.426617795134617,0.22045614120821064,0.1032637391974593,17.81494140572073
741,148.29886591060708,0.8333333333333334,0.2,0.5,0.5,0.24947056930631997,0.4256805754530432,0.220995808196809,0.1038530470438274,17.81494140572073
742,148.4989993328886,0.8333333333333334,0.2,0.5,0.5,0.24930876645683975,0.4247181645227192,0.2215436586391807,0.10442941038125994,17.81494140572073
743,148.6991327551701,0.8333333333333334,0.2,0.5,0.5,0.24917689149092212,0.4237317512744395,0.22209922240419144,0.1049921348304465,17.81494140572073
744,148.89926617745164,0.8333333333333334,0.2,0.5,0.5,0.24907489582166129,0.42272254469168224,0.22266202119480827,0.10554053829184783,17.81494140572073
745,149.09939959973315,0.8333333333333334,0.2,0.5,0.5,0.24900270669875652,0.42169177002396013,0.22323156840747688,0.10607395486980607,17.81494140572073
746,149.29953302201466,0.8333333333333334,0.2,0.5,0.5,0.24896022727012768,0.42064066734870786,0.22380736959379322,0.10659173578737084,17.81494140572073
747,149.4996664442962,0.8333333333333334,0.2,0.5,0.5,0.24894733674240205,0.41957048958219845,0.2243889226794051,0.107093250995994,17.81494140572073
748,149.6997998665777,0.8333333333333334,0.2,0.5,0.5,0.24896389052589862,0.41848250040002133,0.22497571822424864,0.107577890849831,17.81494140572073
749,149.89993328885924,0.8333333333333334,0.2,0.5,0.5,0.24900972019212908,0.4173779718663815,0.2255672399082725,0.10804506803321645,17.81494140572073
750,150.10006671114076,0.8333333333333334,0.2,0.5,0.5,0.24908463365195901,0.41625818228071465,0.2261629648143661,0.10849421925295978,17.81494140572073
751,150.30020013342227,0.8333333333333334,0.2,0.5,0.5,0.249188415299238,0.41512441512236675,0.2267623641221711,0.1089248054562237,17.81494140572073
752,150.5003335557038,0.8333333333333334,0.2,0.5,0.5,0.24932082615856227,0.41397795710863844,0.22736490358559538,0.10933631314720349,17.81494140572073
753,150.70046697798531,0.8333333333333334,0.2,0.5,0.5,0.2494816040330749,0.41282009494425836,0.22797004367804602,0.10972825734462029,17.81494140572073
754,150.90060040026682,0.8333333333333334,0.2,0.5,0.5,0.24967046368381934,0.41165211377889593,0.22857724023045828,0.11010018230682612,17.81494140572073
755,151.10073382254836,0.8333333333333334,0.2,0.5,0.5,0.24988709714619664,0.41047529602921073,0.2291859448976707,0.11045166192692162,17.81494140572073
756,151.30086724482987,0.8333333333333334,0.2,0.5,0.5,0.25013117392809964,0.40929091927730465,0.22979560570174185,0.11078230109285345,17.81494140572073
757,151.5010006671114,0.8333333333333334,0.2,0.5,0.5,0.2504023411657298,0.40810025377467907,0.23040566762190054,0.11109173743769017,17.81494140572073
758,151.70113408939292,0.8333333333333334,0.2,0.5,0.5,0.2507002239273501,0.4069045608594229,0.23101557315685203,0.11137964205637464,17.81494140572073
759,151.90126751167443,0.8333333333333334,0.2,0.5,0.5,0.25102442574389544,0.40570509206770844,0.2316247629013318,0.11164571928706396,17.81494140572073
760,152.10140093395597,0.8333333333333334,0.2,0.5,0.5,0.2513745288368749,0.4045030870285974,0.23223267617855664,0.11188970795597078,17.81494140572073
761,152.30153435623748,0.8333333333333334,0.2,0.5,0.5,0.25175009436640766,0.4032997713875186,0.23283875169550997,0.11211138255056347,17.81494140572073
762,152.501667778519,0.8333333333333334,0.2,0.5,0.5,0.25215066286762694,0.4020963554618296,0.23344242820471023,0.1123105534658329,17.81494140572073
763,152.70180120080053,0.8333333333333334,0.2,0.5,0.5,0.25257575455298764,0.40089403363865844,0.2340431452257175,0.11248706658263613,17.81494140572073
764,152.90193462308204,0.8333333333333334,0.2,0.5,0.5,0.25302486977070504,0.3996939824089932,0.23464034374462045,0.112640804075681,17.81494140572073
765,153.10206804536358,0.8333333333333334,0.2,0.5,0.5,0.2534974894518342,0.3984973587869909,0.23523346694729566,0.11277168481387893,17.81494140572073
766,153.3022014676451,0.8333333333333334,0.2,0.5,0.5,0.253993075550966,0.3973052992508617,0.235821960969429,0.11287966422874295,17.81494140572073
767,153.5023348899266,0.8333333333333334,0.2,0.5,0.5,0.2545110717256609,0.39611891913889347,0.23640527537847716,0.11296473375696812,17.81494140572073
768,153.70246831220814,0.8333333333333334,0.2,0.5,0.5,0.25505090370551387,0.3949393111242199,0.2369828641499194,0.1130269210203465,17.81494140572073
769,153.90260173448965,0.8333333333333334,0.2,0.5,0.5,0.2556119798143271,0.39376754413941933,0.237554186477272,0.11306628956898129,17.81494140572073
770,154.1027351567712,0.8333333333333334,0.2,0.5,0.5,0.25619369155972116,0.39260466257730364,0.2381187074846205,0.11308293837835451,17.81494140572073
771,154.3028685790527,0.8333333333333334,0.2,0.5,0.5,0.25679541414316953,0.391451685905437,0.23867589866854505,0.11307700128284817,17.81494140572073
772,154.5030020013342,0.8333333333333334,0.2,0.5,0.5,0.2574165071486497,0.3903096073993346,0.23922523907768467,0.11304864637433074,17.81494140572073
773,154.70313542361575,0.8333333333333334,0.2,0.5,0.5,0.25805631516667155,0.38917939349183245,0.23976621609463372,0.11299807524686206,17.81494140572073
774,154.90326884589726,0.8333333333333334,0.2,0.5,0.5,0.25871416843807427,0.3880619832190813,0.2402983262140591,0.11292552212878515,17.81494140572073
775,155.10340226817877,0.8333333333333334,0.2,0.5,0.5,0.2593893834985977,0.38695828776405783,0.2408210756858263,0.11283125305151794,17.81494140572073
776,155.3035356904603,0.8333333333333334,0.2,0.5,0.5,0.26008126370851503,0.38586919045047685,0.24133398035121995,0.11271556548978792,17.81494140572073
777,155.50366911274182,0.8333333333333334,0.2,0.5,0.5,0.26078910016834045,0.38479554582272735,0.24183656764151615,0.11257878636741585,17.81494140572073
778,155.70380253502336,0.8333333333333334,0.2,0.5,0.5,0.2615121724047967,0.38373817948884387,0.24232837708926733,0.11242127101709189,17.81494140572073
779,155.90393595730487,0.8333333333333334,0.2,0.5,0.5,0.26224974910866494,0.3826978879595859,0.2428089610213509,0.112243401910398,17.81494140572073
780,156.10406937958638,0.8333333333333334,0.2,0.5,0.5,0.26300108881686396,0.38167543835354123,0.2432778849729988,0.11204558785659575,17.81494140572073
781,156.30420280186792,0.8333333333333334,0.2,0.5,0.5,0.2637654404426715,0.38067156786489065,0.24373472740621843,0.11182826428621916,17.81494140572073
782,156.50433622414943,0.8333333333333334,0.2,0.5,0.5,0.2645420444462594,0.3796869844294395,0.24417908192287027,0.11159188920143057,17.81494140572073
783,156.70446964643094,0.8333333333333334,0.2,0.5,0.5,0.2653301335268521,0.3787223665615715,0.2446105574671578,0.11133694244441839,17.81494140572073
784,156.90460306871248,0.8333333333333334,0.2,0.5,0.5,0.2661289334364602,0.3777783634493916,0.24502877893369088,0.11106392418045702,17.81494140572073
785,157.104736490994,0.8333333333333334,0.2,0.5,0.5,0.2669376635835436,0.376855594662873,0.24543338729226383,0.11077335446131929,17.81494140572073
786,157.30486991327552,0.8333333333333334,0.2,0.5,0.5,0.26775553753926135,0.37595464970224257,0.24582403944959208,0.11046577330890374,17.81494140572073
787,157.50500333555703,0.8333333333333334,0.2,0.5,0.5,0.2685817645192416,0.37507608952527455,0.24620041020370803,0.11014173575177555,17.81494140572073
788,157.70513675783855,0.8333333333333334,0.2,0.5,0.5,0.26941554998601425,0.3742204463562234,0.24656219221854628,0.10980181143921582,17.81494140572073
789,157.90527018012008,0.8333333333333334,0.2,0.5,0.5,0.27025609649935756,0.37338822402333666,0.24690909649367912,0.1094465829836264,17.81494140572073
790,158.1054036024016,0.8333333333333334,0.2,0.5,0.5,0.27110260420570365,0.37257989746533277,0.2472408521838516,0.10907664614511171,17.81494140572073
791,158.3055370246831,0.8333333333333334,0.2,0.5,0.5,0.27195427151603563,0.3717959127142829,0.24755720669628992,0.10869260907339129,17.81494140572073
792,158.50567044696464,0.8333333333333334,0.2,0.5,0.5,0.27281029656941014,0.3710366887717063,0.24785792707978027,0.10829508757910306,17.81494140572073
793,158.70580386924615,0.8333333333333334,0.2,0.5,0.5,0.27366987780725227,0.37030261740400505,0.2481427998614491,0.10788470492729337,17.81494140572073
794,158.9059372915277,0.8333333333333334,0.2,0.5,0.5,0.2745322148267548,0.3695940636293221,0.24841163131586413,0.10746209022805883,17.81494140572073
795,159.1060707138092,0.8333333333333334,0.2,0.5,0.5,0.2753965087160936,0.3689113650143165,0.2486642470839814,0.10702787918560835,17.81494140572073
796,159.3062041360907,0.8333333333333334,0.2,0.5,0.5,0.2762619629763143,0.3682548323808821,0.24890049244735077,0.10658271219545272,17.81494140572073
797,159.50633755837225,0.8333333333333334,0.2,0.5,0.5,0.27712778478708155,0.3676247513514247,0.24912023297054317,0.10612723089095037,17.81494140572073
798,159.70647098065376,0.8333333333333334,0.2,0.5,0.5,0.2779931855844502,0.3670213823044362,0.24932335429197416,0.10566207781913924,17.81494140572073
799,159.90660440293527,0.8333333333333334,0.2,0.5,0.5,0.2788573818651853,0.3664449608955758,0.24950976215324203,0.10518789508599664,17.81494140572073
800,160.1067378252168,0.8333333333333334,0.2,0.5,0.5,0.2797195953643572,0.36589569727823273,0.24967938207855034,0.10470532527885952,17.81494140572073
801,160.30687124749832,0.8333333333333334,0.2,0.5,0.5,0.28057905417831513,0.36537377736028237,0.24983215948845092,0.10421500897295144,17.81494140572073
802,160.50700466977986,0.8333333333333334,0.2,0.5,0.5,0.2814349937808044,0.364879363863716,0.24996805972300506,0.10371758263247441,17.81494140572073
803,160.70713809206137,0.8333333333333334,0.2,0.5,0.5,0.2822866575823475,0.3644125964445477,0.250087067799828,0.1032136781732767,17.81494140572073
804,160.90727151434288,0.8333333333333334,0.2,0.5,0.5,0.2831332976453514,0.3639735921726884,0.25018918822979347,0.1027039219521667,17.81494140572073
805,161.10740493662442,0.8333333333333334,0.2,0.5,0.5,0.2839741748703904,0.3635624449151567,0.25027444483669425,0.10218893537775853,17.81494140572073
806,161.30753835890593,0.8333333333333334,0.2,0.5,0.5,0.28480856010333017,0.36317922671035957,0.25034288045990577,0.10166933272640441,17.81494140572073
807,161.50767178118744,0.8333333333333334,0.2,0.5,0.5,0.2856357348774053,0.3628239883945454,0.2503945566473402,0.10114572008070905,17.81494140572073
808,161.70780520346898,0.8333333333333334,0.2,0.5,0.5,0.28645499196281354,0.3624967598479868,0.2504295533242947,0.10061869486490493,17.81494140572073
809,161.9079386257505,0.8333333333333334,0.2,0.5,0.5,0.28726563592294246,0.36219755031256134,0.2504479685211525,0.10008884524334363,17.81494140572073
810,162.10807204803203,0.8333333333333334,0.2,0.5,0.5,0.2880669834456581,0.3619263483248212,0.2504499183141348,0.09955674991538577,17.81494140572073
811,162.30820547031354,0.8333333333333334,0.2,0.5,0.5,0.28885836433168954,0.36168312287575544,0.2504355359390281,0.09902297685352675,17.81494140572073
812,162.50833889259505,0.8333333333333334,0.2,0.5,0.5,0.28963912195685776,0.3614678236358116,0.25040497147314933,0.09848808293418113,17.81494140572073
813,162.7084723148766,0.8333333333333334,0.2,0.5,0.5,0.29040861381471444,0.36128038135318374,0.25035839137030647,0.0979526134617951,17.81494140572073
814,162.9086057371581,0.8333333333333334,0.2,0.5,0.5,0.2911662118686289,0.3611207079318634,0.25029597831656636,0.09741710188294116,17.81494140572073
815,163.1087391594396,0.8333333333333334,0.2,0.5,0.5,0.29191130304476764,0.3609886967922672,0.25021793074882465,0.09688206941414032,17.81494140572073
816,163.30887258172115,0.8333333333333334,0.2,0.5,0.5,0.2926432899388256,0.3608842236469919,0.25012446189458565,0.0963480245195966,17.81494140572073
817,163.50900600400266,0.8333333333333334,0.2,0.5,0.5,0.29336159118124827,0.3608071466815765,0.2500157994119975,0.09581546272517756,17.81494140572073
818,163.7091394262842,0.8333333333333334,0.2,0.5,0.5,0.29406564187654394,0.3607573069009215,0.24989218485024384,0.09528486637229053,17.81494140572073
819,163.9092728485657,0.8333333333333334,0.2,0.5,0.5,0.29475489386504705,0.36073452824010493,0.24975387375954558,0.09475670413530216,17.81494140572073
820,164.10940627084722,0.8333333333333334,0.2,0.5,0.5,0.29542881626728884,0.360738618100733,0.2496011344970365,0.0942314311349414,17.81494140572073
821,164.30953969312876,0.8333333333333334,0.2,0.5,0.5,0.29608689587230436,0.3607693676825553,0.2494342475910273,0.0937094888541127,17.81494140572073
822,164.50967311541027,0.8333333333333334,0.2,0.5,0.5,0.29672863746828576,0.36082655225173577,0.24925350524583412,0.09319130503414398,17.81494140572073
823,164.70980653769178,0.8333333333333334,0.2,0.5,0.5,0.29735356414452446,0.3609099314261564,0.24905921093158315,0.0926772934977356,17.81494140572073
824,164.90993995997331,0.8333333333333334,0.2,0.5,0.5,0.2979612175080051,0.36101924942394936,0.24885167934728084,0.09216785372076441,17.81494140572073
825,165.11007338225482,0.8333333333333334,0.2,0.5,0.5,0.2985511581172871,0.3611542354047771,0.248631234942588,0.09166337153534747,17.81494140572073
826,165.31020680453636,0.8333333333333334,0.2,0.5,0.5,0.29912296570460617,0.36131460372023055,0.24839821157094152,0.09116421900422145,17.81494140572073
827,165.51034022681787,0.8333333333333334,0.2,0.5,0.5,0.2996762394174092,0.361500054172387,0.24815295188871137,0.09067075452149215,17.81494140572073
828,165.71047364909938,0.8333333333333334,0.2,0.5,0.5,0.3002105980531796,0.3617102723162748,0.24789580720675303,0.0901833224237923,17.81494140572073
829,165.91060707138092,0.8333333333333334,0.2,0.5,0.5,0.30072568026411844,0.36194492970167486,0.2476271368278417,0.08970225320636471,17.81494140572073
830,166.11074049366243,0.8333333333333334,0.2,0.5,0.5,0.3012211447341377,0.3622036840679667,0.2473473070034317,0.08922786419446356,17.81494140572073
831,166.31087391594394,0.8333333333333334,0.2,0.5,0.5,0.3016966703473449,0.36248617959896434,0.24705669055095408,0.08876045950273638,17.81494140572073
832,166.51100733822548,0.8333333333333334,0.2,0.5,0.5,0.3021519563305261,0.3627920471635802,0.24675566629759935,0.08830033020829396,17.81494140572073
833,166.711140760507,0.8333333333333334,0.2,0.5,0.5,0.30258672236378437,0.36312090472403774,0.24644461909287516,0.08784775381930236,17.81494140572073
834,166.91127418278853,0.8333333333333334,0.2,0.5,0.5,0.3030007086924683,0.3634723573843482,0.24612393866832982,0.08740299525485329,17.81494140572073
835,167.11140760507004,0.8333333333333334,0.2,0.5,0.5,0.30339367620680896,0.36384599761343217,0.24579401908922333,0.0869663070905351,17.81494140572073
836,167.31154102735155,0.8333333333333334,0.2,0.5,0.5,0.303765406499113,0.36424140548619194,0.24545525828652817,0.08653792972816639,17.81494140572073
837,167.5116744496331,0.8333333333333334,0.2,0.5,0.5,0.3041157019217149,0.36465814897407645,0.245108057662456,0.0861180914417522,17.81494140572073
838,167.7118078719146,0.8333333333333334,0.2,0.5,0.5,0.3044443856471827,0.3650957843278059,0.24475282189061262,0.08570700813439833,17.81494140572073
839,167.9119412941961,0.8333333333333334,0.2,0.5,0.5,0.3047513016057267,0.3655538560201573,0.244389957864369,0.0853048845097465,17.81494140572073
840,168.11207471647765,0.8333333333333334,0.2,0.5,0.5,0.30503631448877144,0.36603189705284717,0.24401987437464853,0.08491191408373237,17.81494140572073
841,168.31220813875916,0.8333333333333334,0.2,0.5,0.5,0.3052993097124191,0.366529429175172,0.24364298162663153,0.08452827948577689,17.81494140572073
842,168.5123415610407,0.8333333333333334,0.2,0.5,0.5,0.30554019341564953,0.3670459633089651,0.2432596910238517,0.08415415225153322,17.81494140572073
843,168.7124749833222,0.8333333333333334,0.2,0.5,0.5,0.30575889237117787,0.36758099971292035,0.2428704146325241,0.0837896932833772,17.81494140572073
844,168.91260840560372,0.8333333333333334,0.2,0.5,0.5,0.30595535385379014,0.3681340280579773,0.24247556454381206,0.08343505354442006,17.81494140572073
845,169.11274182788526,0.8333333333333334,0.2,0.5,0.5,0.3061295455508042,0.3687045277380354,0.2420755525452097,0.08309037416595022,17.81494140572073
846,169.31287525016677,0.8333333333333334,0.2,0.5,0.5,0.30628145543994156,0.3692919681273818,0.24167078972086667,0.08275578671180958,17.81494140572073
847,169.51300867244828,0.8333333333333334,0.2,0.5,0.5,0.30641109171781206,0.3698958090870547,0.2412616862661908,0.08243141292894197,17.81494140572073
848,169.71314209472982,0.8333333333333334,0.2,0.5,0.5,0.3065184825600188,0.3705155009402465,0.2408486508776948,0.08211736562203946,17.81494140572073
849,169.91327551701133,0.8333333333333334,0.2,0.5,0.5,0.30660367594715937,0.37115048475106927,0.24043209040171892,0.08181374890005201,17.81494140572073
850,170.11340893929287,0.8333333333333334,0.2,0.5,0.5,0.30666673947519135,0.3718001926163243,0.24001240950411182,0.0815206584043721,17.81494140572073
851,170.31354236157438,0.8333333333333334,0.2,0.5,0.5,0.30670776017832657,0.37246404802346217,0.23959001036479757,0.08123818143341326,17.81494140572073
852,170.5136757838559,0.8333333333333334,0.2,0.5,0.5,0.3067268443621741,0.3731414662807645,0.23916529241407836,0.08096639694298256,17.81494140572073
853,170.71380920613743,0.8333333333333334,0.2,0.5,0.5,0.3067241172433189,0.37383185452593887,0.23873865190134522,0.08070537632939666,17.81494140572073
854,170.91394262841894,0.8333333333333334,0.2,0.5,0.5,0.3066997227280561,0.3745346121192562,0.23831048163792032,0.08045518351476692,17.81494140572073
855,171.11407605070045,0.8333333333333334,0.2,0.5,0.5,0.3066538231352641,0.37524913094803525,0.23788117071268458,0.08021587520401555,17.81494140572073
856,171.314209472982,0.8333333333333334,0.2,0.5,0.5,0.30658659899733576,0.3759747959124476,0.23745110423625312,0.079987500853963,17.81494140572073
857,171.5143428952635,0.8333333333333334,0.2,0.5,0.5,0.3064982487136259,0.3767109851747449,0.23702066307498953,0.07977010303663909,17.81494140572073
858,171.71447631754504,0.8333333333333334,0.2,0.5,0.5,0.3063889881763613,0.3774570703947728,0.23659022359637438,0.07956371783249089,17.81494140572073
859,171.91460973982655,0.8333333333333334,0.2,0.5,0.5,0.30625905046607393,0.37821241713211107,0.23616015744313942,0.07936837495867487,17.81494140572073
860,172.11474316210806,0.8333333333333334,0.2,0.5,0.5,0.30610868551693243,0.3789763852172172,0.2357308313081369,0.07918409795771272,17.81494140572073
861,172.3148765843896,0.8333333333333334,0.2,0.5,0.5,0.3059381598824624,0.37974832926939195,0.2353026066809105,0.07901090416723441,17.81494140572073
862,172.5150100066711,0.8333333333333334,0.2,0.5,0.5,0.30574775622077704,0.3805275989055941,0.2348758397018776,0.07884880517175055,17.81494140572073
863,172.71514342895262,0.8333333333333334,0.2,0.5,0.5,0.30553777292752965,0.3813135391527454,0.2344508809713219,0.07869780694840238,17.81494140572073
864,172.91527685123415,0.8333333333333334,0.2,0.5,0.5,0.305308523748273,0.3821054908620219,0.23402807537325823,0.07855791001644623,17.81494140572073
865,173.11541027351566,0.8333333333333334,0.2,0.5,0.5,0.3050603374411102,0.38290279116233794,0.23360776186800966,0.07842910952854149,17.81494140572073
866,173.3155436957972,0.8333333333333334,0.2,0.5,0.5,0.30479355743943265,0.3837047739316698,0.23319027328837655,0.07831139534052031,17.81494140572073
867,173.5156771180787,0.8333333333333334,0.2,0.5,0.5,0.30450854122690924,0.3845107701126077,0.23277593631696564,0.0782047523435167,17.81494140572073
868,173.71581054036022,0.8333333333333334,0.2,0.5,0.5,0.30420565996770466,0.3853201081996378,0.23236507130971262,0.07810916052294424,17.81494140572073
869,173.91594396264176,0.8333333333333334,0.2,0.5,0.5,0.3038852980493171,0.38613211469150455,0.23195799217695687,0.07802459508222083,17.81494140572073
870,174.11607738492327,0.8333333333333334,0.2,0.5,0.5,0.30354785273190354,0.3869461145798344,0.23155500619604677,0.07795102649221455,17.81494140572073
871,174.31621080720478,0.8333333333333334,0.2,0.5,0.5,0.3031937338127111,0.3877614318539575,0.2311564138167698,0.07788842051656084,17.81494140572073
872,174.51634422948632,0.8333333333333334,0.2,0.5,0.5,0.3028233628497808,0.38857738991770396,0.23076250876477775,0.07783673846773669,17.81494140572073
873,174.71647765176783,0.8333333333333334,0.2,0.5,0.5,0.30243717279162563,0.38939331211176564,0.23037357787616042,0.07779593722044746,17.81494140572073
874,174.91661107404937,0.8333333333333334,0.2,0.5,0.5,0.302035607481754,0.39020852222018765,0.22998990101874447,0.07776596927931295,17.81494140572073
875,175.11674449633088,0.8333333333333334,0.2,0.5,0.5,0.3016191212740715,0.39102234495985466,0.2296117509384963,0.07774678282757673,17.81494140572073
876,175.3168779186124,0.8333333333333334,0.2,0.5,0.5,0.3011881786724743,0.3918341064727361,0.22923939309165,0.07773832176313875,17.81494140572073
877,175.51701134089393,0.8333333333333334,0.2,0.5,0.5,0.3007432535069895,0.3926431349230014,0.22887308580300858,0.07774052576699966,17.81494140572073
878,175.71714476317544,0.8333333333333334,0.2,0.5,0.5,0.30028482853893057,0.3934487610121219,0.22851308012734797,0.07775333032159867,17.81494140572073
879,175.91727818545695,0.8333333333333334,0.2,0.5,0.5,0.29981339493848175,0.39425031852851067,0.22815961980249955,0.07777666673050722,17.81494140572073
880,176.1174116077385,0.8333333333333334,0.2,0.5,0.5,0.2993294518902446,0.39504714483665027,0.22781294112695813,0.07781046214614616,17.81494140572073
881,176.31754503002,0.8333333333333334,0.2,0.5,0.5,0.2988335062364449,0.3958385813524381,0.2274732728175289,0.07785463959358735,17.81494140572073
882,176.51767845230154,0.8333333333333334,0.2,0.5,0.5,0.298326071590401,0.3966239742907606,0.22714083619787404,0.07790911792096368,17.81494140572073
883,176.71781187458305,0.8333333333333334,0.2,0.5,0.5,0.2978076679440087,0.3974026751692463,0.22681584508490168,0.07797381180184261,17.81494140572073
884,176.91794529686456,0.8333333333333334,0.2,0.5,0.5,0.2972788211344592,0.39817404138817813,0.22649850576552555,0.07804863171183644,17.81494140572073
885,177.1180787191461,0.8333333333333334,0.2,0.5,0.5,0.29674006244255785,0.3989374367086319,0.22618901690341248,0.0781334839453972,17.81494140572073
886,177.3182121414276,0.8333333333333334,0.2,0.5,0.5,0.2961919282390435,0.39969223169618706,0.22588756942242655,0.07822827064234229,17.81494140572073
887,177.51834556370912,0.8333333333333334,0.2,0.5,0.5,0.29563495908252246,0.40043780460051487,0.22559434670199138,0.07833288961497073,17.81494140572073
888,177.71847898599066,0.8333333333333334,0.2,0.5,0.5,0.29506969933045546,0.40117354183380005,0.22530952448774913,0.07844723434799476,17.81494140572073
889,177.91861240827217,0.8333333333333334,0.2,0.5,0.5,0.2944966966088203,0.4018988385640349,0.22503327088533454,0.07857119394180963,17.81494140572073
890,178.1187458305537,0.8333333333333334,0.2,0.5,0.5,0.29391650141783304,0.4026130991685029,0.22476574629188464,0.07870465312177888,17.81494140572073
891,178.31887925283522,0.8333333333333334,0.2,0.5,0.5,0.29332966679655,0.4033157376287917,0.22450710330266407,0.07884749227199371,17.81494140572073
892,178.51901267511673,0.8333333333333334,0.2,0.5,0.5,0.29273674741857486,0.40400617851796883,0.22425748690005995,0.07899958716339577,17.81494140572073
893,178.71914609739827,0.8333333333333334,0.2,0.5,0.5,0.29213829922155926,0.4046838574370829,0.22401703438525203,0.07916080895610522,17.81494140572073
894,178.91927951967978,0.8333333333333334,0.2,0.5,0.5,0.2915348788945595,0.4053482216015376,0.22378587538338587,0.07933102412051643,17.81494140572073
895,179.1194129419613,0.8333333333333334,0.2,0.5,0.5,0.2909270434771243,0.40599873025877464,0.22356413177639142,0.0795100944877091,17.81494140572073
896,179.31954636424283,0.8333333333333334,0.2,0.5,0.5,0.29031535010749676,0.4066348550096251,0.2233519177541927,0.07969787712868487,17.81494140572073
897,179.51967978652434,0.8333333333333334,0.2,0.5,0.5,0.2897003550326969,0.4072560808852856,0.223149339755781,0.07989422432623587,17.81494140572073
898,179.71981320880587,0.8333333333333334,0.2,0.5,0.5,0.28908261337429103,0.40786190670902117,0.22295649662262718,0.08009898329406004,17.81494140572073
899,179.91994663108738,0.8333333333333334,0.2,0.5,0.5,0.28846267859665503,0.40845184566037357,0.22277347953348797,0.08031199620948279,17.81494140572073
900,180.1200800533689,0.8333333333333334,0.2,0.5,0.5,0.2878411021980703,0.40902542553731475,0.2226003719743846,0.08053310029022975,17.81494140572073
901,180.32021347565043,0.8333333333333334,0.2,0.5,0.5,0.2872184334280066,0.40958218897333354,0.22243724970043546,0.0807621278982237,17.81494140572073
902,180.52034689793194,0.8333333333333334,0.2,0.5,0.5,0.2865952182957583,0.4101216948740384,0.2222841809181352,0.08099890591206747,17.81494140572073
903,180.72048032021348,0.8333333333333334,0.2,0.5,0.5,0.2859719993080038,0.41064351859934906,0.22214122624087926,0.0812432558517672,17.81494140572073
904,180.920613742495,0.8333333333333334,0.2,0.5,0.5,0.2853493150029665,0.41114725249572154,0.22200843870776268,0.08149499379354863,17.81494140572073
905,181.1207471647765,0.8333333333333334,0.2,0.5,0.5,0.28472769947634113,0.41163250644252125,0.22188586380505135,0.0817539302760856,17.81494140572073
906,181.32088058705804,0.8333333333333334,0.2,0.5,0.5,0.2841076827837412,0.41209890686593914,0.22177353935495794,0.08201987099536107,17.81494140572073
907,181.52101400933955,0.8333333333333334,0.2,0.5,0.5,0.28348979020304804,0.41254609774618983,0.2216714955770162,0.08229261647374532,17.81494140572073
908,181.72114743162106,0.8333333333333334,0.2,0.5,0.5,0.28287454090795616,0.4129737426541408,0.22157975523859375,0.08257196119930875,17.81494140572073
909,181.9212808539026,0.8333333333333334,0.2,0.5,0.5,0.2822624480279571,0.4133815243639716,0.22149833359551305,0.08285769401255777,17.81494140572073
910,182.1214142761841,0.8333333333333334,0.2,0.5,0.5,0.28165401820147085,0.4137691453519851,0.22142723840940454,0.08314959803713902,17.81494140572073
911,182.32154769846565,0.8333333333333334,0.2,0.5,0.5,0.2810497512062442,0.41413632815379814,0.22136646997387968,0.08344745066607745,17.81494140572073
912,182.52168112074716,0.8333333333333334,0.2,0.5,0.5,0.28045014128413004,0.4144828126159653,0.22131602133411593,0.08375102476578819,17.81494140572073
913,182.72181454302867,0.8333333333333334,0.2,0.5,0.5,0.27985567503338155,0.41480835943887634,0.2212758781146268,0.08406008741311483,17.81494140572073
914,182.9219479653102,0.8333333333333334,0.2,0.5,0.5,0.2792668307242648,0.41511275111090706,0.22124601850950223,0.08437439965532537,17.81494140572073
915,183.12208138759172,0.8333333333333334,0.2,0.5,0.5,0.2786840783767332,0.4153957914458153,0.221226413359638,0.08469371681781297,17.81494140572073
916,183.32221480987323,0.8333333333333334,0.2,0.5,0.5,0.27810787935708164,0.4156573060017799,0.22121702617505654,0.08501778846608138,17.81494140572073
917,183.52234823215477,0.8333333333333334,0.2,0.5,0.5,0.2775386863169701,0.4158971417738975,0.22121781321903755,0.08534635869009434,17.81494140572073
918,183.72248165443628,0.8333333333333334,0.2,0.5,0.5,0.27697694486492985,0.4161151632101702,0.22122872390501996,0.08567916801987949,17.81494140572073
919,183.92261507671782,0.8333333333333334,0.2,0.5,0.5,0.2764230903407263,0.41631125861974155,0.22124970030940402,0.08601595073012769,17.81494140572073
920,184.12274849899933,0.8333333333333334,0.2,0.5,0.5,0.2758775480622396,0.4164853392120886,0.22128067731126022,0.08635643541441122,17.81494140572073
921,184.32288192128084,0.8333333333333334,0.2,0.5,0.5,0.27534073325789654,0.41663733880350545,0.22132158267526983,0.08670034526332782,17.81494140572073
922,184.52301534356238,0.8333333333333334,0.2,0.5,0.5,0.27481305071543444,0.416767214125562,0.22137233708345333,0.08704739807554981,17.81494140572073
923,184.7231487658439,0.8333333333333334,0.2,0.5,0.5,0.2742948952893099,0.41687494307237805,0.22143285431216755,0.08739730732614417,17.81494140572073
924,184.9232821881254,0.8333333333333334,0.2,0.5,0.5,0.2737866531233629,0.4169605212309194,0.22150304153011205,0.0877497841156053,17.81494140572073
925,185.12341561040694,0.8333333333333334,0.2,0.5,0.5,0.2732886981033123,0.4170239698621243,0.22158279878930237,0.08810453324526064,17.81494140572073
926,185.32354903268845,0.8333333333333334,0.2,0.5,0.5,0.27280139277414917,0.41706533316400546,0.22167201927142985,0.08846125479041513,17.81494140572073
927,185.52368245497,0.8333333333333334,0.2,0.5,0.5,0.27232508814271356,0.41708467821087786,0.2217705893456127,0.08881964430079548,17.81494140572073
928,185.7238158772515,0.8333333333333334,0.2,0.5,0.5,0.27186012338433874,0.4170820951228755,0.2218783886099171,0.08917939288286823,17.81494140572073
929,185.923949299533,0.8333333333333334,0.2,0.5,0.5,0.27140682709007413,0.417057692921654,0.22199529031684492,0.08954018967142645,17.81494140572073
930,186.12408272181455,0.8333333333333334,0.2,0.5,0.5,0.2709655170386728,0.41701159951693745,0.22212116143114066,0.08990172201324861,17.81494140572073
931,186.32421614409606,0.8333333333333334,0.2,0.5,0.5,0.2705364976804041,0.4169439681002363,0.22225586211730444,0.09026367210205463,17.81494140572073
932,186.52434956637757,0.8333333333333334,0.2,0.5,0.5,0.27012006106372516,0.4168549738981354,0.22239924608518713,0.09062571895295182,17.81494140572073
933,186.7244829886591,0.8333333333333334,0.2,0.5,0.5,0.26971648660092007,0.41674481417661496,0.22255116064621502,0.09098753857624946,17.81494140572073
934,186.92461641094062,0.8333333333333334,0.2,0.5,0.5,0.2693260408850773,0.4166137080892955,0.22271144678622629,0.09134880423940038,17.81494140572073
935,187.12474983322215,0.8333333333333334,0.2,0.5,0.5,0.26894897965591397,0.4164618900119166,0.2228799399276897,0.09170919040447924,17.81494140572073
936,187.32488325550366,0.8333333333333334,0.2,0.5,0.5,0.268585545825739,0.41628961481965226,0.2230564694279571,0.09206836992665123,17.81494140572073
937,187.52501667778517,0.8333333333333334,0.2,0.5,0.5,0.2682359685431392,0.4160971600187919,0.22324085841043328,0.09242601302763528,17.81494140572073
938,187.7251501000667,0.8333333333333334,0.2,0.5,0.5,0.2679004637528201,0.4158848233431546,0.2234329240757343,0.09278178882829065,17.81494140572073
939,187.92528352234822,0.8333333333333334,0.2,0.5,0.5,0.2675792340158771,0.41565292259234926,0.22363247777558046,0.09313536561619296,17.81494140572073
940,188.12541694462973,0.8333333333333334,0.2,0.5,0.5,0.26727246859632003,0.4154017946533531,0.22383932519421249,0.09348641155611409,17.81494140572073
941,188.32555036691127,0.8333333333333334,0.2,0.5,0.5,0.2669803455840361,0.4151317882757363,0.22405326735219314,0.09383459878803416,17.81494140572073
942,188.52568378919278,0.8333333333333334,0.2,0.5,0.5,0.2667030288803152,0.4148432726049235,0.22427409953552982,0.09417959897923123,17.81494140572073
943,188.72581721147432,0.8333333333333334,0.2,0.5,0.5,0.26644066845758485,0.4145366356724867,0.22450161154703924,0.09452108432288897,17.81494140572073
944,188.92595063375583,0.8333333333333334,0.2,0.5,0.5,0.2661934006243868,0.41421228287036205,0.22473558795982818,0.09485872854542272,17.81494140572073
945,189.12608405603734,0.8333333333333334,0.2,0.5,0.5,0.2659613479014679,0.41387063661789275,0.22497580821372906,0.09519220726691005,17.81494140572073
946,189.32621747831888,0.8333333333333334,0.2,0.5,0.5,0.2657446195465459,0.4135121341664483,0.22522204704376908,0.09552119924323663,17.81494140572073
947,189.5263509006004,0.8333333333333334,0.2,0.5,0.5,0.2655433131889782,0.41313722221737786,0.22547407547675943,0.09584538911688427,17.81494140572073
948,189.7264843228819,0.8333333333333334,0.2,0.5,0.5,0.26535751162896504,0.41274636542317156,0.22573165935278036,0.09616446359508285,17.81494140572073
949,189.92661774516344,0.8333333333333334,0.2,0.5,0.5,0.2651872838026764,0.41234004292774695,0.22599455997905588,0.09647811329052058,17.81494140572073
950,190.12675116744495,0.8333333333333334,0.2,0.5,0.5,0.26503268485361314,0.41191874747285034,0.22626253432634058,0.09678603334719577,17.81494140572073
951,190.3268845897265,0.8333333333333334,0.2,0.5,0.5,0.26489375606304333,0.4114829849090659,0.2265353351531731,0.09708792387471749,17.81494140572073
952,190.527018012008,0.8333333333333334,0.2,0.5,0.5,0.26477052602235246,0.41103327080396607,0.22681271186215465,0.09738349131152652,17.81494140572073
953,190.7271514342895,0.8333333333333334,0.2,0.5,0.5,0.26466301113691154,0.4105701286127763,0.22709441096220276,0.09767244928810902,17.81494140572073
954,190.92728485657105,0.8333333333333334,0.2,0.5,0.5,0.2645712130663744,0.41009409500986166,0.22738017472503078,0.0979545171987328,17.81494140572073
955,191.12741827885256,0.8333333333333334,0.2,0.5,0.5,0.26449511988704477,0.40960571652021033,0.22766974203554283,0.09822942155720167,17.81494140572073
956,191.32755170113407,0.8333333333333334,0.2,0.5,0.5,0.26443470609160696,0.4091055488684754,0.22796284855693114,0.09849689648298611,17.81494140572073
957,191.5276851234156,0.8333333333333334,0.2,0.5,0.5,0.26438993259455995,0.4085941563308457,0.22825922689994346,0.0987566841746503,17.81494140572073
958,191.72781854569712,0.8333333333333334,0.2,0.5,0.5,0.2643607487089231,0.4080721080162942,0.2285586080309488,0.09900853524383331,17.81494140572073
959,191.92795196797866,0.8333333333333334,0.2,0.5,0.5,0.26434709091388775,0.40753997914652534,0.22886072066335036,0.09925220927623597,17.81494140572073
960,192.12808539026017,0.8333333333333334,0.2,0.5,0.5,0.2643488817450768,0.4069983521449415,0.22916529072604697,0.09948747538393417,17.81494140572073
961,192.32821881254168,0.8333333333333334,0.2,0.5,0.5,0.26436603067095094,0.4064478146318113,0.22947204208004274,0.0997141126171945,17.81494140572073
962,192.52835223482322,0.8333333333333334,0.2,0.5,0.5,0.2643984341325429,0.4058889587227124,0.2297806967092692,0.09993191043547493,17.81494140572073
963,192.72848565710473,0.8333333333333334,0.2,0.5,0.5,0.2644459757667669,0.40532238020542977,0.23009097502454012,0.10014066900326268,17.81494140572073
964,192.92861907938624,0.8333333333333334,0.2,0.5,0.5,0.2645085287801148,0.4047486762930802,0.23040259749273334,0.1003401974340711,17.81494140572073
965,193.12875250166778,0.8333333333333334,0.2,0.5,0.5,0.264585953405471,0.4041684466327079,0.23071528323582785,0.10053031672599279,17.81494140572073
966,193.3288859239493,0.8333333333333334,0.2,0.5,0.5,0.26467809708340007,0.4035822925100043,0.2310287503089619,0.10071086009763322,17.81494140572073
967,193.52901934623083,0.8333333333333334,0.2,0.5,0.5,0.26478479504249,0.40299081578981344,0.23134271622441835,0.10088167294327774,17.81494140572073
968,193.72915276851234,0.8333333333333334,0.2,0.5,0.5,0.2649058703951181,0.40239461817747624,0.23165689817697796,0.1010426132504272,17.81494140572073
969,193.92928619079385,0.8333333333333334,0.2,0.5,0.5,0.2650411347662468,0.4017943006007414,0.23197101355520833,0.10119355107780292,17.81494140572073
970,194.12941961307538,0.8333333333333334,0.2,0.5,0.5,0.2651903904532468,0.4011904629379869,0.23228478127404803,0.10133436533471776,17.81494140572073
971,194.3295530353569,0.8333333333333334,0.2,0.5,0.5,0.26535342731318684,0.40058370255382475,0.23259792027902337,0.10146494985396448,17.81494140572073
972,194.5296864576384,0.8333333333333334,0.2,0.5,0.5,0.26553002384044117,0.3999746137825313,0.23291015029829523,0.10158521207873178,17.81494140572073
973,194.72981987991994,0.8333333333333334,0.2,0.5,0.5,0.2657199475304125,0.3993637872500004,0.23322119221175366,0.1016950730078329,17.81494140572073
974,194.92995330220145,0.8333333333333334,0.2,0.5,0.5,0.2659229550320969,0.39875180914793523,0.2335307683068399,0.10179446751312737,17.81494140572073
975,195.130086724483,0.8333333333333334,0.2,0.5,0.5,0.2661387933734983,0.3981392616181358,0.2338386029530675,0.10188334205529789,17.81494140572073
976,195.3302201467645,0.8333333333333334,0.2,0.5,0.5,0.2663672011591356,0.3975267231079116,0.23414442326565166,0.10196165246730063,17.81494140572073
977,195.530353569046,0.8333333333333334,0.2,0.5,0.5,0.2666079058617105,0.39691476468404896,0.23444795824481549,0.10202937120942455,17.81494140572073
978,195.73048699132755,0.8333333333333334,0.2,0.5,0.5,0.2668606252633288,0.39630395064039864,0.23474893953453338,0.10208648456173873,17.81494140572073
979,195.93062041360906,0.8333333333333334,0.2,0.5,0.5,0.2671250677056576,0.39569483787304816,0.23504710171644022,0.10213299270485364,17.81494140572073
980,196.13075383589057,0.8333333333333334,0.2,0.5,0.5,0.267400932301359,0.3950879752174865,0.23534218258812664,0.10216890989302745,17.81494140572073
981,196.3308872581721,0.8333333333333334,0.2,0.5,0.5,0.26768791053667396,0.39448390524690885,0.23563392373580197,0.10219426048061481,17.81494140572073
982,196.53102068045362,0.8333333333333334,0.2,0.5,0.5,0.26798568619582874,0.39388316310159144,0.2359220707518539,0.10220907995072546,17.81494140572073
983,196.73115410273516,0.8333333333333334,0.2,0.5,0.5,0.26829393438638943,0.39328627372771785,0.23620637326216923,0.10221341862372302,17.81494140572073
984,196.93128752501667,0.8333333333333334,0.2,0.5,0.5,0.26861232250055905,0.3926937525411589,0.2364865853631002,0.10220733959518138,17.81494140572073
985,197.13142094729818,0.8333333333333334,0.2,0.5,0.5,0.2689405105387643,0.39210610500473175,0.23676246587794328,0.10219091857856015,17.81494140572073
986,197.33155436957972,0.8333333333333334,0.2,0.5,0.5,0.26927815197801935,0.39152382773439226,0.23703377811111204,0.10216424217647584,17.81494140572073
987,197.53168779186123,0.8333333333333334,0.2,0.5,0.5,0.2696248935209576,0.3909474064639948,0.2373002906343766,0.10212740938067051,17.81494140572073
988,197.73182121414274,0.8333333333333334,0.2,0.5,0.5,0.26998037537657876,0.3903773155023214,0.23756177758284253,0.10208053153825672,17.81494140572073
989,197.93195463642428,0.8333333333333334,0.2,0.5,0.5,0.2703442316813034,0.38981401758388917,0.23781801882155992,0.1020237319132469,17.81494140572073
990,198.1320880587058,0.8333333333333334,0.2,0.5,0.5,0.2707160909973117,0.3892579640800972,0.23806880017049692,0.10195714475209354,17.81494140572073
991,198.33222148098733,0.8333333333333334,0.2,0.5,0.5,0.2710955772780462,0.38870959687242246,0.2383139135159189,0.10188091233361182,17.81494140572073
992,198.53235490326884,0.8333333333333334,0.2,0.5,0.5,0.2714823092441501,0.3881693445703443,0.23855315730828314,0.10179518887722186,17.81494140572073
993,198.73248832555035,0.8333333333333334,0.2,0.5,0.5,0.27187590099444225,0.38763762312321753,0.23878633675982444,0.1017001391225152,17.81494140572073
994,198.9326217478319,0.8333333333333334,0.2,0.5,0.5,0.2722759623945499,0.38711483564111243,0.23901326409620482,0.1015959378681323,17.81494140572073
995,199.1327551701134,0.8333333333333334,0.2,0.5,0.5,0.27268209973029245,0.3866013734305801,0.23923375832758015,0.10148276851154682,17.81494140572073
996,199.3328885923949,0.8333333333333334,0.2,0.5,0.5,0.2730939161972369,0.3860976163054773,0.23944764527610454,0.10136082222118081,17.81494140572073
997,199.53302201467645,0.8333333333333334,0.2,0.5,0.5,0.2735110117052371,0.3856039298666032,0.23965475867567415,0.10123029975248504,17.81494140572073
998,199.73315543695796,0.8333333333333334,0.2,0.5,0.5,0.2739329834860986,0.3851206663351596,0.23985494001455662,0.10109141016418464,17.81494140572073
999,199.9332888592395,0.8333333333333334,0.2,0.5,0.5,0.27435942646995465,0.384648164358782,0.2400480387319009,0.10094437043936189,17.81494140572073
1000,200.133422281521,0.8333333333333334,0.2,0.5,0.5,0.27478993414630687,0.38418675081865883,0.2402339113612909,0.10078940367374284,17.81494140572073
1001,200.33355570380252,0.8333333333333334,0.2,0.5,0.5,0.2752240985947351,0.38373673920747436,0.24041242247638592,0.10062673972140403,17.81494140572073
1002,200.53368912608406,0.8333333333333334,0.2,0.5,0.5,0.2756615107002695,0.3832984287699899,0.24058344523578296,0.10045661529395711,17.81494140572073
1003,200.73382254836557,0.8333333333333334,0.2,0.5,0.5,0.276101760681015,0.3828721049331911,0.24074686125019082,0.10027927313560248,17.81494140572073
1004,200.93395597064708,0.8333333333333334,0.2,0.5,0.5,0.27654443846852816,0.38245803945216456,0.24090256058565915,0.10009496149364747,17.81494140572073
1005,201.13408939292862,0.8333333333333334,0.2,0.5,0.5,0.2769891340735135,0.38205649225086796,0.2410504408038293,0.09990393287178857,17.81494140572073
1006,201.33422281521013,0.8333333333333334,0.2,0.5,0.5,0.27743543798928155,0.38166770890303736,0.24119040847930295,0.09970644462837745,17.81494140572073
1007,201.53435623749166,0.8333333333333334,0.2,0.5,0.5,0.2778829415703937,0.38129192097810516,0.2413223790892143,0.09950275836228609,17.81494140572073
1008,201.73448965977317,0.8333333333333334,0.2,0.5,0.5,0.278331237412933,0.38092934619918695,0.2414462770095784,0.09929313937830091,17.81494140572073
1009,201.93462308205469,0.8333333333333334,0.2,0.5,0.5,0.27877991970380384,0.3805801891276386,0.2415620349931053,0.09907785617545148,17.81494140572073
1010,202.13475650433622,0.8333333333333334,0.2,0.5,0.5,0.2792285845584267,0.380244642116938,0.24166959341698488,0.09885717990764958,17.81494140572073
1011,202.33488992661773,0.8333333333333334,0.2,0.5,0.5,0.2796768305002502,0.37992288297528964,0.24176890234174672,0.09863138418271264,17.81494140572073
1012,202.53502334889924,0.8333333333333334,0.2,0.5,0.5,0.28012425880170577,0.37961507584385357,0.2418599208236593,0.09840074453078052,17.81494140572073
1013,202.73515677118078,0.8333333333333334,0.2,0.5,0.5,0.28057047386222705,0.37932137121477544,0.24194261696182479,0.09816553796117189,17.81494140572073
1014,202.9352901934623,0.8333333333333334,0.2,0.5,0.5,0.28101508350123827,0.3790419063282013,0.24201696754552465,0.09792604262503501,17.81494140572073
1015,203.13542361574383,0.8333333333333334,0.2,0.5,0.5,0.28145769892481914,0.3787768071550499,0.24208295606154995,0.09768253785858022,17.81494140572073
1016,203.33555703802534,0.8333333333333334,0.2,0.5,0.5,0.28189793567495575,0.37852618560494533,0.242140575639748,0.09743530308035009,17.81494140572073
1017,203.53569046030685,0.8333333333333334,0.2,0.5,0.5,0.28233541385403277,0.37829014025608876,0.24218982835612207,0.09718461753375553,17.81494140572073
1018,203.7358238825884,0.8333333333333334,0.2,0.5,0.5,0.2827697584463524,0.37806875661363004,0.24223072502356474,0.096930759916452,17.81494140572073
1019,203.9359573048699,0.8333333333333334,0.2,0.5,0.5,0.2832005996313173,0.3778621072430668,0.2422632850846252,0.09667400804098983,17.81494140572073
1020,204.1360907271514,0.8333333333333334,0.2,0.5,0.5,0.2836275722893503,0.37767025329724535,0.2422875346470343,0.0964146397663691,17.81494140572073
1021,204.33622414943295,0.8333333333333334,0.2,0.5,0.5,0.2840503171966476,0.3774932431278816,0.2423035084046671,0.09615293127080274,17.81494140572073
1022,204.53635757171446,0.8333333333333334,0.2,0.5,0.5,0.284468481418654,0.3773311122803498,0.24231124971503534,0.09588915658595991,17.81494140572073
1023,204.736490993996,0.8333333333333334,0.2,0.5,0.5,0.28488171845946425,0.3771838839098236,0.24231081011524652,0.0956235875154647,17.81494140572073
1024,204.9366244162775,0.8333333333333334,0.2,0.5,0.5,0.28528968859646064,0.3770515688742742,0.24230224926709218,0.09535649326217198,17.81494140572073
1025,205.13675783855902,0.8333333333333334,0.2,0.5,0.5,0.2856920583015718,0.3769341667212183,0.24228563340210096,0.095088141575108,17.81494140572073
1026,205.33689126084056,0.8333333333333334,0.2,0.5,0.5,0.2860885009571721,0.3768316654076481,0.24226103589276993,0.09481879774240903,17.81494140572073
1027,205.53702468312207,0.8333333333333334,0.2,0.5,0.5,0.2864786978501791,0.3767440407477436,0.2422285382806761,0.09454872312140045,17.81494140572073
1028,205.7371581054036,0.8333333333333334,0.2,0.5,0.5,0.28686233805400196,0.3766712569488313,0.2421882294781164,0.09427817551904957,17.81494140572073
1029,205.93729152768512,0.8333333333333334,0.2,0.5,0.5,0.28723911873267133,0.37661326673423473,0.2421402056630936,0.09400740886999964,17.81494140572073
1030,206.13742494996663,0.8333333333333334,0.2,0.5,0.5,0.287608744786805,0.37657001182441835,0.24208456942553075,0.09373667396324524,17.81494140572073
1031,206.33755837224817,0.8333333333333334,0.2,0.5,0.5,0.28797092858926804,0.3765414233693036,0.24202142901552917,0.09346621902589852,17.81494140572073
1032,206.53769179452968,0.8333333333333334,0.2,0.5,0.5,0.28832539183806377,0.3765274212279996,0.2419509000003239,0.09319628693361207,17.81494140572073
1033,206.7378252168112,0.8333333333333334,0.2,0.5,0.5,0.28867186514692134,0.3765279144800941,0.24187310434749676,0.09292711602548709,17.81494140572073
1034,206.93795863909273,0.8333333333333334,0.2,0.5,0.5,0.2890100882906451,0.3765428015805032,0.24178817025308944,0.09265893987576153,17.81494140572073
1035,207.13809206137424,0.8333333333333334,0.2,0.5,0.5,0.28933981009316534,0.37657197063330033,0.2416962317071085,0.09239198756642512,17.81494140572073
1036,207.33822548365578,0.8333333333333334,0.2,0.5,0.5,0.28966078735014017,0.37661529999615667,0.24159742733207193,0.09212648532163054,17.81494140572073
1037,207.5383589059373,0.8333333333333334,0.2,0.5,0.5,0.28997278710510926,0.376672657736381,0.2414919017466949,0.09186265341181413,17.81494140572073
1038,207.7384923282188,0.8333333333333334,0.2,0.5,0.5,0.2902755862725649,0.3767439019954895,0.24137980493187117,0.0916007068000737,17.81494140572073
1039,207.93862575050034,0.8333333333333334,0.2,0.5,0.5,0.29056897173374385,0.37682888119189534,0.24126129195260249,0.09134085512175762,17.81494140572073
1040,208.13875917278185,0.8333333333333334,0.2,0.5,0.5,0.29085274040639963,0.37692743421623576,0.24113652270120284,0.09108330267616106,17.81494140572073
1041,208.33889259506336,0.8333333333333334,0.2,0.5,0.5,0.2911266977953429,0.37703939097535827,0.24100566092750672,0.09082825030179138,17.81494140572073
1042,208.5390260173449,0.8333333333333334,0.2,0.5,0.5,0.2913906599794666,0.37716457214764476,0.24086887488186667,0.09057589299102119,17.81494140572073
1043,208.7391594396264,0.8333333333333334,0.2,0.5,0.5,0.2916444536922536,0.37730278937587525,0.24072633706339616,0.09032641986847421,17.81494140572073
1044,208.93929286190794,0.8333333333333334,0.2,0.5,0.5,0.2918879161756417,0.37745384551210515,0.24057822386184552,0.0900800144504069,17.81494140572073
1045,209.13942628418945,0.8333333333333334,0.2,0.5,0.5,0.2921208953221476,0.37761753479558113,0.24042471533955373,0.08983685454271677,17.81494140572073
1046,209.33955970647096,0.8333333333333334,0.2,0.5,0.5,0.2923432483210823,0.3777936433140972,0.24026599466686102,0.08959711369795864,17.81494140572073
1047,209.5396931287525,0.8333333333333334,0.2,0.5,0.5,0.292554842709194,0.3779819490097675,0.24010224811452557,0.08936096016651218,17.81494140572073
1048,209.739826551034,0.8333333333333334,0.2,0.5,0.5,0.2927555572729992,0.37818222171290067,0.23993366501178248,0.08912855600231694,17.81494140572073
1049,209.93995997331552,0.8333333333333334,0.2,0.5,0.5,0.292945281584392,0.37839422343483675,0.23976043738779124,0.08890005759297931,17.81494140572073
1050,210.14009339559706,0.8333333333333334,0.2,0.5,0.5,0.29312391610945426,0.37861770855217514,0.2395827597458699,0.08867561559250002,17.81494140572073
1051,210.34022681787857,0.8333333333333334,0.2,0.5,0.5,0.293291371341126,0.37885242417495785,0.23940082880784944,0.08845537567606608,17.81494140572073
1052,210.5403602401601,0.8333333333333334,0.2,0.5,0.5,0.2934475674637708,0.37909811041461683,0.2392148432747095,0.08823947884690221,17.81494140572073
1053,210.74049366244162,0.8333333333333334,0.2,0.5,0.5,0.29359243626178816,0.37935450022902617,0.23902500365590412,0.08802805985328092,17.81494140572073
1054,210.94062708472313,0.8333333333333334,0.2,0.5,0.5,0.2937259203313186,0.3796213197757914,0.2388315120161355,0.08782124787675392,17.81494140572073
1055,211.14076050700467,0.8333333333333334,0.2,0.5,0.5,0.2938479731270551,0.37989828860816144,0.23863457174769015,0.08761916651709277,17.81494140572073
1056,211.34089392928618,0.8333333333333334,0.2,0.5,0.5,0.29395855851981045,0.3801851199757866,0.23843438741054926,0.08742193409385322,17.81494140572073
1057,211.5410273515677,0.8333333333333334,0.2,0.5,0.5,0.2940576495239895,0.3804815213030166,0.2382311646851965,0.08722966448779686,17.81494140572073
1058,211.74116077384923,0.8333333333333334,0.2,0.5,0.5,0.29414523055367087,0.3807871939125021,0.23802510984636535,0.08704246568746112,17.81494140572073
1059,211.94129419613074,0.8333333333333334,0.2,0.5,0.5,0.294221296693396,0.3811018333872879,0.2378164296420837,0.08686044027723189,17.81494140572073
1060,212.14142761841228,0.8333333333333334,0.2,0.5,0.5,0.2942858536063031,0.38142512979659243,0.23760533108618934,0.0866836855109146,17.81494140572073
1061,212.3415610406938,0.8333333333333334,0.2,0.5,0.5,0.29433891734590095,0.381756767949949,0.2373920212911287,0.08651229341302077,17.81494140572073
1062,212.5416944629753,0.8333333333333334,0.2,0.5,0.5,0.2943805127474573,0.38209642801295884,0.23717670769643773,0.08634635154314559,17.81494140572073
1063,212.74182788525684,0.8333333333333334,0.2,0.5,0.5,0.2944106753082065,0.382443785234837,0.23695959732532773,0.08618594213162818,17.81494140572073
1064,212.94196130753835,0.8333333333333334,0.2,0.5,0.5,0.2944294508956268,0.38279851022890304,0.23674089664631545,0.08603114222915424,17.81494140572073
1065,213.14209472981986,0.8333333333333334,0.2,0.5,0.5,0.2944368954486756,0.3831602692548641,0.23652081143681417,0.08588202385964559,17.81494140572073
1066,213.3422281521014,0.8333333333333334,0.2,0.5,0.5,0.29443307469136687,0.38352872450929937,0.23629954667256922,0.08573865412676404,17.81494140572073
1067,213.5423615743829,0.8333333333333334,0.2,0.5,0.5,0.2944180636342486,0.38390353448023706,0.2360773065022421,0.08560109538327171,17.81494140572073
1068,213.74249499666445,0.8333333333333334,0.2,0.5,0.5,0.2943919457881689,0.3842843543886759,0.23585429433749847,0.08546940548565611,17.81494140572073
1069,213.94262841894596,0.8333333333333334,0.2,0.5,0.5,0.2943548150871684,0.3846708358114414,0.2356307118554974,0.08534363724589224,17.81494140572073
1070,214.14276184122747,0.8333333333333334,0.2,0.5,0.5,0.2943067747816447,0.38506262721958834,0.23540675921768708,0.08522383878107932,17.81494140572073
1071,214.342895263509,0.8333333333333334,0.2,0.5,0.5,0.29424793736601096,0.3854593742041921,0.23518263487329574,0.08511005355650059,17.81494140572073
1072,214.54302868579052,0.8333333333333334,0.2,0.5,0.5,0.29417842365147084,0.3858607200008574,0.23495853580173182,0.08500232054593927,17.81494140572073
1073,214.74316210807203,0.8333333333333334,0.2,0.5,0.5,0.29409836257824024,0.3862663057550486,0.23473465737345023,0.08490067429326033,17.81494140572073
1074,214.94329553035357,0.8333333333333334,0.2,0.5,0.5,0.2940078922566525,0.3866757703569739,0.23451119257742095,0.08480514480895203,17.81494140572073
1075,215.14342895263508,0.8333333333333334,0.2,0.5,0.5,0.2939071591774846,0.3870887509166784,0.23428833218970377,0.08471575771613268,17.81494140572073
1076,215.34356237491662,0.8333333333333334,0.2,0.5,0.5,0.2937963180156793,0.3875048830310648,0.23406626463564634,0.08463253431760907,17.81494140572073
1077,215.54369579719813,0.8333333333333334,0.2,0.5,0.5,0.2936755314205871,0.3879238010552032,0.2338451758580061,0.0845554916662031,17.81494140572073
1078,215.74382921947964,0.8333333333333334,0.2,0.5,0.5,0.29354496973194094,0.38834513844139423,0.23362524934095594,0.0844846424857084,17.81494140572073
1079,215.94396264176117,0.8333333333333334,0.2,0.5,0.5,0.2934048107059218,0.3887685280570959,0.2334066660795676,0.08441999515741422,17.81494140572073
1080,216.14409606404269,0.8333333333333334,0.2,0.5,0.5,0.2932552393795812,0.38919360234656064,0.23318960417485343,0.08436155409900417,17.81494140572073
1081,216.3442294863242,0.8333333333333334,0.2,0.5,0.5,0.2930964477419813,0.3896199936856328,0.2329742388815398,0.0843093196908455,17.81494140572073
1082,216.54436290860573,0.8333333333333334,0.2,0.5,0.5,0.29292863444542894,0.39004733468379515,0.23276074252648474,0.08426328834429052,17.81494140572073
1083,216.74449633088724,0.8333333333333334,0.2,0.5,0.5,0.29275200450271166,0.39047525849046344,0.23254928443265896,0.08422345257416534,17.81494140572073
1084,216.94462975316878,0.8333333333333334,0.2,0.5,0.5,0.29256676974846313,0.3909033988534731,0.23234003057967134,0.08418980081839185,17.81494140572073
1085,217.1447631754503,0.8333333333333334,0.2,0.5,0.5,0.2923731494346645,0.3913313901342862,0.23213314321998949,0.08416231721105916,17.81494140572073
1086,217.3448965977318,0.8333333333333334,0.2,0.5,0.5,0.2921713677971672,0.39175886830682777,0.23192878155117713,0.08414098234482735,17.81494140572073
1087,217.54503002001334,0.8333333333333334,0.2,0.5,0.5,0.2919616546830137,0.39218547096289746,0.23172710132575577,0.08412577302833252,17.81494140572073
1088,217.74516344229485,0.8333333333333334,0.2,0.5,0.5,0.29174424531413795,0.39261083759822474,0.2315282547638418,0.08411666232379496,17.81494140572073
1089,217.94529686457636,0.8333333333333334,0.2,0.5,0.5,0.29151938000864036,0.39303460991256495,0.23133239048289614,0.08411361959589803,17.81494140572073
1090,218.1454302868579,0.8333333333333334,0.2,0.5,0.5,0.2912873041431284,0.39345643202007974,0.23113965337091805,0.0841166104658732,17.81494140572073
1091,218.3455637091394,0.8333333333333334,0.2,0.5,0.5,0.29104826834597763,0.3938759505737741,0.2309501844055942,0.08412559667465348,17.81494140572073
1092,218.54569713142095,0.8333333333333334,0.2,0.5,0.5,0.2908025273107734,0.39429281540287575,0.23076412081805311,0.08414053646829714,17.81494140572073
1093,218.74583055370246,0.8333333333333334,0.2,0.5,0.5,0.29055033986394035,0.3947066796838119,0.23058159594932093,0.08416138450292623,17.81494140572073
1094,218.94596397598397,0.8333333333333334,0.2,0.5,0.5,0.29029196871760315,0.39511720022813435,0.2304027391877872,0.08418809186647469,17.81494140572073
1095,219.1460973982655,0.8333333333333334,0.2,0.5,0.5,0.2900276801906223,0.39552403778219175,0.23022767591765417,0.08422060610953112,17.81494140572073
1096,219.34623082054702,0.8333333333333334,0.2,0.5,0.5,0.2897577440309951,0.3959268572418311,0.23005652745554966,0.08425887127162342,17.81494140572073
1097,219.54636424282853,0.8333333333333334,0.2,0.5,0.5,0.28948243344293545,0.3963253276976936,0.22988941095962512,0.08430282789974516,17.81494140572073
1098,219.74649766511007,0.8333333333333334,0.2,0.5,0.5,0.28920202430014885,0.3967191231434847,0.22972643946569415,0.08435241309067157,17.81494140572073
1099,219.94663108739158,0.8333333333333334,0.2,0.5,0.5,0.28891679503363177,0.39710792263084616,0.2295677218245578,0.08440756051096356,17.81494140572073
1100,220.14676450967312,0.8333333333333334,0.2,0.5,0.5,0.28862702637676363,0.39749141053873094,0.22941336266453077,0.08446820041997397,17.81494140572073
1101,220.34689793195463,0.8333333333333334,0.2,0.5,0.5,0.28833300108307747,0.3978692768629804,0.22926346236165973,0.08453425969228169,17.81494140572073
1102,220.54703135423614,0.8333333333333334,0.2,0.5,0.5,0.28803500374320934,0.3982412174147656,0.22911811696857656,0.08460566187344787,17.81494140572073
1103,220.74716477651768,0.8333333333333334,0.2,0.5,0.5,0.2877333209432768,0.39860693371105266,0.2289774179944343,0.08468232735123556,17.81494140572073
1104,220.9472981987992,0.8333333333333334,0.2,0.5,0.5,0.2874282403531974,0.398966133820523,0.2288414526625935,0.08476417316368542,17.81494140572073
1105,221.1474316210807,0.8333333333333334,0.2,0.5,0.5,0.2871200506298696,0.39931853247774546,0.22871030380919696,0.08485111308318734,17.81494140572073
1106,221.34756504336224,0.8333333333333334,0.2,0.5,0.5,0.28680904119414224,0.3996638513079606,0.22858404984044864,0.08494305765744789,17.81494140572073
1107,221.54769846564375,0.8333333333333334,0.2,0.5,0.5,0.28649550196121526,0.400001819091188,0.2284627647132368,0.08503991423435939,17.81494140572073
1108,221.7478318879253,0.8333333333333334,0.2,0.5,0.5,0.2861797231063603,0.4003321720953951,0.22834651778754397,0.08514158701069992,17.81494140572073
1109,221.9479653102068,0.8333333333333334,0.2,0.5,0.5,0.2858619950609892,0.40065465333457273,0.228235374447878,0.08524797715655942,17.81494140572073
1110,222.1480987324883,0.8333333333333334,0.2,0.5,0.5,0.285542607898387,0.40096901443050076,0.22812939494478596,0.08535898272632562,17.81494140572073
1111,222.34823215476985,0.8333333333333334,0.2,0.5,0.5,0.28522185116216203,0.4012750147957079,0.2280286353589157,0.08547449868321365,17.81494140572073
1112,222.54836557705136,0.8333333333333334,0.2,0.5,0.5,0.28490001363164247,0.4015724221558029,0.22793314725489183,0.08559441695766204,17.81494140572073
1113,222.74849899933287,0.8333333333333334,0.2,0.5,0.5,0.2845773830627257,0.401861012770364,0.22784297769098258,0.08571862647592698,17.81494140572073
1114,222.9486324216144,0.8333333333333334,0.2,0.5,0.5,0.28425424596286364,0.40214057160588923,0.22775816921865125,0.08584701321259515,17.81494140572073
1115,223.14876584389592,0.8333333333333334,0.2,0.5,0.5,0.28393088766525393,0.4024108920885518,0.227678759793441,0.0859794604527526,17.81494140572073
1116,223.34889926617745,0.8333333333333334,0.2,0.5,0.5,0.28360759172004607,0.4026717768161169,0.22760478288825492,0.08611584857558148,17.81494140572073
1117,223.54903268845896,0.8333333333333334,0.2,0.5,0.5,0.28328463967650497,0.40292303772081134,0.22753626749078065,0.08625605511190239,17.81494140572073
1118,223.74916611074048,0.8333333333333334,0.2,0.5,0.5,0.2829623108896277,0.4031644961978516,0.22747323809366757,0.08639995481885249,17.81494140572073
1119,223.949299533022,0.8333333333333334,0.2,0.5,0.5,0.28264088234667145,0.4033959831794205,0.22741571470211502,0.08654741977179242,17.81494140572073
1120,224.14943295530352,0.8333333333333334,0.2,0.5,0.5,0.2823206286859631,0.4036173388682646,0.22736371284615275,0.08669831959961898,17.81494140572073
1121,224.34956637758503,0.8333333333333334,0.2,0.5,0.5,0.2820018215774747,0.40382841360110155,0.22731724357734573,0.0868525212440774,17.81494140572073
1122,224.54969979986657,0.8333333333333334,0.2,0.5,0.5,0.28168472959497426,0.4040290678418353,0.22727631347749558,0.08700988908569425,17.81494140572073
1123,224.74983322214808,0.8333333333333334,0.2,0.5,0.5,0.28136961800319404,0.4042191723252069,0.22724092466526816,0.08717028500633031,17.81494140572073
1124,224.94996664442962,0.8333333333333334,0.2,0.5,0.5,0.28105674872624214,0.40439860778068887,0.22721107488910558,0.08733356860396284,17.81494140572073
1125,225.15010006671113,0.8333333333333334,0.2,0.5,0.5,0.28074638035155053,0.404567264576133,0.22718675763535484,0.08749959743696101,17.81494140572073
1126,225.35023348899264,0.8333333333333334,0.2,0.5,0.5,0.28043876737889406,0.4047250440661389,0.22716796191315114,0.08766822664181528,17.81494140572073
1127,225.55036691127418,0.8333333333333334,0.2,0.5,0.5,0.2801341602143421,0.4048718582582748,0.22715467235826592,0.08783930916911649,17.81494140572073
1128,225.7505003335557,0.8333333333333334,0.2,0.5,0.5,0.27983280496124635,0.4050076299376003,0.22714686925006758,0.08801269585108507,17.81494140572073
1129,225.9506337558372,0.8333333333333334,0.2,0.5,0.5,0.2795349435906176,0.4051322919038557,0.22714452872430255,0.08818823578122346,17.81494140572073
1130,226.15076717811874,0.8333333333333334,0.2,0.5,0.5,0.2792408136816858,0.40524578721326626,0.22714762276474787,0.08836577634029935,17.81494140572073
1131,226.35090060040025,0.8333333333333334,0.2,0.5,0.5,0.2789506478222682,0.4053480702154778,0.2271561190198456,0.08854516294240769,17.81494140572073
1132,226.5510340226818,0.8333333333333334,0.2,0.5,0.5,0.27866467362247177,0.40543910615694273,0.22716998093487922,0.08872623928570557,17.81494140572073
1133,226.7511674449633,0.8333333333333334,0.2,0.5,0.5,0.27838311353671397,0.4055188712323898,0.2271891677849134,0.08890884744598211,17.81494140572073
1134,226.9513008672448,0.8333333333333334,0.2,0.5,0.5,0.27810618522385416,0.4055873513805146,0.22721363496579325,0.08909282842983728,17.81494140572073
1135,227.15143428952635,0.8333333333333334,0.2,0.5,0.5,0.27783410095140726,0.4056445433104779,0.2272433338267177,0.08927802191139644,17.81494140572073
1136,227.35156771180786,0.8333333333333334,0.2,0.5,0.5,0.2775670672663138,0.4056904549063463,0.22727821163064454,0.08946426619669465,17.81494140572073
1137,227.55170113408937,0.8333333333333334,0.2,0.5,0.5,0.27730528497476054,0.405725104910307,0.2273182116629055,0.08965139845202633,17.81494140572073
1138,227.7518345563709,0.8333333333333334,0.2,0.5,0.5,0.2770489490422072,0.40574852279823237,0.22736327329800501,0.08983925486155475,17.81494140572073
1139,227.95196797865242,0.8333333333333334,0.2,0.5,0.5,0.2767982490615569,0.40576074737719536,0.22741333231122082,0.09002767125002623,17.81494140572073
1140,228.15210140093396,0.8333333333333334,0.2,0.5,0.5,0.2765533683864508,0.40576182838581343,0.22746832061503283,0.09021648261270229,17.81494140572073
1141,228.35223482321547,0.8333333333333334,0.2,0.5,0.5,0.27631448405934367,0.40575182630671724,0.2275281663380074,0.09040552329593102,17.81494140572073
1142,228.55236824549698,0.8333333333333334,0.2,0.5,0.5,0.27608176675903545,0.40573081213525314,0.227592793912065,0.09059462719364574,17.81494140572073
1143,228.75250166777852,0.8333333333333334,0.2,0.5,0.5,0.2758553808626365,0.40569886690415774,0.2276621242105968,0.09078362802260836,17.81494140572073
1144,228.95263509006003,0.8333333333333334,0.2,0.5,0.5,0.2756354849360975,0.40565608027153055,0.2277360748743918,0.09097235991797956,17.81494140572073
1145,229.15276851234154,0.8333333333333334,0.2,0.5,0.5,0.2754222305281878,0.4056025528169124,0.2278145598940823,0.09116065676081696,17.81494140572073
1146,229.35290193462308,0.8333333333333334,0.2,0.5,0.5,0.27521576238172046,0.4055383952397263,0.22789748981367108,0.0913483525648816,17.81494140572073
1147,229.5530353569046,0.8333333333333334,0.2,0.5,0.5,0.27501621835991197,0.4054637281803421,0.22798477180922141,0.091535281650524,17.81494140572073
1148,229.75316877918613,0.8333333333333334,0.2,0.5,0.5,0.2748237293187908,0.4053786821590697,0.2280763097439014,0.0917212787782376,17.81494140572073
1149,229.95330220146764,0.8333333333333334,0.2,0.5,0.5,0.27463841993739746,0.405283395545863,0.22817200460942189,0.09190617990731714,17.81494140572073
1150,230.15343562374915,0.8333333333333334,0.2,0.5,0.5,0.2744604084144699,0.40517801486061333,0.22827175451019036,0.09208982221472592,17.81494140572073
1151,230.35356904603069,0.8333333333333334,0.2,0.5,0.5,0.274289805285348,0.4050626968823384,0.22837545429254197,0.09227204353977109,17.81494140572073
1152,230.5537024683122,0.8333333333333334,0.2,0.5,0.5,0.27412671392361193,0.4049376072944336,0.22848299585362858,0.09245268292832541,17.81494140572073
1153,230.75383589059373,0.8333333333333334,0.2,0.5,0.5,0.2739712304474843,0.4048029205537713,0.22859426821017703,0.09263158078856687,17.81494140572073
1154,230.95396931287524,0.8333333333333334,0.2,0.5,0.5,0.27382344373924483,0.40465881955163796,0.2287091576156642,0.09280857909345255,17.81494140572073
1155,231.15410273515675,0.8333333333333334,0.2,0.5,0.5,0.2736834366021034,0.4045054931795139,0.2288275481648084,0.09298352205357384,17.81494140572073
1156,231.3542361574383,0.8333333333333334,0.2,0.5,0.5,0.27355128425018876,0.40434313880715406,0.22894932125550005,0.0931562556871567,17.81494140572073
1157,231.5543695797198,0.8333333333333334,0.2,0.5,0.5,0.2734270543447864,0.4041719619125356,0.22907435571318463,0.09332662802949293,17.81494140572073
1158,231.75450300200131,0.8333333333333334,0.2,0.5,0.5,0.27331080717071105,0.4039921754536835,0.2292025279752829,0.09349448940032219,17.81494140572073
1159,231.95463642428285,0.8333333333333334,0.2,0.5,0.5,0.27320259557475385,0.40380399967874486,0.22933371217367765,0.09365969257282324,17.81494140572073
1160,232.15476984656436,0.8333333333333334,0.2,0.5,0.5,0.2731024653895873,0.40360766116928315,0.22946778042139085,0.09382209301973823,17.81494140572073
1161,232.3549032688459,0.8333333333333334,0.2,0.5,0.5,0.2730104561546464,0.4034033914144958,0.22960460322417378,0.09398154920668353,17.81494140572073
1162,232.5550366911274,0.8333333333333334,0.2,0.5,0.5,0.2729265994020178,0.40319142923150825,0.22974404886790423,0.09413792249856924,17.81494140572073
1163,232.75517011340892,0.8333333333333334,0.2,0.5,0.5,0.27285091927120525,0.4029720195072022,0.2298859837855426,0.09429107743604943,17.81494140572073
1164,232.95530353569046,0.8333333333333334,0.2,0.5,0.5,0.27278343252237436,0.402745412890148,0.2300302726710795,0.09444088191639763,17.81494140572073
1165,233.15543695797197,0.8333333333333334,0.2,0.5,0.5,0.2727241485195164,0.40251186553494317,0.23017677857997532,0.09458720736556453,17.81494140572073
1166,233.35557038025348,0.8333333333333334,0.2,0.5,0.5,0.2726730703412806,0.4022716375258455,0.23032536342337998,0.09472992870949343,17.81494140572073
1167,233.55570380253502,0.8333333333333334,0.2,0.5,0.5,0.2726301940739305,0.40202499342947057,0.23047588782755268,0.09486892466904569,17.81494140572073
1168,233.75583722481653,0.8333333333333334,0.2,0.5,0.5,0.2725955081589277,0.4017722027835127,0.23062821101235717,0.09500407804520186,17.81494140572073
1169,233.95597064709807,0.8333333333333334,0.2,0.5,0.5,0.2725689938697493,0.401513539262924,0.23078219106408465,0.09513527580324152,17.81494140572073
1170,234.15610406937958,0.8333333333333334,0.2,0.5,0.5,0.2725506253167034,0.4012492803988957,0.2309376850434536,0.09526240924094674,17.81494140572073
1171,234.3562374916611,0.8333333333333334,0.2,0.5,0.5,0.272540369646822,0.4009797071439057,0.23109454916223648,0.09538537404703519,17.81494140572073
1172,234.55637091394263,0.8333333333333334,0.2,0.5,0.5,0.272538188245477,0.4007051026463154,0.23125263931228335,0.09550406979592363,17.81494140572073
1173,234.75650433622414,0.8333333333333334,0.2,0.5,0.5,0.27254403514152703,0.4004257532316345,0.23141181061077296,0.09561840101606495,17.81494140572073
1174,234.95663775850565,0.8333333333333334,0.2,0.5,0.5,0.2725578573759033,0.400141947834454,0.23157191763618384,0.09572827715345819,17.81494140572073
1175,235.1567711807872,0.8333333333333334,0.2,0.5,0.5,0.2725795952002142,0.3998539775645108,0.23173281460446787,0.09583361263080657,17.81494140572073
1176,235.3569046030687,0.8333333333333334,0.2,0.5,0.5,0.27260918211353463,0.3995621354004377,0.23189435548829818,0.09593432699772887,17.81494140572073
1177,235.55703802535024,0.8333333333333334,0.2,0.5,0.5,0.2726465456116879,0.39926671566334343,0.2320563943179518,0.09603034440701624,17.81494140572073
1178,235.75717144763175,0.8333333333333334,0.2,0.5,0.5,0.27269160761256717,0.3989680135905005,0.2322187853996056,0.09612159339732611,17.81494140572073
1179,235.95730486991326,0.8333333333333334,0.2,0.5,0.5,0.27274428289846975,0.3986663255218075,0.23238138302811318,0.09620800855160896,17.81494140572073
1180,236.1574382921948,0.8333333333333334,0.2,0.5,0.5,0.2728044799281987,0.39836194835395605,0.23254404180390195,0.09628952991394267,17.81494140572073
1181,236.3575717144763,0.8333333333333334,0.2,0.5,0.5,0.27287210091383296,0.3980551792218272,0.2327066167624136,0.09636610310192557,17.81494140572073
1182,236.55770513675782,0.8333333333333334,0.2,0.5,0.5,0.2729470418838067,0.3977463151841177,0.23286896350005423,0.09643767943202072,17.81494140572073
1183,236.75783855903936,0.8333333333333334,0.2,0.5,0.5,0.27302919320188374,0.39743565294758615,0.23303093838210928,0.09650421546842017,17.81494140572073
1184,236.95797198132087,0.8333333333333334,0.2,0.5,0.5,0.2731184411055499,0.3971234886776542,0.2331923989339374,0.09656567128285785,17.81494140572073
1185,237.1581054036024,0.8333333333333334,0.2,0.5,0.5,0.27321466523233373,0.3968101174691433,0.2333532035108417,0.09662201378768055,17.81494140572073
1186,237.35823882588392,0.8333333333333334,0.2,0.5,0.5,0.2733177395269213,0.3964958331034009,0.2335132115757674,0.09667321579390972,17.81494140572073
1187,237.55837224816543,0.8333333333333334,0.2,0.5,0.5,0.27342753248323215,0.3961809277490894,0.2336722838574336,0.09671925591024416,17.81494140572073
1188,237.75850567044697,0.8333333333333334,0.2,0.5,0.5,0.27354390724230954,0.39586569165076224,0.23383028248254212,0.09676011862438542,17.81494140572073
1189,237.95863909272848,0.8333333333333334,0.2,0.5,0.5,0.2736667218180252,0.3955504129122628,0.23398707110569847,0.09679579416401285,17.81494140572073
1190,238.15877251500999,0.8333333333333334,0.2,0.5,0.5,0.2737958306889316,0.3952353782936413,0.23414251501488156,0.09682627600254494,17.81494140572073
1191,238.35890593729152,0.8333333333333334,0.2,0.5,0.5,0.2739310831227939,0.39492087158411066,0.23429648129539232,0.09685156399770253,17.81494140572073
1192,238.55903935957303,0.8333333333333334,0.2,0.5,0.5,0.27407232342516163,0.39460717340241014,0.2344488389593657,0.09687166421306195,17.81494140572073
1193,238.75917278185457,0.8333333333333334,0.2,0.5,0.5,0.2742193913780086,0.39429456113817635,0.23459945907188057,0.09688658841193394,17.81494140572073
1194,238.95930620413608,0.8333333333333334,0.2,0.5,0.5,0.27437212236656455,0.39398330866199055,0.2347482148826505,0.09689635408879389,17.81494140572073
1195,239.1594396264176,0.8333333333333334,0.2,0.5,0.5,0.2745303475171921,0.39367368604978226,0.23489498195485897,0.09690098447816621,17.81494140572073
1196,239.35957304869913,0.8333333333333334,0.2,0.5,0.5,0.2746938949865896,0.39336596080387304,0.2350396379963079,0.09690050621322902,17.81494140572073
1197,239.55970647098064,0.8333333333333334,0.2,0.5,0.5,0.27486258933237984,0.39306039657996295,0.2351820631866424,0.09689495090101438,17.81494140572073
1198,239.75983989326215,0.8333333333333334,0.2,0.5,0.5,0.2750362509783973,0.39275725203721906,0.23532214048009023,0.09688435650429296,17.81494140572073
1199,239.9599733155437,0.8333333333333334,0.2,0.5,0.5,0.2752146968835571,0.3924567812529304,0.23545975559700377,0.09686876626650825,17.81494140572073
1200,240.1601067378252,0.8333333333333334,0.2,0.5,0.5,0.2753977406945882,0.3921592334662247,0.2355947971488537,0.09684822869033285,17.81494140572073
1201,240.36024016010674,0.8333333333333334,0.2,0.5,0.5,0.2755851928987669,0.39186485282178524,0.2357271567632228,0.09682279751622452,17.81494140572073
1202,240.56037358238825,0.8333333333333334,0.2,0.5,0.5,0.27577686150016634,0.391573879285189,0.23585672885303624,0.09679253036160793,17.81494140572073
1203,240.76050700466976,0.8333333333333334,0.2,0.5,0.5,0.2759725524617549,0.3912865490342164,0.23598341054491315,0.09675748795911511,17.81494140572073
1204,240.9606404269513,0.8333333333333334,0.2,0.5,0.5,0.2761720686813414,0.39100309156893787,0.2361071026038641,0.09671773714585621,17.81494140572073
1205,241.1607738492328,0.8333333333333334,0.2,0.5,0.5,0.2763752107157034,0.3907237307342025,0.23622770916998476,0.09667334938010888,17.81494140572073
1206,241.36090727151432,0.8333333333333334,0.2,0.5,0.5,0.2765817769629376,0.39044868452963777,0.23634513786332306,0.0966244006441011,17.81494140572073
1207,241.56104069379586,0.8333333333333334,0.2,0.5,0.5,0.27679156383456155,0.39017816489671187,0.23645929989571085,0.09657097137301536,17.81494140572073
1208,241.76117411607737,0.8333333333333334,0.2,0.5,0.5,0.27700436610727575,0.3899123781263047,0.23657010992587976,0.0965131458405394,17.81494140572073
1209,241.9613075383589,0.8333333333333334,0.2,0.5,0.5,0.2772199776796661,0.3896515266648475,0.2366774853359632,0.09645101031952284,17.81494140572073
1210,242.16144096064042,0.8333333333333334,0.2,0.5,0.5,0.27743819074094406,0.38939580543600466,0.2367813477770208,0.09638465604603007,17.81494140572073
1211,242.36157438292193,0.8333333333333334,0.2,0.5,0.5,0.27765879627615525,0.38914540277821275,0.23688162280489689,0.09631417814073472,17.81494140572073
1212,242.56170780520347,0.8333333333333334,0.2,0.5,0.5,0.2778815843093888,0.38890050047733266,0.23697823989044697,0.09623967532283116,17.81494140572073
1213,242.76184122748498,0.8333333333333334,0.2,0.5,0.5,0.2781063440896477,0.38866127360126806,0.23707113251169504,0.09616124979738883,17.81494140572073
1214,242.9619746497665,0.8333333333333334,0.2,0.5,0.5,0.2783328643050509,0.388427890547622,0.23716023813645204,0.09607900701087459,17.81494140572073
1215,243.16210807204803,0.8333333333333334,0.2,0.5,0.5,0.2785609336018891,0.38820051538372613,0.23724549702626152,0.09599305398812272,17.81494140572073
1216,243.36224149432954,0.8333333333333334,0.2,0.5,0.5,0.27879034037564626,0.387979304712163,0.2373268538551821,0.09590350105700816,17.81494140572073
1217,243.56237491661108,0.8333333333333334,0.2,0.5,0.5,0.2790208729897745,0.38776440775280885,0.23740425767472567,0.09581046158269049,17.81494140572073
1218,243.7625083388926,0.8333333333333334,0.2,0.5,0.5,0.2792523200377745,0.3875559667505177,0.23747766171136048,0.09571405150034691,17.81494140572073
1219,243.9626417611741,0.8333333333333334,0.2,0.5,0.5,0.2794844705355202,0.38735411685827165,0.2375470234337141,0.09561438917249358,17.81494140572073
1220,244.16277518345564,0.8333333333333334,0.2,0.5,0.5,0.2797171141131977,0.3871589860396682,0.23761230460789562,0.09551159523923804,17.81494140572073
1221,244.36290860573715,0.8333333333333334,0.2,0.5,0.5,0.2799500411662738,0.38697069702265213,0.23767347009244835,0.09540579171862529,17.81494140572073
1222,244.56304202801866,0.8333333333333334,0.2,0.5,0.5,0.2801830430746001,0.38678936584191076,0.23773048872936828,0.09529710235412045,17.81494140572073
1223,244.7631754503002,0.8333333333333334,0.2,0.5,0.5,0.2804159124184485,0.38661510053488635,0.23778333414073347,0.09518565290593133,17.81494140572073
1224,244.9633088725817,0.8333333333333334,0.2,0.5,0.5,0.280648443151484,0.386448001993807,0.23783198420058763,0.09507157065412102,17.81494140572073
1225,245.16344229486324,0.8333333333333334,0.2,0.5,0.5,0.28088043079216757,0.3862881638950379,0.23787642107375542,0.09495498423903882,17.81494140572073
1226,245.36357571714476,0.8333333333333334,0.2,0.5,0.5,0.2811116726151573,0.3861356726284332,0.23791663125465778,0.09483602350175141,17.81494140572073
1227,245.56370913942627,0.8333333333333334,0.2,0.5,0.5,0.28134196762396035,0.38599060835492693,0.23795260479820549,0.09471481922290681,17.81494140572073
1228,245.7638425617078,0.8333333333333334,0.2,0.5,0.5,0.2815711166197964,0.3858530455678945,0.23798433490603824,0.0945915029062704,17.81494140572073
1229,245.96397598398931,0.8333333333333334,0.2,0.5,0.5,0.28179892288691016,0.38572305047508626,0.23801181978952227,0.09446620684848085,17.81494140572073
1230,246.16410940627082,0.8333333333333334,0.2,0.5,0.5,0.282025192144498,0.3856006821631103,0.2380350618240997,0.09433906386829156,17.81494140572073
1231,246.36424282855236,0.8333333333333334,0.2,0.5,0.5,0.2822497327256328,0.38548599259113664,0.23805406754202152,0.09421020714120848,17.81494140572073
1232,246.56437625083387,0.8333333333333334,0.2,0.5,0.5,0.28247235576055124,0.385379026562102,0.23806884764119268,0.09407977003615352,17.81494140572073
1233,246.7645096731154,0.8333333333333334,0.2,0.5,0.5,0.28269287516685326,0.3852798221681056,0.23807941661381726,0.09394788605122333,17.81494140572073
1234,246.96464309539692,0.8333333333333334,0.2,0.5,0.5,0.2829111072010397,0.3851884123130876,0.23808579151129577,0.09381468897457632,17.81494140572073
1235,247.16477651767843,0.8333333333333334,0.2,0.5,0.5,0.28312687172410206,0.38510482202607627,0.2380879940841791,0.09368031216564195,17.81494140572073
1236,247.36490993995997,0.8333333333333334,0.2,0.5,0.5,0.2833399920262877,0.3850290693128634,0.23808605008506517,0.09354488857578314,17.81494140572073
1237,247.56504336224148,0.8333333333333334,0.2,0.5,0.5,0.28355029493334977,0.3849611653163996,0.23807998912575373,0.0934085506244963,17.81494140572073
1238,247.765176784523,0.8333333333333334,0.2,0.5,0.5,0.2837576109749822,0.3849011143244744,0.23806984465684564,0.09327143004369717,17.81494140572073
1239,247.96531020680453,0.8333333333333334,0.2,0.5,0.5,0.2839617744626815,0.38484891391246895,0.238055653831452,0.09313365779339694,17.81494140572073
1240,248.16544362908604,0.8333333333333334,0.2,0.5,0.5,0.2841626225864608,0.38480455654931256,0.23803745611349839,0.09299536475072767,17.81494140572073
1241,248.36557705136758,0.8333333333333334,0.2,0.5,0.5,0.28435999685126856,0.3847680277141953,0.2380152948797434,0.09285668055479211,17.81494140572073
1242,248.5657104736491,0.8333333333333334,0.2,0.5,0.5,0.2845537431418427,0.3847393060587198,0.2379892172668439,0.09271773353259305,17.81494140572073
1243,248.7658438959306,0.8333333333333334,0.2,0.5,0.5,0.2847437116453136,0.3847183637811942,0.23795927383640628,0.09257865073708543,17.81494140572073
1244,248.96597731821214,0.8333333333333334,0.2,0.5,0.5,0.28492975699887985,0.38470516666527077,0.2379255185280238,0.09243955780782508,17.81494140572073
1245,249.16611074049365,0.8333333333333334,0.2,0.5,0.5,0.2851117384270158,0.38469967412919354,0.2378880086031392,0.09230057884065107,17.81494140572073
1246,249.36624416277516,0.8333333333333334,0.2,0.5,0.5,0.28528951874849195,0.38470184042043737,0.23784680359831284,0.09216183723275742,17.81494140572073
1247,249.5663775850567,0.8333333333333334,0.2,0.5,0.5,0.2854629652591302,0.38471161390937825,0.2378019659225476,0.09202345490894355,17.81494140572073
1248,249.7665110073382,0.8333333333333334,0.2,0.5,0.5,0.2856319505382716,0.38472893646027595,0.23775356138774897,0.09188555161370299,17.81494140572073
1249,249.96664442961975,0.8333333333333334,0.2,0.5,0.5,0.28579635206086795,0.3847537440127028,0.23770165869233012,0.09174824523409865,17.81494140572073
1250,250.16677785190126,0.8333333333333334,0.2,0.5,0.5,0.28595605231967103,0.38478596664601084,0.23764632935191102,0.09161165168240666,17.81494140572073
1251,250.36691127418277,0.8333333333333334,0.2,0.5,0.5,0.2861109389474225,0.3848255286437994,0.2375876476300178,0.09147588477875983,17.81494140572073
1252,250.5670446964643,0.8333333333333334,0.2,0.5,0.5,0.28626090408446625,0.3848723491190285,0.23752569002239912,0.09134105677410563,17.81494140572073
1253,250.76717811874582,0.8333333333333334,0.2,0.5,0.5,0.28640584405312014,0.38492634241121204,0.23746053492281152,0.09120727861285582,17.81494140572073
1254,250.96731154102733,0.8333333333333334,0.2,0.5,0.5,0.28654566118547486,0.3849874168836286,0.23739226356270018,0.09107465836819585,17.81494140572073
1255,251.16744496330887,0.8333333333333334,0.2,0.5,0.5,0.2866802631241314,0.38505547559812275,0.23732095945595472,0.09094330182179065,17.81494140572073
1256,251.36757838559038,0.8333333333333334,0.2,0.5,0.5,0.28680956289878207,0.385130416413459,0.23724670830262784,0.0908133123851306,17.81494140572073
1257,251.56771180787192,0.8333333333333334,0.2,0.5,0.5,0.2869334790180386,0.38521213207234806,0.23716959790167372,0.09068479100793911,17.81494140572073
1258,251.76784523015343,0.8333333333333334,0.2,0.5,0.5,0.2870519349612392,0.3853005106261958,0.23708971785819408,0.09055783655437037,17.81494140572073
1259,251.96797865243494,0.8333333333333334,0.2,0.5,0.5,0.28716485853618445,0.3853954359353151,0.23700715924476828,0.09043254628373151,17.81494140572073
1260,252.16811207471648,0.8333333333333334,0.2,0.5,0.5,0.2872721838183692,0.38549678671613574,0.23692201514688163,0.09030901431861273,17.81494140572073
1261,252.368245496998,0.8333333333333334,0.2,0.5,0.5,0.28737385044232283,0.38560443707878667,0.23683438030151643,0.09018733217737336,17.81494140572073
1262,252.5683789192795,0.8333333333333334,0.2,0.5,0.5,0.2874698036267285,0.3857182566516694,0.2367443509870443,0.09006758873455703,17.81494140572073
1263,252.76851234156103,0.8333333333333334,0.2,0.5,0.5,0.28755999423652195,0.38583811068521723,0.23665202492578297,0.08994987015247717,17.81494140572073
1264,252.96864576384255,0.8333333333333334,0.2,0.5,0.5,0.2876443783441621,0.38596386039597463,0.23655750109026963,0.08983426016959291,17.81494140572073
1265,253.16877918612408,0.8333333333333334,0.2,0.5,0.5,0.287722916269667,0.38609536356079077,0.23646087940932733,0.08972084076021415,17.81494140572073
1266,253.3689126084056,0.8333333333333334,0.2,0.5,0.5,0.2877955746912733,0.38623247363758273,0.23636226106445501,0.08960969060668823,17.81494140572073
1267,253.5690460306871,0.8333333333333334,0.2,0.5,0.5,0.287862325915804,0.3863750402490046,0.23626174824017476,0.08950088559501597,17.81494140572073
1268,253.76917945296864,0.8333333333333334,0.2,0.5,0.5,0.28792314783794404,0.38652290933554584,0.2361594440068212,0.0893944988196883,17.81494140572073
1269,253.96931287525015,0.8333333333333334,0.2,0.5,0.5,0.2879780239711427,0.38667592327425987,0.2360554522171009,0.08929060053749595,17.81494140572073
1270,254.16944629753166,0.8333333333333334,0.2,0.5,0.5,0.2880269430962334,0.3868339211521121,0.23594987739422077,0.08918925835743309,17.81494140572073
1271,254.3695797198132,0.8333333333333334,0.2,0.5,0.5,0.28806989809337147,0.3869967393696455,0.23584282460200665,0.08909053793497577,17.81494140572073
1272,254.5697131420947,0.8333333333333334,0.2,0.5,0.5,0.2881068880265959,0.38716421092907943,0.2357343993867523,0.08899450165757165,17.81494140572073
1273,254.76984656437625,0.8333333333333334,0.2,0.5,0.5,0.288137917484182,0.3873361658323407,0.23562470765855015,0.08890120902492647,17.81494140572073
1274,254.96997998665776,0.8333333333333334,0.2,0.5,0.5,0.28816299646694743,0.38751243125746654,0.23551385558470564,0.0888107166908796,17.81494140572073
1275,255.17011340893927,0.8333333333333334,0.2,0.5,0.5,0.288182140388442,0.387692831689756,0.23540194948561943,0.08872307843618185,17.81494140572073
1276,255.3702468312208,0.8333333333333334,0.2,0.5,0.5,0.2881953697983516,0.38787718915203656,0.23528909576360163,0.08863834528600936,17.81494140572073
1277,255.57038025350232,0.8333333333333334,0.2,0.5,0.5,0.28820270909090956,0.38806532379839914,0.23517540095245276,0.08855656615823768,17.81494140572073
1278,255.77051367578383,0.8333333333333334,0.2,0.5,0.5,0.2882041884561671,0.3882570533466699,0.2350609713812014,0.08847778681596076,17.81494140572073
1279,255.97064709806537,0.8333333333333334,0.2,0.5,0.5,0.28819984333772974,0.38845219340381265,0.23494591313452864,0.08840205012392809,17.81494140572073
1280,256.1707805203469,0.8333333333333334,0.2,0.5,0.5,0.2881897142471843,0.38865055766360124,0.23483033197075237,0.0883293961184612,17.81494140572073
1281,256.3709139426284,0.8333333333333334,0.2,0.5,0.5,0.28817384673465435,0.38885195804838196,0.23471433322123522,0.08825986199572758,17.81494140572073
1282,256.57104736490993,0.8333333333333334,0.2,0.5,0.5,0.2881522911791673,0.38905620490572895,0.2345980217342282,0.08819348218087467,17.81494140572073
1283,256.77118078719144,0.8333333333333334,0.2,0.5,0.5,0.28812510151138493,0.38926310753034277,0.23448150208200158,0.08813028887626984,17.81494140572073
1284,256.97131420947295,0.8333333333333334,0.2,0.5,0.5,0.28809233686659913,0.3894724737932765,0.2343648780453504,0.0880703112947731,17.81494140572073
1285,257.1714476317545,0.8333333333333334,0.2,0.5,0.5,0.2880540612088755,0.3896841103892293,0.23424825259843,0.08801357580346439,17.81494140572073
1286,257.371581054036,0.8333333333333334,0.2,0.5,0.5,0.2880103430826807,0.3898978230450026,0.23413172786215342,0.08796010601016242,17.81494140572073
1287,257.57171447631754,0.8333333333333334,0.2,0.5,0.5,0.2879612555566032,0.39011341666943855,0.2340154050102167,0.08790992276374074,17.81494140572073
1288,257.77184789859905,0.8333333333333334,0.2,0.5,0.5,0.287906876058296,0.3903306955297424,0.23389938421673664,0.08786304419522403,17.81494140572073
1289,257.97198132088056,0.8333333333333334,0.2,0.5,0.5,0.2878472851748053,0.39054946367876486,0.233783764999672,0.08781948614675698,17.81494140572073
1290,258.1721147431621,0.8333333333333334,0.2,0.5,0.5,0.2877825679715277,0.3907695247713584,0.2336686456007629,0.08777926165635015,17.81494140572073
1291,258.37224816544364,0.8333333333333334,0.2,0.5,0.5,0.28771281378395314,0.39099068225117933,0.23355412294969458,0.08774238101517214,17.81494140572073
1292,258.57238158772515,0.8333333333333334,0.2,0.5,0.5,0.28763811591525607,0.3912127395603275,0.23344029266427735,0.08770885186013827,17.81494140572073
1293,258.77251501000666,0.8333333333333334,0.2,0.5,0.5,0.2875585715561132,0.3914355002950817,0.23332724896561632,0.087678679183188,17.81494140572073
1294,258.97264843228817,0.8333333333333334,0.2,0.5,0.5,0.28747428164772687,0.3916587683693914,0.23321508462376087,0.08765186535912003,17.81494140572073
1295,259.1727818545697,0.8333333333333334,0.2,0.5,0.5,0.2873853498448573,0.39188234830127794,0.23310389138635634,0.08762841046750756,17.81494140572073
1296,259.37291527685124,0.8333333333333334,0.2,0.5,0.5,0.2872918834483818,0.392106045230263,0.23299375935030098,0.08760831197105337,17.81494140572073
1297,259.57304869913276,0.8333333333333334,0.2,0.5,0.5,0.2871939933509074,0.3923296650695814,0.232884776863072,0.0875915647164384,17.81494140572073
1298,259.77318212141427,0.8333333333333334,0.2,0.5,0.5,0.2870917937022693,0.3925530146966487,0.23277703057438123,0.08757816102669994,17.81494140572073
1299,259.9733155436958,0.8333333333333334,0.2,0.5,0.5,0.28698540180927723,0.3927759021115378,0.23267060536211687,0.08756809071706731,17.81494140572073
1300,260.1734489659773,0.8333333333333334,0.2,0.5,0.5,0.2868749380113358,0.3929981365941013,0.23256558427611282,0.08756134111844921,17.81494140572073
1301,260.37358238825885,0.8333333333333334,0.2,0.5,0.5,0.28676052485483505,0.3932195288217357,0.23246204900011386,0.08755789732331457,17.81494140572073
1302,260.57371581054036,0.8333333333333334,0.2,0.5,0.5,0.2866422876472179,0.39343989106458355,0.2323600792941862,0.08755774199401159,17.81494140572073
1303,260.7738492328219,0.8333333333333334,0.2,0.5,0.5,0.28652035451355307,0.3936590373528133,0.23225975280476663,0.0875608553288662,17.81494140572073
1304,260.9739826551034,0.8333333333333334,0.2,0.5,0.5,0.28639485605594334,0.3938767836216063,0.2321611451682091,0.08756721515424053,17.81494140572073
1305,261.1741160773849,0.8333333333333334,0.2,0.5,0.5,0.2862659252375262,0.39409294786874943,0.23206432994836135,0.0875767969453623,17.81494140572073
1306,261.37424949966646,0.8333333333333334,0.2,0.5,0.5,0.2861336972578175,0.39430735030803227,0.23196937858364486,0.08758957385050464,17.81494140572073
1307,261.574382921948,0.8333333333333334,0.2,0.5,0.5,0.285998308871203,0.3945198132527266,0.23187636094540048,0.08760551693066919,17.81494140572073
1308,261.7745163442295,0.8333333333333334,0.2,0.5,0.5,0.2858598987372215,0.39473016149919604,0.23178534476361898,0.08762459499996271,17.81494140572073
1309,261.974649766511,0.8333333333333334,0.2,0.5,0.5,0.2857186075509352,0.3949382226039085,0.2316963952940746,0.08764677455108096,17.81494140572073
1310,262.1747831887925,0.8333333333333334,0.2,0.5,0.5,0.28557457768062144,0.3951438269216387,0.2316095755262789,0.08767201987146021,17.81494140572073
1311,262.374916611074,0.8333333333333334,0.2,0.5,0.5,0.28542795304338614,0.39534680775899594,0.23152494613026445,0.08770029306735269,17.81494140572073
1312,262.5750500333556,0.8333333333333334,0.2,0.5,0.5,0.28527887898077725,0.39554700152795164,0.23144256540336855,0.08773155408790174,17.81494140572073
1313,262.7751834556371,0.8333333333333334,0.2,0.5,0.5,0.2851275021343455,0.39574424789930734,0.23136248921710073,0.08776576074924565,17.81494140572073
1314,262.9753168779186,0.8333333333333334,0.2,0.5,0.5,0.28497396979056155,0.3959383893616808,0.23128477180396967,0.08780286904378719,17.81494140572073
1315,263.1754503002001,0.8333333333333334,0.2,0.5,0.5,0.28481842995086415,0.39612927159285966,0.23120946539649498,0.08784283305978044,17.81494140572073
1316,263.3755837224816,0.8333333333333334,0.2,0.5,0.5,0.2846610317911862,0.3963167442674896,0.23113661924971005,0.08788560469161341,17.81494140572073
1317,263.5757171447632,0.8333333333333334,0.2,0.5,0.5,0.2845019251671445,0.39650066079561436,0.23106628017429265,0.08793113386294774,17.81494140572073
1318,263.7758505670447,0.8333333333333334,0.2,0.5,0.5,0.2843412604799959,0.39668087846538336,0.23099849249863597,0.08797936855598398,17.81494140572073
1319,263.9759839893262,0.8333333333333334,0.2,0.5,0.5,0.28417918854259216,0.39685725858576004,0.2309332980309199,0.08803025484072717,17.81494140572073
1320,264.1761174116077,0.8333333333333334,0.2,0.5,0.5,0.2840158604453361,0.3970296666292291,0.23087073602118194,0.08808373690425209,17.81494140572073
1321,264.37625083388923,0.8333333333333334,0.2,0.5,0.5,0.2838514273767763,0.39719797166089277,0.23081084365716792,0.08813975730516219,17.81494140572073
1322,264.5763842561708,0.8333333333333334,0.2,0.5,0.5,0.28368604047165313,0.39736204619942456,0.2307536562371538,0.08819825709176772,17.81494140572073
1323,264.7765176784523,0.8333333333333334,0.2,0.5,0.5,0.28351985077727915,0.39752176793965455,0.23069920595027416,0.08825917533279133,17.81494140572073
1324,264.9766511007338,0.8333333333333334,0.2,0.5,0.5,0.28335300906891986,0.39767701909963843,0.23064752243372855,0.08832244939771232,17.81494140572073
1325,265.17678452301533,0.8333333333333334,0.2,0.5,0.5,0.2831856657138087,0.3978276865328317,0.23059863275769152,0.08838801499566723,17.81494140572073
1326,265.37691794529684,0.8333333333333334,0.2,0.5,0.5,0.2830179705359713,0.39797366185300215,0.2305525614006947,0.08845580621033107,17.81494140572073
1327,265.57705136757835,0.8333333333333334,0.2,0.5,0.5,0.28285007268104984,0.39811484155914206,0.23050933022500894,0.0885257555347983,17.81494140572073
1328,265.7771847898599,0.8333333333333334,0.2,0.5,0.5,0.2826821205975505,0.3982511264829078,0.23046895881780263,0.08859779410173833,17.81494140572073
1329,265.9773182121414,0.8333333333333334,0.2,0.5,0.5,0.28251426208050334,0.39838242087286974,0.23043146502839024,0.08867185201823588,17.81494140572073
1330,266.17745163442294,0.8333333333333334,0.2,0.5,0.5,0.2823466436967287,0.39850863507725387,0.23039686356261063,0.08874785766340597,17.81494140572073
1331,266.37758505670445,0.8333333333333334,0.2,0.5,0.5,0.2821794108333176,0.39862968460014175,0.23036516653522032,0.08882573803131953,17.81494140572073
1332,266.57771847898596,0.8333333333333334,0.2,0.5,0.5,0.28201270757938224,0.39874549012789007,0.23033638349845292,0.08890541879427398,17.81494140572073
1333,266.7778519012675,0.8333333333333334,0.2,0.5,0.5,0.2818466765950674,0.39885597762967845,0.2303105214305562,0.0889868243446972,17.81494140572073
1334,266.97798532354904,0.8333333333333334,0.2,0.5,0.5,0.2816814589805619,0.39896107845805706,0.23028758472432886,0.08906987783705135,17.81494140572073
1335,267.17811874583055,0.8333333333333334,0.2,0.5,0.5,0.28151719430570865,0.3990607289138023,0.2302675754096263,0.08915450137086185,17.81494140572073
1336,267.37825216811206,0.8333333333333334,0.2,0.5,0.5,0.28135402102490703,0.3991548685255916,0.23025049393718147,0.08924061651231902,17.81494140572073
1337,267.57838559039357,0.8333333333333334,0.2,0.5,0.5,0.28119207536361096,0.3992434434278204,0.23023633773576235,0.08932814347280536,17.81494140572073
1338,267.77851901267513,0.8333333333333334,0.2,0.5,0.5,0.28103149151200685,0.39932640537819375,0.23022510167370067,0.08941700143609786,17.81494140572073
1339,267.97865243495664,0.8333333333333334,0.2,0.5,0.5,0.28087240156443993,0.39940371162339783,0.230216778150013,0.08950710866214837,17.81494140572073
1340,268.17878585723815,0.8333333333333334,0.2,0.5,0.5,0.2807149353973744,0.3994753249697982,0.2302113570959751,0.08959838253685144,17.81494140572073
1341,268.37891927951966,0.8333333333333334,0.2,0.5,0.5,0.280559220547354,0.39954121385413754,0.23020882597669565,0.08969073962181197,17.81494140572073
1342,268.5790527018012,0.8333333333333334,0.2,0.5,0.5,0.28040538223622274,0.39960135205196173,0.23020916991516574,0.08978409579664895,17.81494140572073
1343,268.7791861240827,0.8333333333333334,0.2,0.5,0.5,0.28025354425957993,0.3996557162624289,0.2302123725342495,0.08987836694374081,17.81494140572073
1344,268.97931954636425,0.8333333333333334,0.2,0.5,0.5,0.2801038273898868,0.39970428980725276,0.2302184147316394,0.08997346807122016,17.81494140572073
1345,269.17945296864576,0.8333333333333334,0.2,0.5,0.5,0.27995634957273363,0.3997470619183435,0.23022727494616219,0.09006931356275975,17.81494140572073
1346,269.3795863909273,0.8333333333333334,0.2,0.5,0.5,0.27981122599035896,0.39978402735201696,0.23023892931368048,0.0901658173439427,17.81494140572073
1347,269.5797198132088,0.8333333333333334,0.2,0.5,0.5,0.2796685689537953,0.39981518642479563,0.23025335168046449,0.09026289294094367,17.81494140572073
1348,269.7798532354903,0.8333333333333334,0.2,0.5,0.5,0.27952848779501444,0.3998405450492107,0.23027051361656373,0.09036045353921028,17.81494140572073
1349,269.97998665777186,0.8333333333333334,0.2,0.5,0.5,0.2793910888274942,0.3998601146245447,0.23029038447252462,0.09045841207543562,17.81494140572073
1350,270.18012008005337,0.8333333333333334,0.2,0.5,0.5,0.2792564763070717,0.39987390980689463,0.23031293206980427,0.09055668181622852,17.81494140572073
1351,270.3802535023349,0.8333333333333334,0.2,0.5,0.5,0.27912475120882335,0.3998819509094174,0.23033812200760523,0.09065517587415307,17.81494140572073
1352,270.5803869246164,0.8333333333333334,0.2,0.5,0.5,0.2789960111103075,0.3998842639570069,0.23036591767060682,0.09075380726207795,17.81494140572073
1353,270.7805203468979,0.8333333333333334,0.2,0.5,0.5,0.27887035035457775,0.3998808801478341,0.2303962804139361,0.09085248908365123,17.81494140572073
1354,270.98065376917947,0.8333333333333334,0.2,0.5,0.5,0.2787478599682389,0.3998718358342179,0.2304291695929538,0.09095113460458851,17.81494140572073
1355,271.180787191461,0.8333333333333334,0.2,0.5,0.5,0.27862862766090424,0.3998571723679852,0.23046454263919008,0.09104965733191969,17.81494140572073
1356,271.3809206137425,0.8333333333333334,0.2,0.5,0.5,0.2785127380941788,0.3998369354971481,0.23050235528908425,0.09114797111958806,17.81494140572073
1357,271.581054036024,0.8333333333333334,0.2,0.5,0.5,0.27840027227266734,0.39981117622415535,0.23054256131496859,0.0912459901882079,17.81494140572073
1358,271.7811874583055,0.8333333333333334,0.2,0.5,0.5,0.27829130761464926,0.3997799505326952,0.23058511264138012,0.09134362921127467,17.81494140572073
1359,271.981320880587,0.8333333333333334,0.2,0.5,0.5,0.27818591791807484,0.39974331928875856,0.23062995940202574,0.09144080339114015,17.81494140572073
1360,272.1814543028686,0.8333333333333334,0.2,0.5,0.5,0.27808417328807133,0.39970134820577696,0.23067704997492636,0.09153742853122465,17.81494140572073
1361,272.3815877251501,0.8333333333333334,0.2,0.5,0.5,0.2779861404505091,0.3996541071803451,0.23072633116582586,0.09163342120331923,17.81494140572073
1362,272.5817211474316,0.8333333333333334,0.2,0.5,0.5,0.27789188308525914,0.3996016695958397,0.23077774839916237,0.09172869891973813,17.81494140572073
1363,272.7818545697131,0.8333333333333334,0.2,0.5,0.5,0.27780146068820644,0.3995441140246888,0.23083124534401384,0.09182317994309022,17.81494140572073
1364,272.98198799199463,0.8333333333333334,0.2,0.5,0.5,0.2777149289727595,0.3994815234207165,0.23088676413128095,0.09191678347524238,17.81494140572073
1365,273.1821214142762,0.8333333333333334,0.2,0.5,0.5,0.2776323398350208,0.39941398502287356,0.23094424540329628,0.09200942973880875,17.81494140572073
1366,273.3822548365577,0.8333333333333334,0.2,0.5,0.5,0.27755374130350763,0.3993415902845376,0.23100362835750513,0.09210104005444904,17.81494140572073
1367,273.5823882588392,0.8333333333333334,0.2,0.5,0.5,0.2774791780858434,0.3992644339893476,0.23106485102172616,0.09219153690308224,17.81494140572073
1368,273.7825216811207,0.8333333333333334,0.2,0.5,0.5,0.2774086912816277,0.39918261450324977,0.2311278502059521,0.09228084400916978,17.81494140572073
1369,273.98265510340224,0.8333333333333334,0.2,0.5,0.5,0.27734231782807583,0.39909623439068714,0.23119256135048513,0.09236888643075118,17.81494140572073
1370,274.1827885256838,0.8333333333333334,0.2,0.5,0.5,0.27728009078253607,0.39900539989041234,0.23125891869871784,0.09245559062833307,17.81494140572073
1371,274.3829219479653,0.8333333333333334,0.2,0.5,0.5,0.27722203928912065,0.3989102208217445,0.23132685534737402,0.0925408845417601,17.81494140572073
1372,274.5830553702468,0.8333333333333334,0.2,0.5,0.5,0.2771681885868581,0.3988108104403047,0.2313963033136808,0.09262469765915565,17.81494140572073
1373,274.78318879252834,0.8333333333333334,0.2,0.5,0.5,0.27711856071426316,0.39870728444636666,0.23146719388652098,0.09270696095284839,17.81494140572073
1374,274.98332221480985,0.8333333333333334,0.2,0.5,0.5,0.2770731737333355,0.39859976179473133,0.2315394573738483,0.09278760709808405,17.81494140572073
1375,275.18345563709136,0.8333333333333334,0.2,0.5,0.5,0.27703204165850603,0.39848836464683707,0.23161302313756196,0.09286657055709413,17.81494140572073
1376,275.3835890593729,0.8333333333333334,0.2,0.5,0.5,0.27699517462072326,0.39837321803675824,0.23168781972426425,0.09294378761825346,17.81494140572073
1377,275.58372248165443,0.8333333333333334,0.2,0.5,0.5,0.2769625788520646,0.3982544497555845,0.2317637749228331,0.09301919646951697,17.81494140572073
1378,275.78385590393594,0.8333333333333334,0.2,0.5,0.5,0.276934256919275,0.3981321900249793,0.23184081587409294,0.09309273718165197,17.81494140572073
1379,275.98398932621745,0.8333333333333334,0.2,0.5,0.5,0.2769102080042421,0.3980065711309864,0.23191886919030902,0.0931643516744616,17.81494140572073
1380,276.18412274849896,0.8333333333333334,0.2,0.5,0.5,0.2768904276241883,0.39787772753235107,0.23199786095741937,0.09323398388604039,17.81494140572073
1381,276.38425617078053,0.8333333333333334,0.2,0.5,0.5,0.2768749072091211,0.3977457960897299,0.23207771670739308,0.09330157999375505,17.81494140572073
1382,276.58438959306204,0.8333333333333334,0.2,0.5,0.5,0.2768636344487002,0.39761091564326995,0.23215836155161934,0.09336708835640958,17.81494140572073
1383,276.78452301534355,0.8333333333333334,0.2,0.5,0.5,0.2768565932871481,0.39747322688826525,0.2322397202406358,0.0934304595839499,17.81494140572073
1384,276.98465643762506,0.8333333333333334,0.2,0.5,0.5,0.2768537642433223,0.39733287205795664,0.23232171729131398,0.09349164640740615,17.81494140572073
1385,277.1847898599066,0.8333333333333334,0.2,0.5,0.5,0.2768551247888594,0.39718999457117693,0.23240427712609704,0.09355060351386574,17.81494140572073
1386,277.38492328218814,0.8333333333333334,0.2,0.5,0.5,0.27686064840218494,0.39704473946095414,0.23248732393756846,0.09360728819929151,17.81494140572073
1387,277.58505670446965,0.8333333333333334,0.2,0.5,0.5,0.2768703050159292,0.39689725297952183,0.23257078184207203,0.09366166016247607,17.81494140572073
1388,277.78519012675116,0.8333333333333334,0.2,0.5,0.5,0.2768840610766015,0.39674768243140024,0.23265457495290592,0.09371368153909145,17.81494140572073
1389,277.98532354903267,0.8333333333333334,0.2,0.5,0.5,0.27690187959106977,0.39659617601340263,0.23273862745078575,0.093763316944741,17.81494140572073
1390,278.1854569713142,0.8333333333333334,0.2,0.5,0.5,0.2769237201782221,0.3964428826507138,0.2328228636553891,0.09381053351567412,17.81494140572073
1391,278.3855903935957,0.8333333333333334,0.2,0.5,0.5,0.27694953922101195,0.39628795192956867,0.23290720807718973,0.09385530077222881,17.81494140572073
1392,278.58572381587726,0.8333333333333334,0.2,0.5,0.5,0.2769792900672202,0.3961315340719744,0.23299158546086526,0.09389759039993929,17.81494140572073
1393,278.78585723815877,0.8333333333333334,0.2,0.5,0.5,0.27701292278099665,0.3959737794266653,0.23307592092902998,0.0939373768633072,17.81494140572073
1394,278.9859906604403,0.8333333333333334,0.2,0.5,0.5,0.2770503843549016,0.39581483843693255,0.23316014002760643,0.09397463718055851,17.81494140572073
1395,279.1861240827218,0.8333333333333334,0.2,0.5,0.5,0.27709161880475847,0.3956548614753059,0.23324416879900475,0.09400935092093002,17.81494140572073
1396,279.3862575050033,0.8333333333333334,0.2,0.5,0.5,0.27713656726248814,0.3954939986667014,0.2333279338579565,0.09404150021285311,17.81494140572073
1397,279.58639092728487,0.8333333333333334,0.2,0.5,0.5,0.2771851680747081,0.395332399708256,0.2334113624683033,0.09407106974873168,17.81494140572073
1398,279.7865243495664,0.8333333333333334,0.2,0.5,0.5,0.2772373565568991,0.39517021413834996,0.233494382480025,0.09409804682472506,17.81494140572073
1399,279.9866577718479,0.8333333333333334,0.2,0.5,0.5,0.27729306448139385,0.3950075919537,0.23357692215795267,0.09412242140695258,17.81494140572073
1400,280.1867911941294,0.8333333333333334,0.2,0.5,0.5,0.27735222149194544,0.3948446817411945,0.23365891078324688,0.09414418598361221,17.81494140572073
1401,280.3869246164109,0.8333333333333334,0.2,0.5,0.5,0.277414754675632,0.3946816311948277,0.23374027851310525,0.0941633356164342,17.81494140572073
1402,280.5870580386925,0.8333333333333334,0.2,0.5,0.5,0.2774805886124229,0.39451858701956666,0.23382095643103948,0.09417986793697006,17.81494140572073
1403,280.787191460974,0.8333333333333334,0.2,0.5,0.5,0.2775496454679162,0.3943556947835727,0.2339008766131371,0.09419378313537305,17.81494140572073
1404,280.9873248832555,0.8333333333333334,0.2,0.5,0.5,0.2776218450895008,0.39419309877013087,0.23397997219433783,0.09420508394602961,17.81494140572073
1405,281.187458305537,0.8333333333333334,0.2,0.5,0.5,0.2776971049556312,0.3940309420513349,0.2340581773590407,0.09421377563399233,17.81494140572073
1406,281.3875917278185,0.8333333333333334,0.2,0.5,0.5,0.27777533995822384,0.39386936681305845,0.23413542724597697,0.09421986598273978,17.81494140572073
1407,281.5877251501,0.8333333333333334,0.2,0.5,0.5,0.2778564631310244,0.3937085132872856,0.2342116583276745,0.09422336525401452,17.81494140572073
1408,281.7878585723816,0.8333333333333334,0.2,0.5,0.5,0.2779403855081532,0.3935485199741308,0.2342868083502517,0.09422428616746333,17.81494140572073
1409,281.9879919946631,0.8333333333333334,0.2,0.5,0.5,0.2780270161963286,0.3933895235529787,0.23436081637908934,0.09422264387160238,17.81494140572073
1410,282.1881254169446,0.8333333333333334,0.2,0.5,0.5,0.2781162624725556,0.39323165876077537,0.23443362285561403,0.09421845591105397,17.81494140572073
1411,282.3882588392261,0.8333333333333334,0.2,0.5,0.5,0.27820802988413773,0.393075058271657,0.23450516965354112,0.09421174219066314,17.81494140572073
1412,282.58839226150764,0.8333333333333334,0.2,0.5,0.5,0.27830222227225065,0.3929198527069709,0.23457540007224917,0.09420252494852831,17.81494140572073
1413,282.7885256837892,0.8333333333333334,0.2,0.5,0.5,0.2783987416770867,0.39276617084449483,0.23464425873405512,0.09419082874436233,17.81494140572073
1414,282.9886591060707,0.8333333333333334,0.2,0.5,0.5,0.27849748880782305,0.39261413890730146,0.2347116919260885,0.09417668035878603,17.81494140572073
1415,283.1887925283522,0.8333333333333334,0.2,0.5,0.5,0.278598363012386,0.3924638806773814,0.23477764754394653,0.09416010876628514,17.81494140572073
1416,283.38892595063373,0.8333333333333334,0.2,0.5,0.5,0.27870126236258097,0.3923155174253777,0.23484207512426555,0.09414114508777488,17.81494140572073
1417,283.58905937291524,0.8333333333333334,0.2,0.5,0.5,0.2788060837570742,0.3921691678162125,0.23490492588904074,0.09411982253767161,17.81494140572073
1418,283.7891927951968,0.8333333333333334,0.2,0.5,0.5,0.2789127230260609,0.392024947817095,0.23496615278890157,0.09409617636794163,17.81494140572073
1419,283.9893262174783,0.8333333333333334,0.2,0.5,0.5,0.27902107499127116,0.39188297066445554,0.23502571050220983,0.09407024384206251,17.81494140572073
1420,284.18945963975983,0.8333333333333334,0.2,0.5,0.5,0.2791310334356581,0.3917433469455088,0.23508355534749134,0.09404206427134085,17.81494140572073
1421,284.38959306204134,0.8333333333333334,0.2,0.5,0.5,0.2792424914508192,0.3916061842234117,0.23513964554478253,0.09401167878098558,17.81494140572073
1422,284.58972648432285,0.8333333333333334,0.2,0.5,0.5,0.2793553414618866,0.3914715870603554,0.23519394117420708,0.09397913030354987,17.81494140572073
1423,284.7898599066044,0.8333333333333334,0.2,0.5,0.5,0.2794694753213944,0.39133965696094103,0.23524640419613083,0.09394446352153277,17.81494140572073
1424,284.98999332888593,0.8333333333333334,0.2,0.5,0.5,0.279584784416932,0.3912104923031744,0.23529699848153293,0.0939077247983596,17.81494140572073
1425,285.19012675116744,0.8333333333333334,0.2,0.5,0.5,0.2797011597800707,0.391084188272347,0.23534568984094711,0.09386896210663412,17.81494140572073
1426,285.39026017344895,0.8333333333333334,0.2,0.5,0.5,0.27981849212308185,0.39096083684638483,0.2353924460136214,0.09382822501691084,17.81494140572073
1427,285.59039359573046,0.8333333333333334,0.2,0.5,0.5,0.27993667169332015,0.3908405269054789,0.2354372365594163,0.09378556484178359,17.81494140572073
1428,285.79052701801197,0.8333333333333334,0.2,0.5,0.5,0.2800555888051269,0.3907233438974916,0.23548003310223067,0.09374103419514983,17.81494140572073
1429,285.99066044029354,0.8333333333333334,0.2,0.5,0.5,0.2801751338102422,0.3906093698783281,0.23552080927827101,0.09369468703315759,17.81494140572073
1430,286.19079386257505,0.8333333333333334,0.2,0.5,0.5,0.28029519717541745,0.3904986834851584,0.23555954073817906,0.09364657860124402,17.81494140572073
1431,286.39092728485656,0.8333333333333334,0.2,0.5,0.5,0.2804156695864142,0.3903913598959205,0.23559620516083715,0.09359676535682719,17.81494140572073
1432,286.59106070713807,0.8333333333333334,0.2,0.5,0.5,0.28053644205254374,0.3902874707921942,0.23563078226536155,0.09354530488989947,17.81494140572073
1433,286.7911941294196,0.8333333333333334,0.2,0.5,0.5,0.28065740595763955,0.39018708433245003,0.2356632538034487,0.09349225590646082,17.81494140572073
1434,286.99132755170115,0.8333333333333334,0.2,0.5,0.5,0.2807784529445383,0.39009026515029016,0.23569360349485252,0.09343767841031808,17.81494140572073
1435,287.19146097398266,0.8333333333333334,0.2,0.5,0.5,0.28089947536465193,0.3899970742829782,0.23572181714713727,0.09338163320523164,17.81494140572073
1436,287.39159439626417,0.8333333333333334,0.2,0.5,0.5,0.28102036627483185,0.38990756916201214,0.23574788262421828,0.09332418193893675,17.81494140572073
1437,287.5917278185457,0.8333333333333334,0.2,0.5,0.5,0.281141019510272,0.38982180359729535,0.23577178983797648,0.09326538705445517,17.81494140572073
1438,287.7918612408272,0.8333333333333334,0.2,0.5,0.5,0.2812613297819676,0.3897398277615685,0.23579353074597698,0.09320531171048585,17.81494140572073
1439,287.99199466310876,0.8333333333333334,0.2,0.5,0.5,0.2813811927741123,0.3896616881782899,0.23581309934717687,0.09314401970042,17.81494140572073
1440,288.19212808539027,0.8333333333333334,0.2,0.5,0.5,0.2815005051900681,0.38958742771060245,0.2358304916677718,0.09308157543155662,17.81494140572073
1441,288.3922615076718,0.8333333333333334,0.2,0.5,0.5,0.28161916460484154,0.3895170855448567,0.2358457057154669,0.09301804413483386,17.81494140572073
1442,288.5923949299533,0.8333333333333334,0.2,0.5,0.5,0.2817370699252934,0.3894506972055243,0.23585874152463498,0.09295349134454635,17.81494140572073
1443,288.7925283522348,0.8333333333333334,0.2,0.5,0.5,0.28185412138004934,0.3893882945519415,0.23586960112759142,0.09288798294041678,17.81494140572073
1444,288.9926617745163,0.8333333333333334,0.2,0.5,0.5,0.2819702205761431,0.38932990578157173,0.23587828853406734,0.09282158510821682,17.81494140572073
1445,289.1927951967979,0.8333333333333334,0.2,0.5,0.5,0.28208527058503685,0.3892755554380699,0.2358848097131719,0.09275436426372044,17.81494140572073
1446,289.3929286190794,0.8333333333333334,0.2,0.5,0.5,0.28219917602793526,0.38922526442276534,0.23588917257324551,0.09268638697605297,17.81494140572073
1447,289.5930620413609,0.8333333333333334,0.2,0.5,0.5,0.28231184312150615,0.3891790499931188,0.23589138694496725,0.09261771994040684,17.81494140572073
1448,289.7931954636424,0.8333333333333334,0.2,0.5,0.5,0.28242317954568424,0.3891369256896653,0.2358914645867915,0.09254843017785805,17.81494140572073
1449,289.9933288859239,0.8333333333333334,0.2,0.5,0.5,0.2825330948333588,0.38909890148735227,0.2358894191162078,0.09247858456308017,17.81494140572073
1450,290.1934623082055,0.8333333333333334,0.2,0.5,0.5,0.28264150037044067,0.38906498378584403,0.2358852659925254,0.09240824985118894,17.81494140572073
1451,290.393595730487,0.8333333333333334,0.2,0.5,0.5,0.28274830943954143,0.3890351754219843,0.2358790224914369,0.09233749264703643,17.81494140572073
1452,290.5937291527685,0.8333333333333334,0.2,0.5,0.5,0.28285343729163764,0.3890094756978089,0.23587070767351667,0.0922663793370359,17.81494140572073
1453,290.79386257505,0.8333333333333334,0.2,0.5,0.5,0.2829568012164773,0.38898788041174437,0.23586034235068618,0.09219497602109122,17.81494140572073
1454,290.9939959973315,0.8333333333333334,0.2,0.5,0.5,0.283058320580316,0.3889703818760682,0.23584794906207462,0.09212334848154026,17.81494140572073
1455,291.1941294196131,0.8333333333333334,0.2,0.5,0.5,0.2831579166900231,0.38895696884469216,0.23583355211055293,0.09205156235473086,17.81494140572073
1456,291.3942628418946,0.8333333333333334,0.2,0.5,0.5,0.28325551313639147,0.3889476267029701,0.2358171774224506,0.09197968273818692,17.81494140572073
1457,291.5943962641761,0.8333333333333334,0.2,0.5,0.5,0.28335103579313814,0.38894233747587853,0.23579885253003668,0.09190777420094573,17.81494140572073
1458,291.7945296864576,0.8333333333333334,0.2,0.5,0.5,0.2834444128425664,0.38894107985442294,0.235778606541812,0.09183590076119773,17.81494140572073
1459,291.99466310873913,0.8333333333333334,0.2,0.5,0.5,0.28353557482976516,0.3889438292412814,0.23575647009992926,0.09176412582902325,17.81494140572073
1460,292.19479653102064,0.8333333333333334,0.2,0.5,0.5,0.2836244547150436,0.38895055779935933,0.23573247533576508,0.09169251214983108,17.81494140572073
1461,292.3949299533022,0.8333333333333334,0.2,0.5,0.5,0.2837109879042903,0.38896123448398007,0.23570665584016695,0.09162112177156177,17.81494140572073
1462,292.5950633755837,0.8333333333333334,0.2,0.5,0.5,0.28379511214363407,0.3889758249508682,0.23567904674081108,0.09155001616468571,17.81494140572073
1463,292.79519679786523,0.8333333333333334,0.2,0.5,0.5,0.2838767677670686,0.3889942918037254,0.23564968448912793,0.09147925594007704,17.81494140572073
1464,292.99533022014674,0.8333333333333334,0.2,0.5,0.5,0.28395589770016916,0.3890165946148958,0.2356186068423708,0.09140890084256321,17.81494140572073
1465,293.19546364242825,0.8333333333333334,0.2,0.5,0.5,0.2840324474724766,0.3890426899588444,0.23558585283534916,0.0913390097333288,17.81494140572073
1466,293.3955970647098,0.8333333333333334,0.2,0.5,0.5,0.28410636525290445,0.389072531472075,0.23555146273014785,0.0912696405448716,17.81494140572073
1467,293.59573048699133,0.8333333333333334,0.2,0.5,0.5,0.2841776018830027,0.3891060699156004,0.23551547796430553,0.09120085023709022,17.81494140572073
1468,293.79586390927284,0.8333333333333334,0.2,0.5,0.5,0.28424611117666776,0.3891432529678908,0.23547794125062507,0.09113269460481521,17.81494140572073
1469,293.99599733155435,0.8333333333333334,0.2,0.5,0.5,0.28431184853294084,0.3891840263307172,0.23543889604505447,0.09106522909128639,17.81494140572073
1470,294.19613075383586,0.8333333333333334,0.2,0.5,0.5,0.2843747734254011,0.3892283318704768,0.23539838742293687,0.0909985072811842,17.81494140572073
1471,294.3962641761174,0.8333333333333334,0.2,0.5,0.5,0.28443484748607,0.3892761094019875,0.23535646112671774,0.09093258198522375,17.81494140572073
1472,294.59639759839894,0.8333333333333334,0.2,0.5,0.5,0.2844920351456744,0.38932729614795125,0.23531316385038897,0.09086750485598437,17.81494140572073
1473,294.79653102068045,0.8333333333333334,0.2,0.5,0.5,0.28454630363938116,0.38938182681982175,0.23526854317988002,0.09080332636091608,17.81494140572073
1474,294.99666444296196,0.8333333333333334,0.2,0.5,0.5,0.2845976230125327,0.389439633698671,0.23522264753344888,0.0907400957553464,17.81494140572073
1475,295.19679786524347,0.8333333333333334,0.2,0.5,0.5,0.2846459661203467,0.38950064670213486,0.2351755261176485,0.09067786105986894,17.81494140572073
1476,295.396931287525,0.8333333333333334,0.2,0.5,0.5,0.28469130856921937,0.38956479331664623,0.23512722903400185,0.09061666908013151,17.81494140572073
1477,295.59706470980655,0.8333333333333334,0.2,0.5,0.5,0.28473362879803665,0.3896319988526437,0.23507780702434855,0.09055656532497001,17.81494140572073
1478,295.79719813208806,0.8333333333333334,0.2,0.5,0.5,0.2847729080760525,0.38970218650731414,0.23502731143151245,0.09049759398511976,17.81494140572073
1479,295.99733155436957,0.8333333333333334,0.2,0.5,0.5,0.2848091304947947,0.3897752774135585,0.2349757941753827,0.09043979791626289,17.81494140572073
1480,296.1974649766511,0.8333333333333334,0.2,0.5,0.5,0.28484228297231773,0.3898511907174385,0.23492330769713105,0.09038321861311151,17.81494140572073
1481,296.3975983989326,0.8333333333333334,0.2,0.5,0.5,0.2848723552281966,0.389929843646483,0.23486990492507098,0.0903278962002482,17.81494140572073
1482,296.59773182121415,0.8333333333333334,0.2,0.5,0.5,0.2848993396324942,0.3900111515386192,0.23481563933373814,0.09027386949514715,17.81494140572073
1483,296.79786524349566,0.8333333333333334,0.2,0.5,0.5,0.2849232314314978,0.39009502798881807,0.23476056472427795,0.09022117585540493,17.81494140572073
1484,296.9979986657772,0.8333333333333334,0.2,0.5,0.5,0.28494402869544316,0.39018138490888,0.23470473521047622,0.09016985118519931,17.81494140572073
1485,297.1981320880587,0.8333333333333334,0.2,0.5,0.5,0.28496173229916305,0.39027013259750776,0.23464820518043622,0.09011992992289165,17.81494140572073
1486,297.3982655103402,0.8333333333333334,0.2,0.5,0.5,0.2849763459225233,0.3903611798165608,0.2345910292436188,0.09007144501729576,17.81494140572073
1487,297.59839893262176,0.8333333333333334,0.2,0.5,0.5,0.2849878759048124,0.39045443391309986,0.23453326219928206,0.09002442798280434,17.81494140572073
1488,297.7985323549033,0.8333333333333334,0.2,0.5,0.5,0.28499633085356724,0.3905498010184202,0.23447495904090346,0.0899789090871078,17.81494140572073
1489,297.9986657771848,0.8333333333333334,0.2,0.5,0.5,0.28500172233930826,0.3906471859066279,0.23441617480148563,0.08993491695257685,17.81494140572073
1490,298.1987991994663,0.8333333333333334,0.2,0.5,0.5,0.285004064649208,0.3907464921482621,0.23435696453675486,0.08989247866577366,17.81494140572073
1491,298.3989326217478,0.8333333333333334,0.2,0.5,0.5,0.2850033747441731,0.39084762220014246,0.23429738327855357,0.08985161977712958,17.81494140572073
1492,298.5990660440293,0.8333333333333334,0.2,0.5,0.5,0.28499967224762734,0.3909504774852772,0.23423748598358798,0.08981236428350615,17.81494140572073
1493,298.7991994663109,0.8333333333333334,0.2,0.5,0.5,0.28499297918138233,0.3910549585561949,0.23417732751253834,0.08977473474988329,17.81494140572073
1494,298.9993328885924,0.8333333333333334,0.2,0.5,0.5,0.2849833196598307,0.3911609652720219,0.23411696261417247,0.0897387524539737,17.81494140572073
1495,299.1994663108739,0.8333333333333334,0.2,0.5,0.5,0.28497072062166934,0.3912683966333343,0.234056445784902,0.08970443696009316,17.81494140572073
1496,299.3995997331554,0.8333333333333334,0.2,0.5,0.5,0.28495521149403263,0.3913771509691507,0.2339958312565045,0.08967180628031096,17.81494140572073
1497,299.5997331554369,0.8333333333333334,0.2,0.5,0.5,0.2849368241542512,0.3914871260257549,0.23393517294811558,0.08964087687187709,17.81494140572073
1498,299.7998665777185,0.8333333333333334,0.2,0.5,0.5,0.2849155929051561,0.39159821905105024,0.23387452441659456,0.08961166362719793,17.81494140572073
1499,300.0,0.8333333333333334,0.2,0.5,0.5,0.284891554120348,0.3917103269514864,0.23381393888587385,0.08958418004229064,17.81494140572073
