,time,beta,alpha,sigma_D,sigma_C,S_c,S_d,I_c,I_d,R0
0,0.0,0.5,0.2,0.20833333333333331,0.5,0.16660000000000008,0.833,6.66666666666667e-05,0.0003333333333333333,9.780851675847671
1,0.200133422281521,0.5,0.2,0.20833333333333331,0.5,0.1665969455601252,0.8329847278006255,6.972110654153545e-05,0.0003486055327076771,9.780851675847671
2,0.400266844563042,0.5,0.2,0.20833333333333331,0.5,0.16659375127920367,0.8329687563960181,7.291538746304643e-05,0.000364576937315232,9.780851675847671
3,0.600400266844563,0.5,0.2,0.20833333333333331,0.5,0.16659041076373418,0.8329520538186707,7.625590293252386e-05,0.00038127951466261905,9.780851675847671
4,0.800533689126084,0.5,0.2,0.20833333333333331,0.5,0.16658691837080677,0.8329345918540337,7.974829585992277e-05,0.0003987414792996136,9.780851675847671
5,1.0006671114076051,0.5,0.2,0.20833333333333331,0.5,0.16658326646398308,0.8329163323199151,8.340020268362139e-05,0.0004170010134181067,9.780851675847671
6,1.200800533689126,0.5,0.2,0.20833333333333331,0.5,0.16657944700987315,0.8328972350493655,8.721965679353633e-05,0.0004360982839676814,9.780851675847671
7,1.400933955970647,0.5,0.2,0.20833333333333331,0.5,0.16657545222671719,0.8328772611335857,9.121443994949632e-05,0.00045607219974748143,9.780851675847671
8,1.601067378252168,0.5,0.2,0.20833333333333331,0.5,0.16657127441922145,0.8328563720961072,9.53922474452209e-05,0.0004769612372261043,9.780851675847671
9,1.801200800533689,0.5,0.2,0.20833333333333331,0.5,0.16656690573179697,0.8328345286589848,9.976093486971023e-05,0.0004988046743485511,9.780851675847671
10,2.0013342228152102,0.5,0.2,0.20833333333333331,0.5,0.1665623370167354,0.8328116850836769,0.00010432964993129582,0.000521648249656479,9.780851675847671
11,2.201467645096731,0.5,0.2,0.20833333333333331,0.5,0.16655755913538478,0.8327877956769238,0.00010910753128189602,0.0005455376564094801,9.780851675847671
12,2.401601067378252,0.5,0.2,0.20833333333333331,0.5,0.16655256250405745,0.8327628125202869,0.00011410416260927277,0.0005705208130463638,9.780851675847671
13,2.601734489659773,0.5,0.2,0.20833333333333331,0.5,0.16654733819965853,0.8327366909982923,0.00011932846700819586,0.0005966423350409792,9.780851675847671
14,2.801867911941294,0.5,0.2,0.20833333333333331,0.5,0.16654187440467708,0.8327093720233851,0.00012479226198962675,0.0006239613099481337,9.780851675847671
15,3.002001334222815,0.5,0.2,0.20833333333333331,0.5,0.1665361612081885,0.8326808060409423,0.00013050545847818762,0.0006525272923909379,9.780851675847671
16,3.202134756504336,0.5,0.2,0.20833333333333331,0.5,0.16653018688922733,0.8326509344461362,0.00013647977743938862,0.0006823988871969429,9.780851675847671
17,3.402268178785857,0.5,0.2,0.20833333333333331,0.5,0.16652393954701641,0.8326196977350817,0.0001427271196502892,0.0007136355982514458,9.780851675847671
18,3.602401601067378,0.5,0.2,0.20833333333333331,0.5,0.16651740669811263,0.8325870334905628,0.00014925996855406768,0.0007462998427703382,9.780851675847671
19,3.802535023348899,0.5,0.2,0.20833333333333331,0.5,0.16651057523917778,0.8325528761958887,0.00015609142748889592,0.0007804571374444794,9.780851675847671
20,4.0026684456304205,0.5,0.2,0.20833333333333331,0.5,0.1665034316447773,0.8325171582238863,0.0001632350218893925,0.0008161751094469623,9.780851675847671
21,4.202801867911941,0.5,0.2,0.20833333333333331,0.5,0.16649596165091402,0.8324798082545699,0.00017070501575266572,0.0008535250787633284,9.780851675847671
22,4.402935290193462,0.5,0.2,0.20833333333333331,0.5,0.16648815034509495,0.8324407517254746,0.0001785163215717297,0.0008925816078586483,9.780851675847671
23,4.603068712474983,0.5,0.2,0.20833333333333331,0.5,0.1664799821534029,0.8323999107670143,0.00018668451326377998,0.0009334225663188996,9.780851675847671
24,4.803202134756504,0.5,0.2,0.20833333333333331,0.5,0.16647144077565873,0.8323572038782933,0.00019522589100797122,0.0009761294550398557,9.780851675847671
25,5.003335557038025,0.5,0.2,0.20833333333333331,0.5,0.1664625093000269,0.8323125465001342,0.00020415736663980026,0.001020786833199001,9.780851675847671
26,5.203468979319546,0.5,0.2,0.20833333333333331,0.5,0.1664531701666072,0.8322658508330358,0.00021349650005946942,0.0010674825002973468,9.780851675847671
27,5.403602401601067,0.5,0.2,0.20833333333333331,0.5,0.16644340493980436,0.8322170246990215,0.00022326172686231455,0.0011163086343115721,9.780851675847671
28,5.603735823882588,0.5,0.2,0.20833333333333331,0.5,0.16643319392355416,0.8321659696177705,0.00023347274311253307,0.0011673637155626647,9.780851675847671
29,5.803869246164109,0.5,0.2,0.20833333333333331,0.5,0.1664225169293862,0.8321125846469307,0.00024414973728047954,0.001220748686402397,9.780851675847671
30,6.00400266844563,0.5,0.2,0.20833333333333331,0.5,0.16641135300936727,0.832056765046836,0.0002553136572994191,0.0012765682864970948,9.780851675847671
31,6.204136090727151,0.5,0.2,0.20833333333333331,0.5,0.16639968023141538,0.8319984011570767,0.0002669864352513039,0.0013349321762565188,9.780851675847671
32,6.404269513008672,0.5,0.2,0.20833333333333331,0.5,0.16638747486792194,0.8319373743396093,0.00027919179874476074,0.001395958993723803,9.780851675847671
33,6.604402935290193,0.5,0.2,0.20833333333333331,0.5,0.16637471310256252,0.8318735655128123,0.0002919535641041726,0.0014597678205208625,9.780851675847671
34,6.804536357571714,0.5,0.2,0.20833333333333331,0.5,0.16636136991821002,0.8318068495910498,0.00030529674845668095,0.001526483742283404,9.780851675847671
35,7.004669779853235,0.5,0.2,0.20833333333333331,0.5,0.1663474190321554,0.8317370951607768,0.00031924763451126334,0.0015962381725563158,9.780851675847671
36,7.204803202134756,0.5,0.2,0.20833333333333331,0.5,0.16633283255900155,0.8316641627950075,0.00033383410766512294,0.0016691705383256137,9.780851675847671
37,7.404936624416277,0.5,0.2,0.20833333333333331,0.5,0.16631758182147785,0.831587909107389,0.00034908484518882745,0.0017454242259441362,9.780851675847671
38,7.605070046697798,0.5,0.2,0.20833333333333331,0.5,0.1663016369165925,0.8315081845829622,0.00036502975007417763,0.0018251487503708871,9.780851675847671
39,7.805203468979319,0.5,0.2,0.20833333333333331,0.5,0.16628496664589248,0.8314248332294621,0.00038170002077420187,0.0019085001038710084,9.780851675847671
40,8.005336891260841,0.5,0.2,0.20833333333333331,0.5,0.1662675383507552,0.8313376917537756,0.0003991283159114797,0.0019956415795573976,9.780851675847671
41,8.205470313542362,0.5,0.2,0.20833333333333331,0.5,0.16624931768720314,0.8312465884360153,0.0004173489794635424,0.002086744897317711,9.780851675847671
42,8.405603735823883,0.5,0.2,0.20833333333333331,0.5,0.16623026888747794,0.8311513444373894,0.00043639777918873213,0.0021819888959436597,9.780851675847671
43,8.605737158105404,0.5,0.2,0.20833333333333331,0.5,0.16621035456438418,0.8310517728219206,0.0004563121022824879,0.002281560511412438,9.780851675847671
44,8.805870580386925,0.5,0.2,0.20833333333333331,0.5,0.16618953563294434,0.8309476781647213,0.00047713103372234967,0.0023856551686117474,9.780851675847671
45,9.006004002668446,0.5,0.2,0.20833333333333331,0.5,0.166167771306263,0.8308388565313147,0.0004988953604036618,0.0024944768020183075,9.780851675847671
46,9.206137424949967,0.5,0.2,0.20833333333333331,0.5,0.16614501920536545,0.8307250960268271,0.0005216474613012015,0.002608237306506006,9.780851675847671
47,9.406270847231488,0.5,0.2,0.20833333333333331,0.5,0.16612123499519313,0.8306061749759653,0.0005454316714735444,0.00272715835736772,9.780851675847671
48,9.606404269513009,0.5,0.2,0.20833333333333331,0.5,0.16609637241772646,0.830481862088632,0.0005702942489402172,0.0028514712447010844,9.780851675847671
49,9.80653769179453,0.5,0.2,0.20833333333333331,0.5,0.1660703832411981,0.8303519162059902,0.000596283425468568,0.002981417127342838,9.780851675847671
50,10.00667111407605,0.5,0.2,0.20833333333333331,0.5,0.1660432171234737,0.8302160856173681,0.0006234495431929814,0.0031172477159649055,9.780851675847671
51,10.206804536357572,0.5,0.2,0.20833333333333331,0.5,0.16601482123158126,0.830074106157906,0.0006518454350854093,0.003259227175427045,9.780851675847671
52,10.406937958639093,0.5,0.2,0.20833333333333331,0.5,0.1659851406202382,0.8299257031011907,0.0006815260464284781,0.003407630232142389,9.780851675847671
53,10.607071380920614,0.5,0.2,0.20833333333333331,0.5,0.16595411804092783,0.829770590204639,0.0007125486257388289,0.003562743128694143,9.780851675847671
54,10.807204803202135,0.5,0.2,0.20833333333333331,0.5,0.16592169383579347,0.8296084691789671,0.0007449728308731865,0.003724864154365931,9.780851675847671
55,11.007338225483656,0.5,0.2,0.20833333333333331,0.5,0.1658878057936528,0.8294390289682638,0.0007788608730138452,0.0038943043650692248,9.780851675847671
56,11.207471647765177,0.5,0.2,0.20833333333333331,0.5,0.1658523886022296,0.8292619430111476,0.0008142780644370774,0.004071390322185385,9.780851675847671
57,11.407605070046698,0.5,0.2,0.20833333333333331,0.5,0.16581537434830262,0.8290768717415129,0.0008512923183640416,0.004256461591820207,9.780851675847671
58,11.607738492328219,0.5,0.2,0.20833333333333331,0.5,0.165776692325674,0.8288834616283697,0.0008899743409926695,0.004449871704963346,9.780851675847671
59,11.80787191460974,0.5,0.2,0.20833333333333331,0.5,0.1657362688808071,0.8286813444040353,0.0009303977858595546,0.004651988929297772,9.780851675847671
60,12.00800533689126,0.5,0.2,0.20833333333333331,0.5,0.1656940272307671,0.8284701361538351,0.0009726394358996046,0.004863197179498021,9.780851675847671
61,12.208138759172781,0.5,0.2,0.20833333333333331,0.5,0.16564988711714196,0.8282494355857095,0.0010167795495247302,0.005083897747623648,9.780851675847671
62,12.408272181454302,0.5,0.2,0.20833333333333331,0.5,0.16560376480132083,0.8280188240066038,0.0010629018653458616,0.005314509326729306,9.780851675847671
63,12.608405603735823,0.5,0.2,0.20833333333333331,0.5,0.16555557330398682,0.8277778665199338,0.0011110933626798647,0.005555466813399322,9.780851675847671
64,12.808539026017344,0.5,0.2,0.20833333333333331,0.5,0.16550522206990634,0.8275261103495313,0.0011614445967603583,0.00580722298380179,9.780851675847671
65,13.008672448298865,0.5,0.2,0.20833333333333331,0.5,0.16545261684367663,0.8272630842183829,0.0012140498229900598,0.006070249114950297,9.780851675847671
66,13.208805870580386,0.5,0.2,0.20833333333333331,0.5,0.16539765908143067,0.826988295407153,0.001269007585236035,0.006345037926180173,9.780851675847671
67,13.408939292861907,0.5,0.2,0.20833333333333331,0.5,0.16534024624532934,0.8267012312266464,0.0013264204213373548,0.006632102106686771,9.780851675847671
68,13.609072715143428,0.5,0.2,0.20833333333333331,0.5,0.1652802717250705,0.8264013586253521,0.0013863949415961986,0.00693197470798099,9.780851675847671
69,13.80920613742495,0.5,0.2,0.20833333333333331,0.5,0.16521762457702613,0.8260881228851303,0.001449042089640577,0.007245210448202883,9.780851675847671
70,14.00933955970647,0.5,0.2,0.20833333333333331,0.5,0.16515218937063608,0.82576094685318,0.001514477296030622,0.007572386480153108,9.780851675847671
71,14.209472981987991,0.5,0.2,0.20833333333333331,0.5,0.16508384601636578,0.8254192300818287,0.0015828206503008917,0.007914103251504457,9.780851675847671
72,14.409606404269512,0.5,0.2,0.20833333333333331,0.5,0.16501246956463123,0.8250623478231559,0.0016541971020354463,0.00827098551017723,9.780851675847671
73,14.609739826551033,0.5,0.2,0.20833333333333331,0.5,0.16493793008835853,0.8246896504417923,0.001728736578308159,0.008643682891540792,9.780851675847671
74,14.809873248832554,0.5,0.2,0.20833333333333331,0.5,0.1648600924850199,0.8243004624250992,0.001806574181646774,0.009032870908233868,9.780851675847671
75,15.010006671114075,0.5,0.2,0.20833333333333331,0.5,0.16477881628820665,0.823894081441033,0.0018878503784600282,0.00943925189230014,9.780851675847671
76,15.210140093395596,0.5,0.2,0.20833333333333331,0.5,0.1646939554762074,0.8234697773810369,0.001972711190459263,0.009863555952296314,9.780851675847671
77,15.410273515677117,0.5,0.2,0.20833333333333331,0.5,0.1646053586664573,0.8230267933322865,0.002061308000209363,0.010306540001046811,9.780851675847671
78,15.610406937958638,0.5,0.2,0.20833333333333331,0.5,0.16451286883272992,0.8225643441636494,0.002153797833936761,0.010768989169683801,9.780851675847671
79,15.810540360240159,0.5,0.2,0.20833333333333331,0.5,0.16441632277128637,0.8220816138564316,0.002250343895380312,0.011251719476901557,9.780851675847671
80,16.010673782521682,0.5,0.2,0.20833333333333331,0.5,0.16431555111952956,0.8215777555976477,0.0023511155471371194,0.011755577735685594,9.780851675847671
81,16.210807204803203,0.5,0.2,0.20833333333333331,0.5,0.16421037817224876,0.8210518908612435,0.0024562884944179307,0.012281442472089649,9.780851675847671
82,16.410940627084724,0.5,0.2,0.20833333333333331,0.5,0.16410062174215465,0.8205031087107731,0.00256604492451203,0.012830224622560145,9.780851675847671
83,16.611074049366245,0.5,0.2,0.20833333333333331,0.5,0.16398609340079698,0.8199304670039846,0.00268057326586972,0.013402866329348595,9.780851675847671
84,16.811207471647766,0.5,0.2,0.20833333333333331,0.5,0.16386659782840213,0.8193329891420105,0.002800068838264562,0.014000344191322804,9.780851675847671
85,17.011340893929287,0.5,0.2,0.20833333333333331,0.5,0.16374193269856724,0.818709663492836,0.002924733968099448,0.014623669840497233,9.780851675847671
86,17.211474316210808,0.5,0.2,0.20833333333333331,0.5,0.16361188857529302,0.8180594428764649,0.0030547780913736697,0.015273890456868344,9.780851675847671
87,17.41160773849233,0.5,0.2,0.20833333333333331,0.5,0.1634762487428209,0.8173812437141044,0.003190417923845773,0.015952089619228862,9.780851675847671
88,17.61174116077385,0.5,0.2,0.20833333333333331,0.5,0.1633347893012569,0.8166739465062842,0.0033318773654098105,0.016659386827049042,9.780851675847671
89,17.81187458305537,0.5,0.2,0.20833333333333331,0.5,0.16318727934105678,0.8159363967052837,0.003479387325609918,0.017396936628049583,9.780851675847671
90,18.01200800533689,0.5,0.2,0.20833333333333331,0.5,0.163033480070624,0.8151674003531196,0.0036331865960427213,0.018165932980213597,9.780851675847671
91,18.212141427618413,0.5,0.2,0.20833333333333331,0.5,0.16287314497787217,0.8143657248893607,0.0037935216887945208,0.018967608443972595,9.780851675847671
92,18.412274849899934,0.5,0.2,0.20833333333333331,0.5,0.1627060197130139,0.8135300985650693,0.003960646953652791,0.01980323476826395,9.780851675847671
93,18.612408272181455,0.5,0.2,0.20833333333333331,0.5,0.16253184198411028,0.812659209920551,0.004134824682556453,0.02067412341278226,9.780851675847671
94,18.812541694462976,0.5,0.2,0.20833333333333331,0.5,0.16235034245459626,0.8117517122729809,0.004316324212070453,0.021581621060352257,9.780851675847671
95,19.012675116744497,0.5,0.2,0.20833333333333331,0.5,0.1621612439908222,0.8108062199541106,0.004505422675844507,0.02252711337922253,9.780851675847671
96,19.212808539026017,0.5,0.2,0.20833333333333331,0.5,0.16196426122558855,0.8098213061279423,0.004702405441078174,0.023512027205390862,9.780851675847671
97,19.41294196130754,0.5,0.2,0.20833333333333331,0.5,0.1617591008453624,0.8087955042268117,0.004907565821304309,0.02453782910652154,9.780851675847671
98,19.61307538358906,0.5,0.2,0.20833333333333331,0.5,0.16154546156037805,0.8077273078018897,0.005121205106288684,0.02560602553144341,9.780851675847671
99,19.81320880587058,0.5,0.2,0.20833333333333331,0.5,0.16132303433819709,0.8066151716909851,0.005343632328469645,0.026718161642348214,9.780851675847671
100,20.0133422281521,0.5,0.2,0.20833333333333331,0.5,0.1610915037112826,0.8054575185564127,0.005575162955384103,0.027875814776920506,9.780851675847671
101,20.213475650433622,0.5,0.2,0.20833333333333331,0.5,0.1608505464473918,0.8042527322369586,0.005816120219274937,0.02908060109637467,9.780851675847671
102,20.413609072715143,0.5,0.2,0.20833333333333331,0.5,0.1605998320308257,0.8029991601541281,0.006066834635841037,0.030334173179205167,9.780851675847671
103,20.613742494996664,0.5,0.2,0.20833333333333331,0.5,0.16033902296818553,0.8016951148409271,0.0063276436984812,0.03163821849240597,9.780851675847671
104,20.813875917278185,0.5,0.2,0.20833333333333331,0.5,0.16006777529243535,0.8003388764621763,0.006598891374231372,0.03299445687115684,9.780851675847671
105,21.014009339559706,0.5,0.2,0.20833333333333331,0.5,0.15978573878662966,0.7989286939331478,0.006880927880037065,0.0344046394001853,9.780851675847671
106,21.214142761841227,0.5,0.2,0.20833333333333331,0.5,0.1594925570799416,0.7974627853997075,0.00717410958672514,0.03587054793362568,9.780851675847671
107,21.41427618412275,0.5,0.2,0.20833333333333331,0.5,0.1591878681027509,0.7959393405137541,0.0074787985639158065,0.03739399281957901,9.780851675847671
108,21.61440960640427,0.5,0.2,0.20833333333333331,0.5,0.15887130475920616,0.7943565237960304,0.0077953619074605605,0.03897680953730279,9.780851675847671
109,21.81454302868579,0.5,0.2,0.20833333333333331,0.5,0.15854249669699774,0.7927124834849882,0.008124169969668981,0.04062084984834488,9.780851675847671
110,22.01467645096731,0.5,0.2,0.20833333333333331,0.5,0.15820106930883868,0.7910053465441929,0.008465597357828054,0.04232798678914025,9.780851675847671
111,22.214809873248832,0.5,0.2,0.20833333333333331,0.5,0.15784664474100854,0.7892332237050422,0.008820021925658181,0.04410010962829088,9.780851675847671
112,22.414943295530353,0.5,0.2,0.20833333333333331,0.5,0.15747884268555942,0.7873942134277966,0.009187823981107313,0.04593911990553654,9.780851675847671
113,22.615076717811874,0.5,0.2,0.20833333333333331,0.5,0.15709728208396215,0.7854864104198104,0.009569384582704569,0.04784692291352282,9.780851675847671
114,22.815210140093395,0.5,0.2,0.20833333333333331,0.5,0.15670158173491455,0.7835079086745723,0.009965084931752168,0.04982542465876082,9.780851675847671
115,23.015343562374916,0.5,0.2,0.20833333333333331,0.5,0.15629136062450857,0.7814568031225425,0.010375306042158137,0.05187653021079066,9.780851675847671
116,23.215476984656437,0.5,0.2,0.20833333333333331,0.5,0.15586623930171625,0.7793311965085808,0.010800427364950472,0.054002136824752335,9.780851675847671
117,23.415610406937958,0.5,0.2,0.20833333333333331,0.5,0.1554258412280429,0.7771292061402139,0.011240825438623855,0.05620412719311925,9.780851675847671
118,23.61574382921948,0.5,0.2,0.20833333333333331,0.5,0.15496979497594285,0.7748489748797136,0.011696871690723904,0.05848435845361949,9.780851675847671
119,23.815877251501,0.5,0.2,0.20833333333333331,0.5,0.15449773429784883,0.7724886714892435,0.012168932368817923,0.060844661844089584,9.780851675847671
120,24.01601067378252,0.5,0.2,0.20833333333333331,0.5,0.15400929986053158,0.7700464993026573,0.012657366806135155,0.06328683403067574,9.780851675847671
121,24.216144096064042,0.5,0.2,0.20833333333333331,0.5,0.1535041408086857,0.767520704043428,0.013162525857981031,0.06581262928990513,9.780851675847671
122,24.416277518345563,0.5,0.2,0.20833333333333331,0.5,0.15298191704723438,0.7649095852361714,0.013684749619432356,0.06842374809716173,9.780851675847671
123,24.616410940627084,0.5,0.2,0.20833333333333331,0.5,0.15244230068887035,0.7622115034443511,0.014224365977796402,0.07112182988898197,9.780851675847671
124,24.816544362908605,0.5,0.2,0.20833333333333331,0.5,0.15188497746715027,0.7594248873357508,0.01478168919951648,0.07390844599758235,9.780851675847671
125,25.016677785190126,0.5,0.2,0.20833333333333331,0.5,0.15130964886878112,0.756548244343905,0.01535701779788562,0.07678508898942804,9.780851675847671
126,25.216811207471647,0.5,0.2,0.20833333333333331,0.5,0.15071603409363588,0.7535801704681788,0.01595063257303088,0.07975316286515434,9.780851675847671
127,25.416944629753168,0.5,0.2,0.20833333333333331,0.5,0.15010387204499223,0.7505193602249606,0.016562794621674516,0.08281397310837253,9.780851675847671
128,25.61707805203469,0.5,0.2,0.20833333333333331,0.5,0.14947292357074257,0.7473646178537123,0.017193743095924172,0.0859687154796208,9.780851675847671
129,25.81721147431621,0.5,0.2,0.20833333333333331,0.5,0.14882297366511413,0.7441148683255702,0.01784369300155261,0.089218465007763,9.780851675847671
130,26.01734489659773,0.5,0.2,0.20833333333333331,0.5,0.1481538337548086,0.7407691687740425,0.018512832911858155,0.09256416455929072,9.780851675847671
131,26.21747831887925,0.5,0.2,0.20833333333333331,0.5,0.14746534276689777,0.7373267138344884,0.019201323899768967,0.09600661949884477,9.780851675847671
132,26.417611741160773,0.5,0.2,0.20833333333333331,0.5,0.14675737007608025,0.7337868503804008,0.01990929659058648,0.09954648295293232,9.780851675847671
133,26.617745163442294,0.5,0.2,0.20833333333333331,0.5,0.14602981851264143,0.7301490925632068,0.020636848154025292,0.10318424077012639,9.780851675847671
134,26.817878585723815,0.5,0.2,0.20833333333333331,0.5,0.14528262642543407,0.72641313212717,0.021384040241232666,0.10692020120616326,9.780851675847671
135,27.018012008005336,0.5,0.2,0.20833333333333331,0.5,0.14451576954890896,0.7225788477445444,0.02215089711775778,0.11075448558878885,9.780851675847671
136,27.218145430286857,0.5,0.2,0.20833333333333331,0.5,0.14372926077535117,0.7186463038767553,0.02293740589131559,0.1146870294565779,9.780851675847671
137,27.418278852568378,0.5,0.2,0.20833333333333331,0.5,0.14292315491358215,0.7146157745679104,0.023743511753084586,0.11871755876542289,9.780851675847671
138,27.6184122748499,0.5,0.2,0.20833333333333331,0.5,0.14209755014836417,0.7104877507418205,0.024569116518302573,0.12284558259151283,9.780851675847671
139,27.81854569713142,0.5,0.2,0.20833333333333331,0.5,0.1412525892748874,0.7062629463744367,0.02541407739177934,0.12707038695889664,9.780851675847671
140,28.01867911941294,0.5,0.2,0.20833333333333331,0.5,0.14038846163789884,0.7019423081894937,0.02627820502876792,0.13139102514383955,9.780851675847671
141,28.21881254169446,0.5,0.2,0.20833333333333331,0.5,0.13950540543639306,0.6975270271819648,0.02716126123027369,0.1358063061513684,9.780851675847671
142,28.418945963975982,0.5,0.2,0.20833333333333331,0.5,0.13860370875128927,0.693018543756446,0.028062957915377478,0.14031478957688734,9.780851675847671
143,28.619079386257503,0.5,0.2,0.20833333333333331,0.5,0.13768370798412188,0.688418539920609,0.02898295868254488,0.14491479341272437,9.780851675847671
144,28.819212808539024,0.5,0.2,0.20833333333333331,0.5,0.1367457918241597,0.683728959120798,0.029920874842507064,0.14960437421253528,9.780851675847671
145,29.019346230820545,0.5,0.2,0.20833333333333331,0.5,0.13579040173163986,0.6789520086581989,0.0308762649350269,0.15438132467513443,9.780851675847671
146,29.219479653102066,0.5,0.2,0.20833333333333331,0.5,0.13481803081961313,0.6740901540980652,0.031848635847053636,0.1592431792352681,9.780851675847671
147,29.419613075383587,0.5,0.2,0.20833333333333331,0.5,0.13382922374727263,0.6691461187363626,0.03283744291939414,0.1641872145969706,9.780851675847671
148,29.61974649766511,0.5,0.2,0.20833333333333331,0.5,0.13282457842669518,0.6641228921334754,0.0338420882399716,0.1692104411998579,9.780851675847671
149,29.81987991994663,0.5,0.2,0.20833333333333331,0.5,0.1318047448486952,0.6590237242434756,0.03486192181797157,0.17430960908985782,9.780851675847671
150,30.02001334222815,0.5,0.2,0.20833333333333331,0.5,0.13077042216017407,0.6538521108008699,0.035896244506492696,0.17948122253246343,9.780851675847671
151,30.22014676450967,0.5,0.2,0.20833333333333331,0.5,0.12972235961738823,0.6486117980869407,0.03694430704927855,0.1847215352463927,9.780851675847671
152,30.420280186791192,0.5,0.2,0.20833333333333331,0.5,0.12866135511406804,0.6433067755703398,0.03800531155259873,0.19002655776299357,9.780851675847671
153,30.620413609072713,0.5,0.2,0.20833333333333331,0.5,0.12758825239829177,0.6379412619914585,0.039078414268374995,0.1953920713418749,9.780851675847671
154,30.820547031354234,0.5,0.2,0.20833333333333331,0.5,0.12650393833720694,0.6325196916860343,0.04016272832945984,0.20081364164729912,9.780851675847671
155,31.020680453635755,0.5,0.2,0.20833333333333331,0.5,0.1254093418050251,0.6270467090251252,0.04125732486164168,0.20628662430820827,9.780851675847671
156,31.220813875917276,0.5,0.2,0.20833333333333331,0.5,0.12430543033653535,0.6215271516826764,0.04236123633013144,0.21180618165065707,9.780851675847671
157,31.420947298198797,0.5,0.2,0.20833333333333331,0.5,0.12319320661790938,0.6159660330895464,0.04347346004875741,0.21736730024378695,9.780851675847671
158,31.621080720480318,0.5,0.2,0.20833333333333331,0.5,0.12207370527177225,0.6103685263588609,0.044592961394894534,0.22296480697447255,9.780851675847671
159,31.82121414276184,0.5,0.2,0.20833333333333331,0.5,0.12094798904847795,0.6047399452423894,0.04571867761818884,0.22859338809094407,9.780851675847671
160,32.021347565043364,0.5,0.2,0.20833333333333331,0.5,0.11981714535950386,0.5990857267975189,0.046849521307162925,0.23424760653581456,9.780851675847671
161,32.22148098732488,0.5,0.2,0.20833333333333331,0.5,0.11868228263749664,0.5934114131874828,0.04798438402917015,0.2399219201458507,9.780851675847671
162,32.421614409606406,0.5,0.2,0.20833333333333331,0.5,0.1175445243056166,0.5877226215280826,0.04912214236105019,0.2456107118052509,9.780851675847671
163,32.62174783188792,0.5,0.2,0.20833333333333331,0.5,0.11640500442845716,0.5820250221422855,0.050261662238209624,0.2513083111910481,9.780851675847671
164,32.82188125416945,0.5,0.2,0.20833333333333331,0.5,0.1152648636586938,0.5763243182934685,0.05140180300797298,0.25700901503986484,9.780851675847671
165,33.022014676450965,0.5,0.2,0.20833333333333331,0.5,0.11412524806515925,0.5706262403257959,0.05254141860150753,0.2627070930075376,9.780851675847671
166,33.22214809873249,0.5,0.2,0.20833333333333331,0.5,0.11298730060415872,0.5649365030207932,0.053679366062508053,0.2683968303125402,9.780851675847671
167,33.42228152101401,0.5,0.2,0.20833333333333331,0.5,0.11185215730303266,0.5592607865151629,0.054814509363634134,0.2740725468181705,9.780851675847671
168,33.62241494329553,0.5,0.2,0.20833333333333331,0.5,0.11072094336904928,0.553604716845246,0.0559457232976175,0.27972861648808733,9.780851675847671
169,33.82254836557705,0.5,0.2,0.20833333333333331,0.5,0.10959476768221423,0.5479738384110707,0.05707189898445257,0.28535949492226265,9.780851675847671
170,34.02268178785857,0.5,0.2,0.20833333333333331,0.5,0.10847471791830343,0.5423735895915168,0.058191948748363365,0.2909597437418166,9.780851675847671
171,34.22281521014009,0.5,0.2,0.20833333333333331,0.5,0.10736185958540609,0.5368092979270301,0.0593048070812607,0.2965240354063033,9.780851675847671
172,34.422948632421615,0.5,0.2,0.20833333333333331,0.5,0.10625723056322016,0.5312861528161005,0.06040943610344663,0.30204718051723295,9.780851675847671
173,34.62308205470313,0.5,0.2,0.20833333333333331,0.5,0.1051618357100005,0.5258091785500021,0.0615048309566663,0.3075241547833313,9.780851675847671
174,34.82321547698466,0.5,0.2,0.20833333333333331,0.5,0.10407664523858944,0.5203832261929467,0.06259002142807736,0.31295010714038657,9.780851675847671
175,35.023348899266175,0.5,0.2,0.20833333333333331,0.5,0.1030025919340681,0.5150129596703401,0.06366407473259869,0.3183203736629932,9.780851675847671
176,35.2234823215477,0.5,0.2,0.20833333333333331,0.5,0.10194056626032236,0.5097028313016114,0.06472610040634444,0.323630502031722,9.780851675847671
177,35.42361574382922,0.5,0.2,0.20833333333333331,0.5,0.10089141483836923,0.5044570741918458,0.06577525182829756,0.32887625914148755,9.780851675847671
178,35.62374916611074,0.5,0.2,0.20833333333333331,0.5,0.09985593973319264,0.49927969866596283,0.06681072693347416,0.33405363466737054,9.780851675847671
179,35.82388258839226,0.5,0.2,0.20833333333333331,0.5,0.09883489421901741,0.4941744710950867,0.06783177244764939,0.33915886223824665,9.780851675847671
180,36.02401601067378,0.5,0.2,0.20833333333333331,0.5,0.09782898182548168,0.4891449091274081,0.06883768484118512,0.34418842420592527,9.780851675847671
181,36.2241494329553,0.5,0.2,0.20833333333333331,0.5,0.09683885632607658,0.48419428163038264,0.06982781034059021,0.34913905170295073,9.780851675847671
182,36.424282855236825,0.5,0.2,0.20833333333333331,0.5,0.0958651196148042,0.47932559807402075,0.07080154705186259,0.3540077352593126,9.780851675847671
183,36.62441627751834,0.5,0.2,0.20833333333333331,0.5,0.0949083212451621,0.47454160622581015,0.0717583454215047,0.3587917271075232,9.780851675847671
184,36.82454969979987,0.5,0.2,0.20833333333333331,0.5,0.09396895861280498,0.4698447930640246,0.07269770805386182,0.36348854026930877,9.780851675847671
185,37.024683122081385,0.5,0.2,0.20833333333333331,0.5,0.0930474768246502,0.4652373841232507,0.0736191898420166,0.36809594921008265,9.780851675847671
186,37.22481654436291,0.5,0.2,0.20833333333333331,0.5,0.0921442690375807,0.4607213451879032,0.07452239762908609,0.3726119881454302,9.780851675847671
187,37.42494996664443,0.5,0.2,0.20833333333333331,0.5,0.09125967671915297,0.4562983835957645,0.07540698994751383,0.37703494973756885,9.780851675847671
188,37.62508338892595,0.5,0.2,0.20833333333333331,0.5,0.09039399073172084,0.4519699536586039,0.07627267593494595,0.3813633796747295,9.780851675847671
189,37.82521681120747,0.5,0.2,0.20833333333333331,0.5,0.08954745295819141,0.44773726479095677,0.07711921370847538,0.3855960685423766,9.780851675847671
190,38.02535023348899,0.5,0.2,0.20833333333333331,0.5,0.08872025770601563,0.4436012885300779,0.07794640896065116,0.38973204480325546,9.780851675847671
191,38.22548365577051,0.5,0.2,0.20833333333333331,0.5,0.08791255135920405,0.43956275679601997,0.07875411530746275,0.3937705765373134,9.780851675847671
192,38.425617078052035,0.5,0.2,0.20833333333333331,0.5,0.0871244348846587,0.4356221744232932,0.0795422317820081,0.39771115891004016,9.780851675847671
193,38.62575050033355,0.5,0.2,0.20833333333333331,0.5,0.08635596719716167,0.4317798359858081,0.08031069946950513,0.40155349734752527,9.780851675847671
194,38.82588392261508,0.5,0.2,0.20833333333333331,0.5,0.08560716682289483,0.4280358341144739,0.08105949984377196,0.4052974992188595,9.780851675847671
195,39.026017344896594,0.5,0.2,0.20833333333333331,0.5,0.08487801153519133,0.42439005767595633,0.08178865513147547,0.40894327565737704,9.780851675847671
196,39.22615076717812,0.5,0.2,0.20833333333333331,0.5,0.0841684410456301,0.42084220522815025,0.0824982256210367,0.4124911281051831,9.780851675847671
197,39.426284189459636,0.5,0.2,0.20833333333333331,0.5,0.08347836070754644,0.417391803537732,0.08318830595912036,0.4159415297956014,9.780851675847671
198,39.62641761174116,0.5,0.2,0.20833333333333331,0.5,0.08280764290927796,0.41403821454638945,0.08385902375738884,0.4192951187869439,9.780851675847671
199,39.82655103402268,0.5,0.2,0.20833333333333331,0.5,0.08215612912708417,0.4107806456354205,0.08451053753958263,0.4225526876979129,9.780851675847671
200,40.0266844563042,0.5,0.2,0.20833333333333331,0.5,0.08152363300625862,0.4076181650312928,0.08514303366040818,0.4257151683020406,9.780851675847671
201,40.22681787858572,0.5,0.2,0.20833333333333331,0.5,0.0809099423478339,0.40454971173916915,0.0857567243188329,0.4287836215941642,9.780851675847671
202,40.426951300867245,0.5,0.2,0.20833333333333331,0.5,0.08031481915985608,0.4015740957992801,0.08635184750681071,0.43175923753405326,9.780851675847671
203,40.62708472314876,0.5,0.2,0.20833333333333331,0.5,0.07973800406871248,0.39869002034356205,0.08692866259795431,0.4346433129897713,9.780851675847671
204,40.82721814543029,0.5,0.2,0.20833333333333331,0.5,0.07917921821083133,0.3958960910541564,0.08748744845583546,0.43743724227917696,9.780851675847671
205,41.027351567711804,0.5,0.2,0.20833333333333331,0.5,0.07863816428438736,0.3931908214219365,0.08802850238227944,0.44014251191139686,9.780851675847671
206,41.22748498999333,0.5,0.2,0.20833333333333331,0.5,0.07811452908433812,0.3905726454216903,0.08855213758232867,0.4427606879116431,9.780851675847671
207,41.427618412274846,0.5,0.2,0.20833333333333331,0.5,0.07760798581626081,0.3880399290813038,0.08905868085040598,0.44529340425202957,9.780851675847671
208,41.62775183455637,0.5,0.2,0.20833333333333331,0.5,0.07711819531661876,0.3855909765830935,0.08954847135004804,0.4477423567502399,9.780851675847671
209,41.82788525683789,0.5,0.2,0.20833333333333331,0.5,0.07664480755142156,0.3832240377571075,0.09002185911524524,0.45010929557622587,9.780851675847671
210,42.02801867911941,0.5,0.2,0.20833333333333331,0.5,0.0761874640983943,0.38093732049197115,0.0904792025682725,0.4523960128413622,9.780851675847671
211,42.22815210140093,0.5,0.2,0.20833333333333331,0.5,0.07574579937271793,0.3787289968635893,0.09092086729394887,0.4546043364697441,9.780851675847671
212,42.428285523682455,0.5,0.2,0.20833333333333331,0.5,0.07531944161134069,0.3765972080567031,0.09134722505532611,0.45673612527663027,9.780851675847671
213,42.62841894596397,0.5,0.2,0.20833333333333331,0.5,0.07490801489140064,0.3745400744570029,0.09175865177526615,0.4587932588763305,9.780851675847671
214,42.8285523682455,0.5,0.2,0.20833333333333331,0.5,0.0745111403058542,0.37255570152927076,0.09215552636081259,0.4607776318040626,9.780851675847671
215,43.028685790527014,0.5,0.2,0.20833333333333331,0.5,0.07412843694643438,0.3706421847321716,0.09253822972023241,0.4626911486011618,9.780851675847671
216,43.22881921280854,0.5,0.2,0.20833333333333331,0.5,0.0737595231914866,0.3687976159574327,0.0929071434751802,0.46453571737590066,9.780851675847671
217,43.428952635090056,0.5,0.2,0.20833333333333331,0.5,0.07340401776831033,0.3670200888415514,0.09326264889835646,0.46631324449178196,9.780851675847671
218,43.62908605737158,0.5,0.2,0.20833333333333331,0.5,0.0730615406494461,0.3653077032472303,0.0936051260172207,0.4680256300861031,9.780851675847671
219,43.8292194796531,0.5,0.2,0.20833333333333331,0.5,0.07273171392997983,0.3636585696498989,0.09393495273668696,0.46967476368343447,9.780851675847671
220,44.02935290193462,0.5,0.2,0.20833333333333331,0.5,0.07241416263177251,0.3620708131588623,0.09425250403489428,0.47126252017447107,9.780851675847671
221,44.22948632421614,0.5,0.2,0.20833333333333331,0.5,0.0721085153863176,0.3605425769315877,0.0945581512803492,0.47279075640174567,9.780851675847671
222,44.429619746497664,0.5,0.2,0.20833333333333331,0.5,0.07181440514838246,0.3590720257419121,0.09485226151828434,0.47426130759142127,9.780851675847671
223,44.62975316877918,0.5,0.2,0.20833333333333331,0.5,0.0715314699428639,0.35765734971431934,0.0951351967238029,0.47567598361901403,9.780851675847671
224,44.829886591060706,0.5,0.2,0.20833333333333331,0.5,0.0712593530147513,0.3562967650737563,0.0954073136519155,0.4770365682595771,9.780851675847671
225,45.030020013342224,0.5,0.2,0.20833333333333331,0.5,0.07099770332385838,0.3549885166192917,0.09566896334280842,0.47834481671404167,9.780851675847671
226,45.23015343562375,0.5,0.2,0.20833333333333331,0.5,0.07074617594421377,0.35373087972106865,0.09592049072245303,0.4796024536122647,9.780851675847671
227,45.430286857905266,0.5,0.2,0.20833333333333331,0.5,0.07050443318808981,0.3525221659404489,0.09616223347857698,0.4808111673928845,9.780851675847671
228,45.63042028018679,0.5,0.2,0.20833333333333331,0.5,0.07027214405429849,0.35136072027149223,0.0963945226123683,0.48197261306184114,9.780851675847671
229,45.83055370246831,0.5,0.2,0.20833333333333331,0.5,0.07004898443038392,0.3502449221519194,0.09661768223628288,0.483088411181414,9.780851675847671
230,46.03068712474983,0.5,0.2,0.20833333333333331,0.5,0.0698346373173976,0.3491731865869878,0.0968320293492692,0.48416014674634555,9.780851675847671
231,46.23082054703135,0.5,0.2,0.20833333333333331,0.5,0.06962879367871039,0.3481439683935517,0.09703787298795641,0.48518936493978165,9.780851675847671
232,46.430953969312874,0.5,0.2,0.20833333333333331,0.5,0.06943115238014026,0.34715576190070113,0.09723551428652653,0.48617757143263224,9.780851675847671
233,46.63108739159439,0.5,0.2,0.20833333333333331,0.5,0.06924141958215023,0.34620709791075094,0.09742524708451657,0.48712623542258243,9.780851675847671
234,46.831220813875916,0.5,0.2,0.20833333333333331,0.5,0.0690593090295624,0.3452965451478118,0.0976073576371044,0.4880367881855216,9.780851675847671
235,47.03135423615743,0.5,0.2,0.20833333333333331,0.5,0.06888454231401404,0.34442271157007004,0.09778212435265275,0.48891062176326333,9.780851675847671
236,47.23148765843896,0.5,0.2,0.20833333333333331,0.5,0.06871684958710575,0.34358424793552855,0.09794981707956105,0.4897490853978048,9.780851675847671
237,47.431621080720475,0.5,0.2,0.20833333333333331,0.5,0.06855596832217108,0.34277984161085523,0.09811069834449572,0.49055349172247814,9.780851675847671
238,47.631754503002,0.5,0.2,0.20833333333333331,0.5,0.06840164357384891,0.34200821786924435,0.09826502309281789,0.491325115464089,9.780851675847671
239,47.83188792528352,0.5,0.2,0.20833333333333331,0.5,0.0682536279360363,0.3412681396801813,0.0984130387306305,0.49206519365315204,9.780851675847671
240,48.03202134756504,0.5,0.2,0.20833333333333331,0.5,0.06811168229775766,0.34055841148878807,0.09855498436890914,0.4927749218445453,9.780851675847671
241,48.23215476984656,0.5,0.2,0.20833333333333331,0.5,0.06797557491219308,0.3398778745609652,0.09869109175447371,0.4934554587723682,9.780851675847671
242,48.432288192128084,0.5,0.2,0.20833333333333331,0.5,0.0678450812321103,0.3392254061605513,0.09882158543455649,0.49410792717278207,9.780851675847671
243,48.6324216144096,0.5,0.2,0.20833333333333331,0.5,0.0677199838621309,0.3385999193106543,0.09894668280453589,0.49473341402267906,9.780851675847671
244,48.832555036691126,0.5,0.2,0.20833333333333331,0.5,0.06760007289247207,0.3380003644623601,0.09906659377419473,0.4953329688709733,9.780851675847671
245,49.03268845897264,0.5,0.2,0.20833333333333331,0.5,0.0674851456995894,0.3374257284979468,0.0991815209670774,0.4959076048353866,9.780851675847671
246,49.23282188125417,0.5,0.2,0.20833333333333331,0.5,0.06737500627764549,0.3368750313882272,0.0992916603890213,0.49645830194510615,9.780851675847671
247,49.432955303535685,0.5,0.2,0.20833333333333331,0.5,0.06726946527929548,0.33634732639647713,0.09939720138737132,0.49698600693685624,9.780851675847671
248,49.63308872581721,0.5,0.2,0.20833333333333331,0.5,0.06716833997361255,0.3358416998680625,0.09949832669305425,0.49749163346527087,9.780851675847671
249,49.83322214809873,0.5,0.2,0.20833333333333331,0.5,0.06707145449575157,0.3353572724787576,0.09959521217091523,0.4979760608545758,9.780851675847671
250,50.03335557038025,0.5,0.2,0.20833333333333331,0.5,0.06697863903009628,0.3348931951504811,0.09968802763657052,0.49844013818285227,9.780851675847671
251,50.23348899266177,0.5,0.2,0.20833333333333331,0.5,0.0668897298079101,0.33444864903955024,0.0997769368587567,0.49888468429378313,9.780851675847671
252,50.433622414943294,0.5,0.2,0.20833333333333331,0.5,0.06680456895301128,0.3340228447650561,0.09986209771365552,0.49931048856827714,9.780851675847671
253,50.63375583722481,0.5,0.2,0.20833333333333331,0.5,0.066723004678687,0.3336150233934347,0.0999436619879798,0.4997183099398986,9.780851675847671
254,50.833889259506336,0.5,0.2,0.20833333333333331,0.5,0.06664489077634388,0.3332244538817191,0.10002177589032292,0.5001088794516142,9.780851675847671
255,51.03402268178785,0.5,0.2,0.20833333333333331,0.5,0.0665700864098886,0.3328504320494427,0.1000965802567782,0.5004829012838906,9.780851675847671
256,51.23415610406938,0.5,0.2,0.20833333333333331,0.5,0.06649845600389603,0.33249228001947984,0.10016821066277076,0.5008410533138533,9.780851675847671
257,51.4342895263509,0.5,0.2,0.20833333333333331,0.5,0.06642986917883728,0.33214934589418604,0.10023679748782952,0.501183987439147,9.780851675847671
258,51.63442294863242,0.5,0.2,0.20833333333333331,0.5,0.06636420070895228,0.3318210035447611,0.10030246595771451,0.5015123297885721,9.780851675847671
259,51.834556370913944,0.5,0.2,0.20833333333333331,0.5,0.06630133004461632,0.33150665022308123,0.10036533662205048,0.5018266831102519,9.780851675847671
260,52.03468979319546,0.5,0.2,0.20833333333333331,0.5,0.06624114127529158,0.3312057063764576,0.10042552539137521,0.5021276269568756,9.780851675847671
261,52.234823215476986,0.5,0.2,0.20833333333333331,0.5,0.06618352303642468,0.330917615182123,0.10048314363024212,0.5024157181512101,9.780851675847671
262,52.4349566377585,0.5,0.2,0.20833333333333331,0.5,0.06612836853750026,0.3306418426875009,0.10053829812916654,0.5026914906458322,9.780851675847671
263,52.63509006004003,0.5,0.2,0.20833333333333331,0.5,0.06607557502191565,0.33037787510957783,0.10059109164475115,0.5029554582237553,9.780851675847671
264,52.835223482321545,0.5,0.2,0.20833333333333331,0.5,0.06602504372339252,0.3301252186169622,0.10064162294327428,0.5032081147163708,9.780851675847671
265,53.03535690460307,0.5,0.2,0.20833333333333331,0.5,0.06597667971127771,0.3298833985563882,0.10068998695538908,0.5034499347769449,9.780851675847671
266,53.23549032688459,0.5,0.2,0.20833333333333331,0.5,0.06593039172657794,0.32965195863288926,0.10073627494008885,0.5036813747004437,9.780851675847671
267,53.43562374916611,0.5,0.2,0.20833333333333331,0.5,0.06588609263678376,0.32943046318391833,0.10078057402988304,0.5039028701494147,9.780851675847671
268,53.63575717144763,0.5,0.2,0.20833333333333331,0.5,0.06584369892206672,0.32921849461033315,0.10082296774460008,0.5041148387229999,9.780851675847671
269,53.835890593729154,0.5,0.2,0.20833333333333331,0.5,0.06580313013530388,0.329015650676519,0.10086353653136292,0.5043176826568141,9.780851675847671
270,54.03602401601067,0.5,0.2,0.20833333333333331,0.5,0.06576430901978396,0.32882154509891937,0.10090235764688284,0.5045117882344137,9.780851675847671
271,54.236157438292196,0.5,0.2,0.20833333333333331,0.5,0.06572716135910085,0.32863580679550386,0.10093950530756594,0.5046975265378292,9.780851675847671
272,54.43629086057371,0.5,0.2,0.20833333333333331,0.5,0.06569161596647828,0.328458079832391,0.10097505070018852,0.5048752535009421,9.780851675847671
273,54.63642428285524,0.5,0.2,0.20833333333333331,0.5,0.06565760521577062,0.32828802607885266,0.10100906145089618,0.5050453072544804,9.780851675847671
274,54.836557705136755,0.5,0.2,0.20833333333333331,0.5,0.06562506392454381,0.3281253196227186,0.10104160274212298,0.5052080137106144,9.780851675847671
275,55.03669112741828,0.5,0.2,0.20833333333333331,0.5,0.06559392946369183,0.32796964731845873,0.10107273720297497,0.5053636860148744,9.780851675847671
276,55.2368245496998,0.5,0.2,0.20833333333333331,0.5,0.06556414170562715,0.3278207085281353,0.10110252496103965,0.5055126248051978,9.780851675847671
277,55.43695797198132,0.5,0.2,0.20833333333333331,0.5,0.06553564289360579,0.3276782144680286,0.101131023773061,0.5056551188653045,9.780851675847671
278,55.63709139426284,0.5,0.2,0.20833333333333331,0.5,0.0655083779942547,0.3275418899712731,0.1011582886724121,0.50579144336206,9.780851675847671
279,55.837224816544364,0.5,0.2,0.20833333333333331,0.5,0.06548229456867039,0.3274114728433515,0.10118437209799641,0.5059218604899816,9.780851675847671
280,56.03735823882588,0.5,0.2,0.20833333333333331,0.5,0.0654573419925313,0.32728670996265613,0.1012093246741355,0.506046623370677,9.780851675847671
281,56.237491661107406,0.5,0.2,0.20833333333333331,0.5,0.06543347168721746,0.32716735843608685,0.10123319497944934,0.5061659748972461,9.780851675847671
282,56.43762508338892,0.5,0.2,0.20833333333333331,0.5,0.06541063700854814,0.32705318504274034,0.10125602965811865,0.5062801482905928,9.780851675847671
283,56.63775850567045,0.5,0.2,0.20833333333333331,0.5,0.06538879320919681,0.3269439660459837,0.10127787345746998,0.5063893672873494,9.780851675847671
284,56.837891927951965,0.5,0.2,0.20833333333333331,0.5,0.06536789804705093,0.3268394902352542,0.10129876861961587,0.5064938430980789,9.780851675847671
285,57.03802535023349,0.5,0.2,0.20833333333333331,0.5,0.06534791083425555,0.32673955417127737,0.10131875583241125,0.5065937791620557,9.780851675847671
286,57.23815877251501,0.5,0.2,0.20833333333333331,0.5,0.06532879243016027,0.32664396215080094,0.10133787423650653,0.5066893711825322,9.780851675847671
287,57.43829219479653,0.5,0.2,0.20833333333333331,0.5,0.06531050527571228,0.32655252637856097,0.10135616139095452,0.5067808069547721,9.780851675847671
288,57.63842561707805,0.5,0.2,0.20833333333333331,0.5,0.0652930133009663,0.32646506650483115,0.10137365336570049,0.506868266828502,9.780851675847671
289,57.83855903935957,0.5,0.2,0.20833333333333331,0.5,0.06527628213352782,0.32638141066763876,0.10139038453313898,0.5069519226656943,9.780851675847671
290,58.03869246164109,0.5,0.2,0.20833333333333331,0.5,0.06526027927180451,0.3263013963590222,0.10140638739486228,0.5070319369743108,9.780851675847671
291,58.238825883922615,0.5,0.2,0.20833333333333331,0.5,0.06524497324341459,0.3262248662170726,0.1014216934232522,0.5071084671162605,9.780851675847671
292,58.43895930620413,0.5,0.2,0.20833333333333331,0.5,0.06523033385552754,0.32615166927763733,0.10143633281113926,0.5071816640556956,9.780851675847671
293,58.63909272848566,0.5,0.2,0.20833333333333331,0.5,0.06521633212821401,0.3260816606410697,0.10145033453845279,0.5072516726922633,9.780851675847671
294,58.839226150767175,0.5,0.2,0.20833333333333331,0.5,0.06520294024235271,0.3260147012117632,0.10146372642431409,0.5073186321215698,9.780851675847671
295,59.0393595730487,0.5,0.2,0.20833333333333331,0.5,0.0651901319988126,0.32595065999406264,0.1014765346678542,0.5073826733392703,9.780851675847671
296,59.23949299533022,0.5,0.2,0.20833333333333331,0.5,0.06517788225151729,0.3258894112575861,0.10148878441514951,0.5074439220757468,9.780851675847671
297,59.43962641761174,0.5,0.2,0.20833333333333331,0.5,0.06516616676130335,0.3258308338065164,0.10150049990536344,0.5075024995268166,9.780851675847671
298,59.63975983989326,0.5,0.2,0.20833333333333331,0.5,0.06515496227592187,0.325774811379609,0.10151170439074493,0.507558521953724,9.780851675847671
299,59.83989326217478,0.5,0.2,0.20833333333333331,0.5,0.06514424646861947,0.325721232343097,0.10152242019804733,0.507612100990236,9.780851675847671
300,60.0400266844563,0.5,0.2,0.20833333333333331,0.5,0.06513399802647105,0.32566999013235487,0.10153266864019575,0.5076633432009781,9.780851675847671
301,60.240160106737825,0.5,0.2,0.20833333333333331,0.5,0.06512419692227187,0.3256209846113589,0.10154246974439493,0.507712348721974,9.780851675847671
302,60.44029352901934,0.5,0.2,0.20833333333333331,0.5,0.06511482373932324,0.3255741186966158,0.10155184292734355,0.5077592146367171,9.780851675847671
303,60.64042695130087,0.5,0.2,0.20833333333333331,0.5,0.06510585984120984,0.3255292992060488,0.10156080682545696,0.5078040341272841,9.780851675847671
304,60.840560373582385,0.5,0.2,0.20833333333333331,0.5,0.06509728734488403,0.32548643672441974,0.10156937932178277,0.5078468966089131,9.780851675847671
305,61.04069379586391,0.5,0.2,0.20833333333333331,0.5,0.06508908907523073,0.32544544537615316,0.10157757759143607,0.5078878879571798,9.780851675847671
306,61.24082721814543,0.5,0.2,0.20833333333333331,0.5,0.06508124884644009,0.32540624423220005,0.1015854178202267,0.5079270891011329,9.780851675847671
307,61.44096064042695,0.5,0.2,0.20833333333333331,0.5,0.06507375121355005,0.32536875606774984,0.10159291545311674,0.5079645772655831,9.780851675847671
308,61.64109406270847,0.5,0.2,0.20833333333333331,0.5,0.06506658124902795,0.32533290624513933,0.10160008541763885,0.5080004270881936,9.780851675847671
309,61.84122748498999,0.5,0.2,0.20833333333333331,0.5,0.06505972463729152,0.32529862318645725,0.10160694202937527,0.5080347101468757,9.780851675847671
310,62.04136090727151,0.5,0.2,0.20833333333333331,0.5,0.06505316763548057,0.32526583817740246,0.10161349903118623,0.5080674951559305,9.780851675847671
311,62.241494329553035,0.5,0.2,0.20833333333333331,0.5,0.06504689709673683,0.3252344854836838,0.10161976956992996,0.5080988478496492,9.780851675847671
312,62.44162775183455,0.5,0.2,0.20833333333333331,0.5,0.06504090071104206,0.3252045035552099,0.10162576595562474,0.5081288297781231,9.780851675847671
313,62.64176117411608,0.5,0.2,0.20833333333333331,0.5,0.06503516655801579,0.3251758327900785,0.101631500108651,0.5081575005432545,9.780851675847671
314,62.841894596397594,0.5,0.2,0.20833333333333331,0.5,0.06502968318314156,0.3251484159157074,0.10163698348352523,0.5081849174176256,9.780851675847671
315,63.04202801867912,0.5,0.2,0.20833333333333331,0.5,0.0650244395972941,0.32512219798647013,0.10164222706937269,0.5082111353468628,9.780851675847671
316,63.242161440960636,0.5,0.2,0.20833333333333331,0.5,0.06501942524564758,0.3250971262282375,0.10164724142101922,0.5082362071050955,9.780851675847671
317,63.44229486324216,0.5,0.2,0.20833333333333331,0.5,0.06501463014853857,0.3250731507426925,0.10165203651812822,0.5082601825906407,9.780851675847671
318,63.64242828552368,0.5,0.2,0.20833333333333331,0.5,0.06501004485524192,0.32505022427620917,0.10165662181142487,0.5082831090571239,9.780851675847671
319,63.8425617078052,0.5,0.2,0.20833333333333331,0.5,0.06500566020325914,0.32502830101629526,0.10166100646340766,0.5083050323170378,9.780851675847671
320,64.04269513008673,0.5,0.2,0.20833333333333331,0.5,0.0650014674077785,0.325007337038892,0.1016651992588883,0.5083259962944411,9.780851675847671
321,64.24282855236824,0.5,0.2,0.20833333333333331,0.5,0.06499745803714033,0.32498729018570116,0.10166920862952647,0.508346043147632,9.780851675847671
322,64.44296197464976,0.5,0.2,0.20833333333333331,0.5,0.06499362401046843,0.3249681200523417,0.10167304265619836,0.5083652132809914,9.780851675847671
323,64.64309539693129,0.5,0.2,0.20833333333333331,0.5,0.06498995776969493,0.32494978884847414,0.10167670889697186,0.5083835444848589,9.780851675847671
324,64.84322881921281,0.5,0.2,0.20833333333333331,0.5,0.06498645201971087,0.3249322600985539,0.10168021464695592,0.5084010732347791,9.780851675847671
325,65.04336224149432,0.5,0.2,0.20833333333333331,0.5,0.06498309973854101,0.3249154986927046,0.10168356692812579,0.5084178346406284,9.780851675847671
326,65.24349566377585,0.5,0.2,0.20833333333333331,0.5,0.06497989419088587,0.3248994709544289,0.10168677247578092,0.5084338623789042,9.780851675847671
327,65.44362908605737,0.5,0.2,0.20833333333333331,0.5,0.06497682890879752,0.3248841445439872,0.10168983775786927,0.5084491887893459,9.780851675847671
328,65.6437625083389,0.5,0.2,0.20833333333333331,0.5,0.06497389776514263,0.32486948882571265,0.10169276890152416,0.5084638445076203,9.780851675847671
329,65.8438959306204,0.5,0.2,0.20833333333333331,0.5,0.06497109500989832,0.32485547504949114,0.10169557165676847,0.5084778582838418,9.780851675847671
330,66.04402935290193,0.5,0.2,0.20833333333333331,0.5,0.06496841503104202,0.32484207515520963,0.10169825163562478,0.5084912581781234,9.780851675847671
331,66.24416277518345,0.5,0.2,0.20833333333333331,0.5,0.06496585244110188,0.32482926220550895,0.10170081422556491,0.508504071127824,9.780851675847671
332,66.44429619746498,0.5,0.2,0.20833333333333331,0.5,0.06496340206322025,0.3248170103161008,0.10170326460344654,0.5085163230172322,9.780851675847671
333,66.64442961974649,0.5,0.2,0.20833333333333331,0.5,0.0649610589149944,0.32480529457497154,0.1017056077516724,0.5085280387583614,9.780851675847671
334,66.84456304202801,0.5,0.2,0.20833333333333331,0.5,0.06495881821284276,0.3247940910642133,0.10170784845382404,0.5085392422691197,9.780851675847671
335,67.04469646430954,0.5,0.2,0.20833333333333331,0.5,0.06495667560773478,0.3247833780386734,0.10170999105893201,0.5085499552946596,9.780851675847671
336,67.24482988659106,0.5,0.2,0.20833333333333331,0.5,0.06495462686764608,0.3247731343382299,0.10171203979902071,0.5085601989951032,9.780851675847671
337,67.44496330887257,0.5,0.2,0.20833333333333331,0.5,0.06495266788409684,0.3247633394204837,0.10171399878256995,0.5085699939128493,9.780851675847671
338,67.6450967311541,0.5,0.2,0.20833333333333331,0.5,0.0649507947154445,0.324753973577222,0.1017158719512223,0.508579359756111,9.780851675847671
339,67.84523015343562,0.5,0.2,0.20833333333333331,0.5,0.06494900357511799,0.32474501787558946,0.10171766309154881,0.5085883154577436,9.780851675847671
340,68.04536357571715,0.5,0.2,0.20833333333333331,0.5,0.06494729081985194,0.3247364540992592,0.10171937584681486,0.5085968792340738,9.780851675847671
341,68.24549699799866,0.5,0.2,0.20833333333333331,0.5,0.06494565301924365,0.3247282650962178,0.10172101364742314,0.5086050682371153,9.780851675847671
342,68.44563042028018,0.5,0.2,0.20833333333333331,0.5,0.06494408699031201,0.32472043495155956,0.10172257967635479,0.5086128983817735,9.780851675847671
343,68.6457638425617,0.5,0.2,0.20833333333333331,0.5,0.06494258959640105,0.3247129479820048,0.10172407707026575,0.5086203853513284,9.780851675847671
344,68.84589726484323,0.5,0.2,0.20833333333333331,0.5,0.0649411578271335,0.32470578913566706,0.1017255088395333,0.508627544197666,9.780851675847671
345,69.04603068712474,0.5,0.2,0.20833333333333331,0.5,0.06493978879120847,0.32469894395604193,0.10172687787545832,0.5086343893772912,9.780851675847671
346,69.24616410940627,0.5,0.2,0.20833333333333331,0.5,0.0649384797073803,0.32469239853690113,0.1017281869592865,0.508640934796432,9.780851675847671
347,69.44629753168779,0.5,0.2,0.20833333333333331,0.5,0.06493722790607323,0.3246861395303658,0.10172943876059357,0.5086471938029673,9.780851675847671
348,69.64643095396931,0.5,0.2,0.20833333333333331,0.5,0.06493603094772933,0.3246801547386463,0.10173063571893746,0.5086531785946867,9.780851675847671
349,69.84656437625083,0.5,0.2,0.20833333333333331,0.5,0.06493488646040596,0.32467443230202947,0.10173178020626084,0.5086589010313036,9.780851675847671
350,70.04669779853235,0.5,0.2,0.20833333333333331,0.5,0.06493379214330905,0.32466896071654483,0.10173287452335775,0.5086643726167882,9.780851675847671
351,70.24683122081387,0.5,0.2,0.20833333333333331,0.5,0.06493274578749951,0.3246637289374972,0.10173392087916729,0.5086696043958359,9.780851675847671
352,70.4469646430954,0.5,0.2,0.20833333333333331,0.5,0.0649317452690943,0.32465872634547116,0.1017349213975725,0.5086746069878619,9.780851675847671
353,70.64709806537691,0.5,0.2,0.20833333333333331,0.5,0.06493078854246734,0.32465394271233633,0.10173587812419946,0.5086793906209968,9.780851675847671
354,70.84723148765843,0.5,0.2,0.20833333333333331,0.5,0.06492987368789807,0.3246493684394899,0.10173679297876873,0.5086839648938432,9.780851675847671
355,71.04736490993996,0.5,0.2,0.20833333333333331,0.5,0.06492899893418555,0.3246449946709273,0.10173766773248125,0.5086883386624057,9.780851675847671
356,71.24749833222148,0.5,0.2,0.20833333333333331,0.5,0.06492816252727444,0.32464081263637173,0.10173850413939235,0.5086925206969612,9.780851675847671
357,71.44763175450299,0.5,0.2,0.20833333333333331,0.5,0.0649273627841472,0.32463681392073557,0.1017393038825196,0.5086965194125975,9.780851675847671
358,71.64776517678452,0.5,0.2,0.20833333333333331,0.5,0.06492659808897835,0.3246329904448913,0.10174006857768844,0.5087003428884417,9.780851675847671
359,71.84789859906604,0.5,0.2,0.20833333333333331,0.5,0.06492586688815387,0.32462933444076886,0.10174079977851293,0.5087039988925641,9.780851675847671
360,72.04803202134757,0.5,0.2,0.20833333333333331,0.5,0.06492516769108672,0.3246258384554331,0.10174149897558007,0.5087074948778999,9.780851675847671
361,72.24816544362908,0.5,0.2,0.20833333333333331,0.5,0.06492449913298641,0.32462249566493157,0.10174216753368039,0.5087108376684014,9.780851675847671
362,72.4482988659106,0.5,0.2,0.20833333333333331,0.5,0.06492385988776836,0.3246192994388413,0.10174280677889844,0.5087140338944918,9.780851675847671
363,72.64843228819213,0.5,0.2,0.20833333333333331,0.5,0.06492324867032064,0.32461624335160266,0.10174341799634616,0.5087170899817304,9.780851675847671
364,72.84856571047365,0.5,0.2,0.20833333333333331,0.5,0.06492266424716019,0.32461332123580044,0.10174400241950661,0.5087200120975326,9.780851675847671
365,73.04869913275516,0.5,0.2,0.20833333333333331,0.5,0.06492210543263455,0.32461052716317224,0.10174456123403225,0.5087228061701607,9.780851675847671
366,73.24883255503669,0.5,0.2,0.20833333333333331,0.5,0.06492157108512349,0.32460785542561704,0.10174509558154331,0.508725477907716,9.780851675847671
367,73.44896597731821,0.5,0.2,0.20833333333333331,0.5,0.064921060138811,0.32460530069405463,0.1017456065278558,0.5087280326392786,9.780851675847671
368,73.64909939959973,0.5,0.2,0.20833333333333331,0.5,0.06492057161280483,0.3246028580640238,0.10174609505386197,0.5087304752693094,9.780851675847671
369,73.84923282188124,0.5,0.2,0.20833333333333331,0.5,0.06492010452622372,0.32460052263111827,0.10174656214044307,0.5087328107022149,9.780851675847671
370,74.04936624416277,0.5,0.2,0.20833333333333331,0.5,0.06491965793575177,0.32459828967875853,0.10174700873091502,0.5087350436545747,9.780851675847671
371,74.2494996664443,0.5,0.2,0.20833333333333331,0.5,0.06491923093324575,0.32459615466622843,0.10174743573342104,0.5087371786671048,9.780851675847671
372,74.44963308872582,0.5,0.2,0.20833333333333331,0.5,0.06491882264263162,0.32459411321315773,0.10174784402403518,0.5087392201201755,9.780851675847671
373,74.64976651100733,0.5,0.2,0.20833333333333331,0.5,0.06491843221680087,0.324592161084004,0.10174823444986593,0.5087411722493291,9.780851675847671
374,74.84989993328885,0.5,0.2,0.20833333333333331,0.5,0.06491805883470664,0.32459029417353286,0.10174860783196016,0.5087430391598003,9.780851675847671
375,75.05003335557038,0.5,0.2,0.20833333333333331,0.5,0.06491770177768344,0.32458850888841684,0.10174896488898336,0.5087448244449163,9.780851675847671
376,75.2501667778519,0.5,0.2,0.20833333333333331,0.5,0.06491736037832964,0.3245868018916478,0.10174930628833716,0.5087465314416854,9.780851675847671
377,75.45030020013341,0.5,0.2,0.20833333333333331,0.5,0.06491703395206355,0.32458516976031737,0.10174963271460324,0.5087481635730158,9.780851675847671
378,75.65043362241494,0.5,0.2,0.20833333333333331,0.5,0.06491672184192553,0.32458360920962726,0.10174994482474127,0.5087497241237059,9.780851675847671
379,75.85056704469646,0.5,0.2,0.20833333333333331,0.5,0.06491642341650342,0.32458211708251666,0.10175024325016338,0.5087512162508165,9.780851675847671
380,76.05070046697799,0.5,0.2,0.20833333333333331,0.5,0.06491613806785822,0.32458069033929066,0.10175052859880858,0.5087526429940425,9.780851675847671
381,76.2508338892595,0.5,0.2,0.20833333333333331,0.5,0.06491586520944963,0.3245793260472477,0.10175080145721717,0.5087540072860854,9.780851675847671
382,76.45096731154102,0.5,0.2,0.20833333333333331,0.5,0.0649156042761363,0.32457802138068104,0.1017510623905305,0.5087553119526522,9.780851675847671
383,76.65110073382255,0.5,0.2,0.20833333333333331,0.5,0.06491535477359109,0.32457677386795497,0.10175131189307571,0.5087565594653782,9.780851675847671
384,76.85123415610407,0.5,0.2,0.20833333333333331,0.5,0.06491511621967888,0.324575581098394,0.10175155044698792,0.5087577522349392,9.780851675847671
385,77.0513675783856,0.5,0.2,0.20833333333333331,0.5,0.06491488813591943,0.32457444067959673,0.10175177853074736,0.5087588926537365,9.780851675847671
386,77.2515010006671,0.5,0.2,0.20833333333333331,0.5,0.06491467006259063,0.32457335031295276,0.10175199660407616,0.5087599830203805,9.780851675847671
387,77.45163442294863,0.5,0.2,0.20833333333333331,0.5,0.06491446155720793,0.3245723077860392,0.10175220510945887,0.508761025547294,9.780851675847671
388,77.65176784523015,0.5,0.2,0.20833333333333331,0.5,0.06491426219300354,0.32457131096501735,0.10175240447366325,0.5087620223683159,9.780851675847671
389,77.85190126751168,0.5,0.2,0.20833333333333331,0.5,0.06491407155740593,0.32457035778702925,0.10175259510926087,0.5087629755463039,9.780851675847671
390,78.05203468979319,0.5,0.2,0.20833333333333331,0.5,0.06491388925573943,0.3245694462786967,0.10175277741092736,0.5087638870546364,9.780851675847671
391,78.25216811207471,0.5,0.2,0.20833333333333331,0.5,0.06491371494949834,0.32456857474749123,0.10175295171716846,0.5087647585858419,9.780851675847671
392,78.45230153435624,0.5,0.2,0.20833333333333331,0.5,0.06491354829624994,0.3245677414812493,0.10175311837041685,0.5087655918520839,9.780851675847671
393,78.65243495663776,0.5,0.2,0.20833333333333331,0.5,0.06491338895985253,0.32456694479926224,0.10175327770681426,0.508766388534071,9.780851675847671
394,78.85256837891927,0.5,0.2,0.20833333333333331,0.5,0.06491323661687669,0.32456618308438306,0.10175343004979011,0.5087671502489501,9.780851675847671
395,79.0527018012008,0.5,0.2,0.20833333333333331,0.5,0.06491309095551707,0.3245654547775849,0.10175357571114972,0.5087678785557482,9.780851675847671
396,79.25283522348232,0.5,0.2,0.20833333333333331,0.5,0.06491295167450409,0.3245647583725201,0.10175371499216271,0.5087685749608131,9.780851675847671
397,79.45296864576385,0.5,0.2,0.20833333333333331,0.5,0.06491281848201576,0.3245640924100784,0.10175384818465104,0.5087692409232547,9.780851675847671
398,79.65310206804536,0.5,0.2,0.20833333333333331,0.5,0.06491269110406689,0.324563455520334,0.10175397556259991,0.5087698778129992,9.780851675847671
399,79.85323549032688,0.5,0.2,0.20833333333333331,0.5,0.06491256931038168,0.32456284655190804,0.10175409735628511,0.5087704867814251,9.780851675847671
400,80.0533689126084,0.5,0.2,0.20833333333333331,0.5,0.06491245285976784,0.3245622642988387,0.10175421380689896,0.5087710690344944,9.780851675847671
401,80.25350233488993,0.5,0.2,0.20833333333333331,0.5,0.06491234151813846,0.32456170759069186,0.10175432514852834,0.5087716257426412,9.780851675847671
402,80.45363575717144,0.5,0.2,0.20833333333333331,0.5,0.06491223506072677,0.32456117530363343,0.10175443160594003,0.5087721580296997,9.780851675847671
403,80.65376917945296,0.5,0.2,0.20833333333333331,0.5,0.06491213327136831,0.32456066635684117,0.10175453339529848,0.508772666976492,9.780851675847671
404,80.85390260173449,0.5,0.2,0.20833333333333331,0.5,0.06491203594178326,0.3245601797089159,0.10175463072488354,0.5087731536244173,9.780851675847671
405,81.05403602401601,0.5,0.2,0.20833333333333331,0.5,0.0649119428708587,0.3245597143542931,0.10175472379580809,0.50877361897904,9.780851675847671
406,81.25416944629752,0.5,0.2,0.20833333333333331,0.5,0.06491185379743758,0.3245592689871875,0.10175481286922922,0.5087740643461456,9.780851675847671
407,81.45430286857905,0.5,0.2,0.20833333333333331,0.5,0.06491176874464186,0.3245588437232089,0.10175489792202494,0.5087744896101242,9.780851675847671
408,81.65443629086057,0.5,0.2,0.20833333333333331,0.5,0.06491168740787115,0.3245584370393554,0.10175497925879565,0.5087748962939778,9.780851675847671
409,81.8545697131421,0.5,0.2,0.20833333333333331,0.5,0.06491160963137868,0.3245580481568931,0.10175505703528812,0.5087752851764401,9.780851675847671
410,82.05470313542361,0.5,0.2,0.20833333333333331,0.5,0.06491153526298934,0.32455767631494636,0.10175513140367745,0.5087756570183868,9.780851675847671
411,82.25483655770513,0.5,0.2,0.20833333333333331,0.5,0.06491146415409961,0.32455732077049776,0.10175520251256719,0.5087760125628354,9.780851675847671
412,82.45496997998666,0.5,0.2,0.20833333333333331,0.5,0.06491139615967763,0.3245569807983878,0.10175527050698917,0.5087763525349454,9.780851675847671
413,82.65510340226818,0.5,0.2,0.20833333333333331,0.5,0.06491133113826324,0.3245566556913158,0.10175533552840356,0.5087766776420173,9.780851675847671
414,82.85523682454969,0.5,0.2,0.20833333333333331,0.5,0.06491126896616396,0.32455634483081947,0.10175539770050283,0.5087769885025136,9.780851675847671
415,83.05537024683122,0.5,0.2,0.20833333333333331,0.5,0.06491120952892085,0.32455604764460394,0.10175545713774595,0.5087772856887292,9.780851675847671
416,83.25550366911274,0.5,0.2,0.20833333333333331,0.5,0.06491115270515208,0.32455576352576004,0.10175551396151472,0.508777569807573,9.780851675847671
417,83.45563709139427,0.5,0.2,0.20833333333333331,0.5,0.06491109837790228,0.32455549188951105,0.10175556828876452,0.508777841443822,9.780851675847671
418,83.65577051367578,0.5,0.2,0.20833333333333331,0.5,0.06491104643464257,0.32455523217321247,0.10175562023202422,0.5087781011601206,9.780851675847671
419,83.8559039359573,0.5,0.2,0.20833333333333331,0.5,0.06491099676727048,0.324554983836352,0.10175566989939631,0.5087783494969811,9.780851675847671
420,84.05603735823883,0.5,0.2,0.20833333333333331,0.5,0.06491094927211001,0.3245547463605497,0.10175571739455679,0.5087785869727833,9.780851675847671
421,84.25617078052035,0.5,0.2,0.20833333333333331,0.5,0.06491090384991165,0.32455451924955786,0.10175576281675515,0.5087788140837752,9.780851675847671
422,84.45630420280186,0.5,0.2,0.20833333333333331,0.5,0.06491086040585228,0.324554302029261,0.10175580626081451,0.5087790313040721,9.780851675847671
423,84.65643762508338,0.5,0.2,0.20833333333333331,0.5,0.06491081885049446,0.324554094252472,0.10175584781617233,0.5087792390808612,9.780851675847671
424,84.85657104736491,0.5,0.2,0.20833333333333331,0.5,0.06491077910336651,0.3245538955168322,0.10175588756330028,0.508779437816501,9.780851675847671
425,85.05670446964643,0.5,0.2,0.20833333333333331,0.5,0.06491074108558625,0.3245537054279309,0.10175592558108054,0.5087796279054023,9.780851675847671
426,85.25683789192794,0.5,0.2,0.20833333333333331,0.5,0.06491070472233024,0.32455352361165085,0.10175596194433656,0.5087798097216824,9.780851675847671
427,85.45697131420947,0.5,0.2,0.20833333333333331,0.5,0.06491066994340093,0.3245533497170043,0.10175599672326587,0.5087799836163289,9.780851675847671
428,85.657104736491,0.5,0.2,0.20833333333333331,0.5,0.06491063668322661,0.3245531834161327,0.10175602998344019,0.5087801499172006,9.780851675847671
429,85.85723815877252,0.5,0.2,0.20833333333333331,0.5,0.06491060488086146,0.32455302440430694,0.10175606178580533,0.5087803089290263,9.780851675847671
430,86.05737158105403,0.5,0.2,0.20833333333333331,0.5,0.06491057447998552,0.3245528723999272,0.10175609218668127,0.508780460933406,9.780851675847671
431,86.25750500333555,0.5,0.2,0.20833333333333331,0.5,0.06491054542890468,0.324552727144523,0.10175612123776212,0.5087806061888103,9.780851675847671
432,86.45763842561708,0.5,0.2,0.20833333333333331,0.5,0.06491051768030572,0.3245525884015282,0.10175614898636108,0.508780744931805,9.780851675847671
433,86.6577718478986,0.5,0.2,0.20833333333333331,0.5,0.06491049116056538,0.32455245580282654,0.10175617550610142,0.5087808775305067,9.780851675847671
434,86.85790527018011,0.5,0.2,0.20833333333333331,0.5,0.06491046579881396,0.32455232899406944,0.10175620086785284,0.5087810043392638,9.780851675847671
435,87.05803869246164,0.5,0.2,0.20833333333333331,0.5,0.06491044154442523,0.3245522077221258,0.10175622512224157,0.5087811256112075,9.780851675847671
436,87.25817211474316,0.5,0.2,0.20833333333333331,0.5,0.0649104183498213,0.3245520917491061,0.1017562483168455,0.5087812415842271,9.780851675847671
437,87.45830553702469,0.5,0.2,0.20833333333333331,0.5,0.06491039617047258,0.3245519808523625,0.10175627049619422,0.5087813524809707,9.780851675847671
438,87.6584389593062,0.5,0.2,0.20833333333333331,0.5,0.06491037496489782,0.32455187482448866,0.10175629170176897,0.5087814585088445,9.780851675847671
439,87.85857238158772,0.5,0.2,0.20833333333333331,0.5,0.06491035469466405,0.32455177347331987,0.10175631197200274,0.5087815598600133,9.780851675847671
440,88.05870580386924,0.5,0.2,0.20833333333333331,0.5,0.06491033532438667,0.32455167662193296,0.10175633134228013,0.5087816567114003,9.780851675847671
441,88.25883922615077,0.5,0.2,0.20833333333333331,0.5,0.06491031682172932,0.32455158410864626,0.10175634984493748,0.508781749224687,9.780851675847671
442,88.45897264843228,0.5,0.2,0.20833333333333331,0.5,0.06491029914995365,0.3245514957497679,0.10175636751671314,0.5087818375835653,9.780851675847671
443,88.6591060707138,0.5,0.2,0.20833333333333331,0.5,0.06491028225221342,0.3245514112610667,0.10175638441445338,0.5087819220722665,9.780851675847671
444,88.85923949299533,0.5,0.2,0.20833333333333331,0.5,0.06491026609168285,0.3245513304584139,0.10175640057498395,0.5087820028749194,9.780851675847671
445,89.05937291527685,0.5,0.2,0.20833333333333331,0.5,0.06491025063541024,0.32455125317705086,0.10175641603125656,0.5087820801562823,9.780851675847671
446,89.25950633755836,0.5,0.2,0.20833333333333331,0.5,0.06491023585238816,0.32455117926194044,0.10175643081427864,0.5087821540713928,9.780851675847671
447,89.45963975983989,0.5,0.2,0.20833333333333331,0.5,0.06491022171355343,0.32455110856776676,0.10175644495311337,0.5087822247655664,9.780851675847671
448,89.65977318212141,0.5,0.2,0.20833333333333331,0.5,0.06491020819178715,0.32455104095893544,0.10175645847487964,0.5087822923743978,9.780851675847671
449,89.85990660440294,0.5,0.2,0.20833333333333331,0.5,0.06491019526191473,0.32455097630957336,0.10175647140475207,0.5087823570237598,9.780851675847671
450,90.06004002668445,0.5,0.2,0.20833333333333331,0.5,0.06491018290070581,0.32455091450352874,0.10175648376596098,0.5087824188298045,9.780851675847671
451,90.26017344896597,0.5,0.2,0.20833333333333331,0.5,0.06491017065340182,0.32455085326700883,0.10175649601326497,0.5087824800663244,9.780851675847671
452,90.4603068712475,0.5,0.2,0.20833333333333331,0.5,0.06491015951426012,0.3245507975713003,0.10175650715240668,0.508782535762033,9.780851675847671
453,90.66044029352902,0.5,0.2,0.20833333333333331,0.5,0.06491014881532842,0.3245507440766418,0.10175651785133838,0.5087825892566915,9.780851675847671
454,90.86057371581053,0.5,0.2,0.20833333333333331,0.5,0.06491013854630676,0.3245506927315335,0.10175652812036004,0.5087826406017998,9.780851675847671
455,91.06070713809206,0.5,0.2,0.20833333333333331,0.5,0.06491012869689515,0.32455064348447543,0.10175653796977165,0.5087826898488578,9.780851675847671
456,91.26084056037358,0.5,0.2,0.20833333333333331,0.5,0.06491011925679362,0.3245505962839678,0.10175654740987318,0.5087827370493655,9.780851675847671
457,91.4609739826551,0.5,0.2,0.20833333333333331,0.5,0.06491011021570217,0.3245505510785106,0.10175655645096462,0.5087827822548227,9.780851675847671
458,91.66110740493662,0.5,0.2,0.20833333333333331,0.5,0.06491010156332086,0.324550507816604,0.10175656510334594,0.5087828255167293,9.780851675847671
459,91.86124082721814,0.5,0.2,0.20833333333333331,0.5,0.06491009328934967,0.32455046644674806,0.10175657337731712,0.5087828668865852,9.780851675847671
460,92.06137424949966,0.5,0.2,0.20833333333333331,0.5,0.06491008538348864,0.32455042691744285,0.10175658128317816,0.5087829064158904,9.780851675847671
461,92.26150767178119,0.5,0.2,0.20833333333333331,0.5,0.06491007783127253,0.3245503891563624,0.10175658883539426,0.5087829441769709,9.780851675847671
462,92.4616410940627,0.5,0.2,0.20833333333333331,0.5,0.06491007061101643,0.3245503530550819,0.10175659605565036,0.5087829802782514,9.780851675847671
463,92.66177451634422,0.5,0.2,0.20833333333333331,0.5,0.06491006370965659,0.3245503185482827,0.10175660295701021,0.5087830147850506,9.780851675847671
464,92.86190793862575,0.5,0.2,0.20833333333333331,0.5,0.06491005711457044,0.3245502855728519,0.10175660955209635,0.5087830477604813,9.780851675847671
465,93.06204136090727,0.5,0.2,0.20833333333333331,0.5,0.0649100508131354,0.3245502540656768,0.10175661585353139,0.5087830792676565,9.780851675847671
466,93.26217478318878,0.5,0.2,0.20833333333333331,0.5,0.0649100447927289,0.3245502239636442,0.1017566218739379,0.5087831093696891,9.780851675847671
467,93.46230820547031,0.5,0.2,0.20833333333333331,0.5,0.06491003904072834,0.3245501952036414,0.10175662762593846,0.5087831381296918,9.780851675847671
468,93.66244162775183,0.5,0.2,0.20833333333333331,0.5,0.06491003354451115,0.3245501677225555,0.10175663312215565,0.5087831656107777,9.780851675847671
469,93.86257505003336,0.5,0.2,0.20833333333333331,0.5,0.06491002829145477,0.32455014145727357,0.10175663837521202,0.5087831918760597,9.780851675847671
470,94.06270847231487,0.5,0.2,0.20833333333333331,0.5,0.0649100232689366,0.3245501163446827,0.10175664339773019,0.5087832169886505,9.780851675847671
471,94.26284189459639,0.5,0.2,0.20833333333333331,0.5,0.06491001846433407,0.3245500923216701,0.10175664820233273,0.5087832410116632,9.780851675847671
472,94.46297531687792,0.5,0.2,0.20833333333333331,0.5,0.0649100138650246,0.32455006932512276,0.1017566528016422,0.5087832640082105,9.780851675847671
473,94.66310873915944,0.5,0.2,0.20833333333333331,0.5,0.06491000946063458,0.3245500473031727,0.10175665720603222,0.5087832860301607,9.780851675847671
474,94.86324216144095,0.5,0.2,0.20833333333333331,0.5,0.06491000525442399,0.32455002627211976,0.10175666141224281,0.5087833070612136,9.780851675847671
475,95.06337558372248,0.5,0.2,0.20833333333333331,0.5,0.06491000123943177,0.3245500061971587,0.10175666542723502,0.5087833271361746,9.780851675847671
476,95.263509006004,0.5,0.2,0.20833333333333331,0.5,0.06490999740616034,0.32454998703080157,0.10175666926050646,0.5087833463025317,9.780851675847671
477,95.46364242828552,0.5,0.2,0.20833333333333331,0.5,0.06490999374511211,0.32454996872556036,0.10175667292155469,0.508783364607773,9.780851675847671
478,95.66377585056703,0.5,0.2,0.20833333333333331,0.5,0.06490999024678946,0.3245499512339472,0.10175667641987733,0.5087833820993861,9.780851675847671
479,95.86390927284856,0.5,0.2,0.20833333333333331,0.5,0.06490998690169483,0.32454993450847397,0.10175667976497196,0.5087833988248593,9.780851675847671
480,96.06404269513008,0.5,0.2,0.20833333333333331,0.5,0.06490998370033059,0.3245499185016528,0.1017566829663362,0.5087834148316805,9.780851675847671
481,96.26417611741161,0.5,0.2,0.20833333333333331,0.5,0.06490998063319917,0.3245499031659957,0.10175668603346763,0.5087834301673376,9.780851675847671
482,96.46430953969312,0.5,0.2,0.20833333333333331,0.5,0.06490997769080295,0.3245498884540146,0.10175668897586385,0.5087834448793187,9.780851675847671
483,96.66444296197464,0.5,0.2,0.20833333333333331,0.5,0.06490997486364436,0.3245498743182217,0.10175669180302244,0.5087834590151117,9.780851675847671
484,96.86457638425617,0.5,0.2,0.20833333333333331,0.5,0.0649099721422258,0.32454986071112885,0.101756694524441,0.5087834726222045,9.780851675847671
485,97.06470980653769,0.5,0.2,0.20833333333333331,0.5,0.06490996951767457,0.32454984758837263,0.10175669714899223,0.5087834857449607,9.780851675847671
486,97.2648432288192,0.5,0.2,0.20833333333333331,0.5,0.06490996700102784,0.324549835005139,0.10175669966563895,0.5087834983281943,9.780851675847671
487,97.46497665110073,0.5,0.2,0.20833333333333331,0.5,0.06490996459618563,0.32454982298092794,0.10175670207048117,0.5087835103524053,9.780851675847671
488,97.66511007338225,0.5,0.2,0.20833333333333331,0.5,0.06490996229835679,0.32454981149178375,0.10175670436831001,0.5087835218415495,9.780851675847671
489,97.86524349566378,0.5,0.2,0.20833333333333331,0.5,0.06490996010275019,0.3245498005137507,0.10175670656391661,0.5087835328195826,9.780851675847671
490,98.06537691794529,0.5,0.2,0.20833333333333331,0.5,0.06490995800457468,0.32454979002287315,0.10175670866209212,0.50878354331046,9.780851675847671
491,98.26551034022681,0.5,0.2,0.20833333333333331,0.5,0.06490995599903913,0.32454977999519546,0.10175671066762766,0.5087835533381379,9.780851675847671
492,98.46564376250834,0.5,0.2,0.20833333333333331,0.5,0.0649099540813524,0.3245497704067618,0.1017567125853144,0.5087835629265715,9.780851675847671
493,98.66577718478986,0.5,0.2,0.20833333333333331,0.5,0.06490995224672337,0.32454976123361656,0.10175671441994343,0.5087835720997167,9.780851675847671
494,98.86591060707137,0.5,0.2,0.20833333333333331,0.5,0.06490995049036086,0.32454975245180406,0.10175671617630594,0.5087835808815292,9.780851675847671
495,99.0660440293529,0.5,0.2,0.20833333333333331,0.5,0.06490994880747376,0.3245497440373686,0.10175671785919303,0.5087835892959647,9.780851675847671
496,99.26617745163442,0.5,0.2,0.20833333333333331,0.5,0.06490994719327094,0.3245497359663544,0.10175671947339586,0.5087835973669789,9.780851675847671
497,99.46631087391594,0.5,0.2,0.20833333333333331,0.5,0.06490994564296122,0.3245497282148059,0.10175672102370557,0.5087836051185274,9.780851675847671
498,99.66644429619745,0.5,0.2,0.20833333333333331,0.5,0.06490994347786527,0.32454971738932614,0.10175672318880152,0.5087836159440072,9.780851675847671
499,99.86657771847898,0.5,0.2,0.20833333333333331,0.5,0.06490994222508634,0.32454971112543146,0.10175672444158046,0.5087836222079019,9.780851675847671
500,100.0667111407605,0.5,0.2,0.20833333333333331,0.5,0.06490994100897672,0.3245497050448834,0.10175672565769008,0.5087836282884499,9.780851675847671
501,100.26684456304203,0.5,0.2,0.20833333333333331,0.5,0.06490993982953644,0.3245496991476819,0.10175672683713036,0.5087836341856514,9.780851675847671
502,100.46697798532354,0.5,0.2,0.20833333333333331,0.5,0.06490993868676546,0.32454969343382706,0.10175672797990133,0.5087836398995063,9.780851675847671
503,100.66711140760506,0.5,0.2,0.20833333333333331,0.5,0.06490993758066382,0.3245496879033188,0.10175672908600297,0.5087836454300145,9.780851675847671
504,100.86724482988659,0.5,0.2,0.20833333333333331,0.5,0.06490993651123149,0.3245496825561571,0.10175673015543531,0.5087836507771761,9.780851675847671
505,101.06737825216811,0.5,0.2,0.20833333333333331,0.5,0.06490993547846849,0.3245496773923421,0.10175673118819831,0.5087836559409912,9.780851675847671
506,101.26751167444962,0.5,0.2,0.20833333333333331,0.5,0.0649099344823748,0.32454967241187366,0.101756732184292,0.5087836609214597,9.780851675847671
507,101.46764509673115,0.5,0.2,0.20833333333333331,0.5,0.06490993352295044,0.32454966761475185,0.10175673314371636,0.5087836657185815,9.780851675847671
508,101.66777851901267,0.5,0.2,0.20833333333333331,0.5,0.06490993260019538,0.3245496630009766,0.10175673406647141,0.5087836703323567,9.780851675847671
509,101.8679119412942,0.5,0.2,0.20833333333333331,0.5,0.06490993171410966,0.324549658570548,0.10175673495255713,0.5087836747627853,9.780851675847671
510,102.0680453635757,0.5,0.2,0.20833333333333331,0.5,0.06490993086354917,0.3245496543177455,0.10175673580311763,0.5087836790155877,9.780851675847671
511,102.26817878585723,0.5,0.2,0.20833333333333331,0.5,0.06490993004476492,0.32454965022382426,0.10175673662190188,0.5087836831095089,9.780851675847671
512,102.46831220813876,0.5,0.2,0.20833333333333331,0.5,0.0649099292574647,0.3245496462873232,0.1017567374092021,0.5087836870460101,9.780851675847671
513,102.66844563042028,0.5,0.2,0.20833333333333331,0.5,0.0649099285016485,0.32454964250824225,0.10175673816501829,0.508783690825091,9.780851675847671
514,102.8685790527018,0.5,0.2,0.20833333333333331,0.5,0.06490992777731637,0.32454963888658156,0.10175673888935043,0.5087836944467518,9.780851675847671
515,103.06871247498331,0.5,0.2,0.20833333333333331,0.5,0.06490992708446826,0.324549635422341,0.10175673958219854,0.5087836979109922,9.780851675847671
516,103.26884589726484,0.5,0.2,0.20833333333333331,0.5,0.0649099264231042,0.3245496321155207,0.1017567402435626,0.5087837012178126,9.780851675847671
517,103.46897931954636,0.5,0.2,0.20833333333333331,0.5,0.06490992579322416,0.3245496289661205,0.10175674087344264,0.5087837043672128,9.780851675847671
518,103.66911274182789,0.5,0.2,0.20833333333333331,0.5,0.06490992519482816,0.32454962597414055,0.10175674147183864,0.5087837073591928,9.780851675847671
519,103.8692461641094,0.5,0.2,0.20833333333333331,0.5,0.06490992462791621,0.3245496231395808,0.10175674203875058,0.5087837101937525,9.780851675847671
520,104.06937958639092,0.5,0.2,0.20833333333333331,0.5,0.06490992409248829,0.3245496204624412,0.10175674257417851,0.5087837128708921,9.780851675847671
521,104.26951300867245,0.5,0.2,0.20833333333333331,0.5,0.06490992358854442,0.3245496179427218,0.10175674307812238,0.5087837153906115,9.780851675847671
522,104.46964643095397,0.5,0.2,0.20833333333333331,0.5,0.06490992311608457,0.32454961558042256,0.10175674355058223,0.5087837177529106,9.780851675847671
523,104.66977985323548,0.5,0.2,0.20833333333333331,0.5,0.06490992266991451,0.3245496133495723,0.10175674399675229,0.508783719983761,9.780851675847671
524,104.869913275517,0.5,0.2,0.20833333333333331,0.5,0.06490992224053964,0.32454961120269793,0.10175674442612716,0.5087837221306353,9.780851675847671
525,105.07004669779853,0.5,0.2,0.20833333333333331,0.5,0.0649099218277579,0.3245496091387892,0.1017567448389089,0.508783724194544,9.780851675847671
526,105.27018012008006,0.5,0.2,0.20833333333333331,0.5,0.06490992143156926,0.3245496071578461,0.10175674523509753,0.5087837261754872,9.780851675847671
527,105.47031354236157,0.5,0.2,0.20833333333333331,0.5,0.06490992105197375,0.32454960525986853,0.10175674561469304,0.5087837280734647,9.780851675847671
528,105.67044696464309,0.5,0.2,0.20833333333333331,0.5,0.06490992068897136,0.32454960344485656,0.10175674597769543,0.5087837298884766,9.780851675847671
529,105.87058038692462,0.5,0.2,0.20833333333333331,0.5,0.06490992034256209,0.32454960171281017,0.10175674632410471,0.508783731620523,9.780851675847671
530,106.07071380920614,0.5,0.2,0.20833333333333331,0.5,0.06490992001274593,0.32454960006372935,0.10175674665392087,0.5087837332696039,9.780851675847671
531,106.27084723148765,0.5,0.2,0.20833333333333331,0.5,0.06490991969952287,0.3245495984976141,0.10175674696714393,0.5087837348357191,9.780851675847671
532,106.47098065376917,0.5,0.2,0.20833333333333331,0.5,0.06490991940289294,0.3245495970144645,0.10175674726377386,0.5087837363188688,9.780851675847671
533,106.6711140760507,0.5,0.2,0.20833333333333331,0.5,0.06490991912285612,0.32454959561428043,0.10175674754381067,0.5087837377190528,9.780851675847671
534,106.87124749833222,0.5,0.2,0.20833333333333331,0.5,0.06490991885941243,0.3245495942970619,0.10175674780725437,0.5087837390362713,9.780851675847671
535,107.07138092061373,0.5,0.2,0.20833333333333331,0.5,0.06490991861256168,0.32454959306280823,0.10175674805410512,0.5087837402705251,9.780851675847671
536,107.27151434289526,0.5,0.2,0.20833333333333331,0.5,0.06490991837783387,0.32454959188916915,0.10175674828883292,0.5087837414441642,9.780851675847671
537,107.47164776517678,0.5,0.2,0.20833333333333331,0.5,0.06490991815086812,0.32454959075434037,0.10175674851579868,0.508783742578993,9.780851675847671
538,107.67178118745831,0.5,0.2,0.20833333333333331,0.5,0.06490991793166442,0.3245495896583219,0.10175674873500237,0.5087837436750113,9.780851675847671
539,107.87191460973982,0.5,0.2,0.20833333333333331,0.5,0.0649099177202228,0.3245495886011138,0.101756748946444,0.5087837447322195,9.780851675847671
540,108.07204803202134,0.5,0.2,0.20833333333333331,0.5,0.06490991751654324,0.324549587582716,0.10175674915012356,0.5087837457506172,9.780851675847671
541,108.27218145430287,0.5,0.2,0.20833333333333331,0.5,0.06490991732062575,0.32454958660312855,0.10175674934604105,0.5087837467302048,9.780851675847671
542,108.47231487658439,0.5,0.2,0.20833333333333331,0.5,0.06490991713247031,0.32454958566235137,0.10175674953419649,0.508783747670982,9.780851675847671
543,108.6724482988659,0.5,0.2,0.20833333333333331,0.5,0.06490991695207694,0.3245495847603845,0.10175674971458985,0.5087837485729488,9.780851675847671
544,108.87258172114743,0.5,0.2,0.20833333333333331,0.5,0.06490991677944563,0.32454958389722793,0.10175674988722117,0.5087837494361054,9.780851675847671
545,109.07271514342895,0.5,0.2,0.20833333333333331,0.5,0.06490991661457639,0.32454958307288173,0.10175675005209041,0.5087837502604515,9.780851675847671
546,109.27284856571048,0.5,0.2,0.20833333333333331,0.5,0.0649099164574692,0.3245495822873458,0.1017567502091976,0.5087837510459875,9.780851675847671
547,109.47298198799199,0.5,0.2,0.20833333333333331,0.5,0.0649099163081241,0.32454958154062025,0.1017567503585427,0.5087837517927131,9.780851675847671
548,109.67311541027351,0.5,0.2,0.20833333333333331,0.5,0.06490991616648753,0.32454958083243746,0.10175675050017927,0.5087837525008959,9.780851675847671
549,109.87324883255503,0.5,0.2,0.20833333333333331,0.5,0.06490991603035803,0.3245495801517899,0.10175675063630876,0.5087837531815435,9.780851675847671
550,110.07338225483656,0.5,0.2,0.20833333333333331,0.5,0.06490991589858151,0.3245495794929073,0.10175675076808528,0.508783753840426,9.780851675847671
551,110.27351567711807,0.5,0.2,0.20833333333333331,0.5,0.06490991577115798,0.32454957885578967,0.10175675089550881,0.5087837544775436,9.780851675847671
552,110.4736490993996,0.5,0.2,0.20833333333333331,0.5,0.06490991564808743,0.3245495782404369,0.10175675101857937,0.5087837550928964,9.780851675847671
553,110.67378252168112,0.5,0.2,0.20833333333333331,0.5,0.06490991552936988,0.3245495776468491,0.10175675113729692,0.5087837556864842,9.780851675847671
554,110.87391594396264,0.5,0.2,0.20833333333333331,0.5,0.0649099154150053,0.32454957707502624,0.10175675125166149,0.5087837562583071,9.780851675847671
555,111.07404936624415,0.5,0.2,0.20833333333333331,0.5,0.06490991530499371,0.32454957652496835,0.10175675136167309,0.508783756808365,9.780851675847671
556,111.27418278852568,0.5,0.2,0.20833333333333331,0.5,0.06490991519933512,0.32454957599667533,0.10175675146733168,0.508783757336658,9.780851675847671
557,111.4743162108072,0.5,0.2,0.20833333333333331,0.5,0.0649099150980295,0.3245495754901473,0.1017567515686373,0.5087837578431861,9.780851675847671
558,111.67444963308873,0.5,0.2,0.20833333333333331,0.5,0.06490991500107687,0.3245495750053841,0.10175675166558992,0.5087837583279492,9.780851675847671
559,111.87458305537024,0.5,0.2,0.20833333333333331,0.5,0.06490991490847724,0.3245495745423859,0.10175675175818956,0.5087837587909474,9.780851675847671
560,112.07471647765176,0.5,0.2,0.20833333333333331,0.5,0.06490991482023059,0.32454957410115265,0.1017567518464362,0.5087837592321807,9.780851675847671
561,112.27484989993329,0.5,0.2,0.20833333333333331,0.5,0.06490991473623893,0.32454957368119436,0.10175675193042787,0.5087837596521388,9.780851675847671
562,112.47498332221481,0.5,0.2,0.20833333333333331,0.5,0.06490991465532685,0.3245495732766339,0.10175675201133995,0.5087837600566993,9.780851675847671
563,112.67511674449632,0.5,0.2,0.20833333333333331,0.5,0.06490991457715076,0.3245495728857535,0.10175675208951604,0.5087837604475798,9.780851675847671
564,112.87525016677785,0.5,0.2,0.20833333333333331,0.5,0.06490991450171066,0.324549572508553,0.10175675216495614,0.5087837608247803,9.780851675847671
565,113.07538358905937,0.5,0.2,0.20833333333333331,0.5,0.06490991442900658,0.32454957214503255,0.10175675223766022,0.5087837611883007,9.780851675847671
566,113.2755170113409,0.5,0.2,0.20833333333333331,0.5,0.06490991435903849,0.3245495717951921,0.1017567523076283,0.5087837615381411,9.780851675847671
567,113.4756504336224,0.5,0.2,0.20833333333333331,0.5,0.06490991429180641,0.32454957145903174,0.10175675237486038,0.5087837618743015,9.780851675847671
568,113.67578385590393,0.5,0.2,0.20833333333333331,0.5,0.06490991422731032,0.3245495711365513,0.10175675243935647,0.5087837621967819,9.780851675847671
569,113.87591727818545,0.5,0.2,0.20833333333333331,0.5,0.06490991416555024,0.3245495708277509,0.10175675250111656,0.5087837625055823,9.780851675847671
570,114.07605070046698,0.5,0.2,0.20833333333333331,0.5,0.06490991410652616,0.3245495705326305,0.10175675256014063,0.5087837628007027,9.780851675847671
571,114.27618412274849,0.5,0.2,0.20833333333333331,0.5,0.06490991405023809,0.32454957025119013,0.1017567526164287,0.5087837630821431,9.780851675847671
572,114.47631754503001,0.5,0.2,0.20833333333333331,0.5,0.06490991399668601,0.32454956998342976,0.10175675266998079,0.5087837633499035,9.780851675847671
573,114.67645096731154,0.5,0.2,0.20833333333333331,0.5,0.06490991394586994,0.3245495697293494,0.10175675272079686,0.5087837636039839,9.780851675847671
574,114.87658438959306,0.5,0.2,0.20833333333333331,0.5,0.0649099138976408,0.3245495694882037,0.101756752769026,0.5087837638451296,9.780851675847671
575,115.07671781187457,0.5,0.2,0.20833333333333331,0.5,0.06490991385116916,0.32454956925584555,0.10175675281549763,0.5087837640774877,9.780851675847671
576,115.2768512341561,0.5,0.2,0.20833333333333331,0.5,0.0649099138063271,0.32454956903163523,0.1017567528603397,0.508783764301698,9.780851675847671
577,115.47698465643762,0.5,0.2,0.20833333333333331,0.5,0.06490991376311463,0.32454956881557284,0.10175675290355217,0.5087837645177604,9.780851675847671
578,115.67711807871915,0.5,0.2,0.20833333333333331,0.5,0.06490991372153171,0.3245495686076582,0.10175675294513509,0.508783764725675,9.780851675847671
579,115.87725150100066,0.5,0.2,0.20833333333333331,0.5,0.06490991368157836,0.3245495684078915,0.10175675298508843,0.5087837649254418,9.780851675847671
580,116.07738492328218,0.5,0.2,0.20833333333333331,0.5,0.06490991364325457,0.3245495682162726,0.10175675302341222,0.5087837651170607,9.780851675847671
581,116.2775183455637,0.5,0.2,0.20833333333333331,0.5,0.06490991360656037,0.32454956803280155,0.10175675306010643,0.5087837653005317,9.780851675847671
582,116.47765176784523,0.5,0.2,0.20833333333333331,0.5,0.06490991357149574,0.3245495678574784,0.10175675309517106,0.5087837654758549,9.780851675847671
583,116.67778519012674,0.5,0.2,0.20833333333333331,0.5,0.06490991353806067,0.324549567690303,0.10175675312860613,0.5087837656430302,9.780851675847671
584,116.87791861240827,0.5,0.2,0.20833333333333331,0.5,0.06490991350625516,0.32454956753127556,0.10175675316041163,0.5087837658020578,9.780851675847671
585,117.07805203468979,0.5,0.2,0.20833333333333331,0.5,0.06490991347607925,0.3245495673803959,0.10175675319058755,0.5087837659529374,9.780851675847671
586,117.27818545697131,0.5,0.2,0.20833333333333331,0.5,0.06490991344753289,0.3245495672376641,0.10175675321913391,0.5087837660956691,9.780851675847671
587,117.47831887925283,0.5,0.2,0.20833333333333331,0.5,0.06490991342044543,0.3245495671022268,0.10175675324622137,0.5087837662311064,9.780851675847671
588,117.67845230153435,0.5,0.2,0.20833333333333331,0.5,0.06490991339430509,0.32454956697152515,0.10175675327236171,0.5087837663618081,9.780851675847671
589,117.87858572381587,0.5,0.2,0.20833333333333331,0.5,0.06490991336907746,0.324549566845387,0.10175675329758933,0.5087837664879462,9.780851675847671
590,118.0787191460974,0.5,0.2,0.20833333333333331,0.5,0.06490991334476254,0.32454956672381235,0.10175675332190426,0.5087837666095208,9.780851675847671
591,118.27885256837891,0.5,0.2,0.20833333333333331,0.5,0.06490991332136031,0.3245495666068013,0.10175675334530648,0.508783766726532,9.780851675847671
592,118.47898599066043,0.5,0.2,0.20833333333333331,0.5,0.06490991329887079,0.3245495664943536,0.10175675336779601,0.5087837668389796,9.780851675847671
593,118.67911941294196,0.5,0.2,0.20833333333333331,0.5,0.06490991327729398,0.32454956638646953,0.10175675338937282,0.5087837669468637,9.780851675847671
594,118.87925283522348,0.5,0.2,0.20833333333333331,0.5,0.06490991325662986,0.32454956628314896,0.10175675341003694,0.5087837670501842,9.780851675847671
595,119.07938625750499,0.5,0.2,0.20833333333333331,0.5,0.06490991323687843,0.3245495661843919,0.10175675342978836,0.5087837671489414,9.780851675847671
596,119.27951967978652,0.5,0.2,0.20833333333333331,0.5,0.06490991321803972,0.3245495660901983,0.10175675344862707,0.5087837672431349,9.780851675847671
597,119.47965310206804,0.5,0.2,0.20833333333333331,0.5,0.06490991320011372,0.3245495660005683,0.10175675346655308,0.508783767332765,9.780851675847671
598,119.67978652434957,0.5,0.2,0.20833333333333331,0.5,0.06490991318310041,0.3245495659155017,0.10175675348356639,0.5087837674178315,9.780851675847671
599,119.87991994663108,0.5,0.2,0.20833333333333331,0.5,0.0649099131669998,0.32454956583499867,0.101756753499667,0.5087837674983345,9.780851675847671
600,120.0800533689126,0.5,0.2,0.20833333333333331,0.5,0.06490991315166326,0.32454956575831595,0.10175675351500353,0.5087837675750172,9.780851675847671
601,120.28018679119413,0.5,0.2,0.20833333333333331,0.5,0.06490991313684233,0.3245495656842113,0.10175675352982447,0.5087837676491219,9.780851675847671
602,120.48032021347565,0.5,0.2,0.20833333333333331,0.5,0.06490991312253312,0.32454956561266524,0.10175675354413367,0.508783767720668,9.780851675847671
603,120.68045363575716,0.5,0.2,0.20833333333333331,0.5,0.06490991310873563,0.3245495655436778,0.10175675355793116,0.5087837677896554,9.780851675847671
604,120.88058705803869,0.5,0.2,0.20833333333333331,0.5,0.06490991309544987,0.324549565477249,0.10175675357121693,0.5087837678560843,9.780851675847671
605,121.08072048032021,0.5,0.2,0.20833333333333331,0.5,0.06490991308267584,0.3245495654133788,0.10175675358399096,0.5087837679199544,9.780851675847671
606,121.28085390260173,0.5,0.2,0.20833333333333331,0.5,0.06490991307041354,0.32454956535206725,0.10175675359625326,0.5087837679812659,9.780851675847671
607,121.48098732488324,0.5,0.2,0.20833333333333331,0.5,0.06490991305866295,0.32454956529331436,0.10175675360800385,0.5087837680400189,9.780851675847671
608,121.68112074716477,0.5,0.2,0.20833333333333331,0.5,0.06490991304742409,0.3245495652371201,0.1017567536192427,0.5087837680962132,9.780851675847671
609,121.8812541694463,0.5,0.2,0.20833333333333331,0.5,0.06490991303669696,0.32454956518348443,0.10175675362996983,0.5087837681498488,9.780851675847671
610,122.08138759172782,0.5,0.2,0.20833333333333331,0.5,0.06490991302648155,0.3245495651324074,0.10175675364018524,0.5087837682009259,9.780851675847671
611,122.28152101400933,0.5,0.2,0.20833333333333331,0.5,0.06490991301677787,0.324549565083889,0.10175675364988893,0.5087837682494443,9.780851675847671
612,122.48165443629085,0.5,0.2,0.20833333333333331,0.5,0.06490991300758582,0.32454956503792864,0.10175675365908098,0.5087837682954045,9.780851675847671
613,122.68178785857238,0.5,0.2,0.20833333333333331,0.5,0.06490991299879031,0.32454956499395116,0.10175675366787648,0.508783768339382,9.780851675847671
614,122.8819212808539,0.5,0.2,0.20833333333333331,0.5,0.06490991299028986,0.32454956495144893,0.10175675367637693,0.5087837683818843,9.780851675847671
615,123.08205470313541,0.5,0.2,0.20833333333333331,0.5,0.06490991298208446,0.32454956491042186,0.10175675368458234,0.5087837684229113,9.780851675847671
616,123.28218812541694,0.5,0.2,0.20833333333333331,0.5,0.0649099129741741,0.32454956487087006,0.1017567536924927,0.5087837684624631,9.780851675847671
617,123.48232154769846,0.5,0.2,0.20833333333333331,0.5,0.06490991296655878,0.3245495648327935,0.10175675370010802,0.5087837685005397,9.780851675847671
618,123.68245496997999,0.5,0.2,0.20833333333333331,0.5,0.06490991295923851,0.3245495647961921,0.10175675370742829,0.508783768537141,9.780851675847671
619,123.8825883922615,0.5,0.2,0.20833333333333331,0.5,0.06490991295221328,0.324549564761066,0.10175675371445352,0.5087837685722671,9.780851675847671
620,124.08272181454302,0.5,0.2,0.20833333333333331,0.5,0.06490991294548311,0.32454956472741514,0.10175675372118369,0.5087837686059181,9.780851675847671
621,124.28285523682455,0.5,0.2,0.20833333333333331,0.5,0.06490991293904798,0.32454956469523943,0.10175675372761882,0.5087837686380937,9.780851675847671
622,124.48298865910607,0.5,0.2,0.20833333333333331,0.5,0.06490991293290789,0.324549564664539,0.1017567537337589,0.5087837686687942,9.780851675847671
623,124.68312208138758,0.5,0.2,0.20833333333333331,0.5,0.06490991292706284,0.3245495646353138,0.10175675373960395,0.5087837686980194,9.780851675847671
624,124.8832555036691,0.5,0.2,0.20833333333333331,0.5,0.06490991292151284,0.3245495646075638,0.10175675374515396,0.5087837687257694,9.780851675847671
625,125.08338892595063,0.5,0.2,0.20833333333333331,0.5,0.06490991291538659,0.32454956457693257,0.10175675375128021,0.5087837687564006,9.780851675847671
626,125.28352234823215,0.5,0.2,0.20833333333333331,0.5,0.06490991290606381,0.3245495645303187,0.10175675376060299,0.5087837688030146,9.780851675847671
627,125.48365577051366,0.5,0.2,0.20833333333333331,0.5,0.06490991289692041,0.32454956448460165,0.10175675376974638,0.5087837688487316,9.780851675847671
628,125.68378919279519,0.5,0.2,0.20833333333333331,0.5,0.06490991288795639,0.32454956443978156,0.10175675377871041,0.5087837688935516,9.780851675847671
629,125.88392261507671,0.5,0.2,0.20833333333333331,0.5,0.06490991287917175,0.32454956439585836,0.10175675378749505,0.5087837689374749,9.780851675847671
630,126.08405603735824,0.5,0.2,0.20833333333333331,0.5,0.06490991287056648,0.324549564352832,0.10175675379610032,0.5087837689805011,9.780851675847671
631,126.28418945963975,0.5,0.2,0.20833333333333331,0.5,0.0649099128621406,0.3245495643107026,0.1017567538045262,0.5087837690226307,9.780851675847671
632,126.48432288192127,0.5,0.2,0.20833333333333331,0.5,0.06490991285389408,0.32454956426947,0.10175675381277272,0.5087837690638632,9.780851675847671
633,126.6844563042028,0.5,0.2,0.20833333333333331,0.5,0.06490991284582695,0.32454956422913434,0.10175675382083985,0.5087837691041989,9.780851675847671
634,126.88458972648432,0.5,0.2,0.20833333333333331,0.5,0.06490991283793919,0.32454956418969555,0.1017567538287276,0.5087837691436377,9.780851675847671
635,127.08472314876583,0.5,0.2,0.20833333333333331,0.5,0.06490991283023081,0.3245495641511537,0.10175675383643598,0.5087837691821795,9.780851675847671
636,127.28485657104736,0.5,0.2,0.20833333333333331,0.5,0.06490991282270181,0.3245495641135087,0.10175675384396499,0.5087837692198245,9.780851675847671
637,127.48498999332888,0.5,0.2,0.20833333333333331,0.5,0.06490991281535219,0.3245495640767606,0.10175675385131461,0.5087837692565726,9.780851675847671
638,127.6851234156104,0.5,0.2,0.20833333333333331,0.5,0.06490991280818195,0.32454956404090934,0.10175675385848484,0.5087837692924239,9.780851675847671
639,127.88525683789192,0.5,0.2,0.20833333333333331,0.5,0.06490991280119109,0.324549564005955,0.10175675386547571,0.5087837693273781,9.780851675847671
640,128.08539026017345,0.5,0.2,0.20833333333333331,0.5,0.0649099127943796,0.3245495639718976,0.10175675387228719,0.5087837693614357,9.780851675847671
641,128.28552368245496,0.5,0.2,0.20833333333333331,0.5,0.06490991278774749,0.324549563938737,0.1017567538789193,0.5087837693945961,9.780851675847671
642,128.48565710473648,0.5,0.2,0.20833333333333331,0.5,0.06490991278129475,0.3245495639064734,0.10175675388537204,0.5087837694268598,9.780851675847671
643,128.685790527018,0.5,0.2,0.20833333333333331,0.5,0.06490991277502141,0.3245495638751066,0.10175675389164539,0.5087837694582266,9.780851675847671
644,128.88592394929952,0.5,0.2,0.20833333333333331,0.5,0.06490991276892742,0.32454956384463673,0.10175675389773937,0.5087837694886965,9.780851675847671
645,129.08605737158106,0.5,0.2,0.20833333333333331,0.5,0.06490991276301283,0.3245495638150637,0.10175675390365396,0.5087837695182694,9.780851675847671
646,129.28619079386257,0.5,0.2,0.20833333333333331,0.5,0.0649099127572776,0.3245495637863876,0.1017567539093892,0.5087837695469456,9.780851675847671
647,129.48632421614408,0.5,0.2,0.20833333333333331,0.5,0.06490991275172177,0.32454956375860844,0.10175675391494503,0.5087837695747248,9.780851675847671
648,129.68645763842562,0.5,0.2,0.20833333333333331,0.5,0.0649099127463453,0.3245495637317261,0.10175675392032149,0.5087837696016071,9.780851675847671
649,129.88659106070713,0.5,0.2,0.20833333333333331,0.5,0.06490991274114821,0.3245495637057407,0.10175675392551858,0.5087837696275925,9.780851675847671
650,130.08672448298864,0.5,0.2,0.20833333333333331,0.5,0.0649099127361305,0.3245495636806521,0.10175675393053629,0.5087837696526811,9.780851675847671
651,130.28685790527018,0.5,0.2,0.20833333333333331,0.5,0.06490991273129217,0.3245495636564604,0.10175675393537463,0.5087837696768728,9.780851675847671
652,130.4869913275517,0.5,0.2,0.20833333333333331,0.5,0.06490991272663321,0.32454956363316567,0.10175675394003358,0.5087837697001676,9.780851675847671
653,130.68712474983323,0.5,0.2,0.20833333333333331,0.5,0.06490991272215364,0.3245495636107678,0.10175675394451315,0.5087837697225654,9.780851675847671
654,130.88725817211474,0.5,0.2,0.20833333333333331,0.5,0.06490991271785344,0.3245495635892668,0.10175675394881335,0.5087837697440664,9.780851675847671
655,131.08739159439625,0.5,0.2,0.20833333333333331,0.5,0.06490991271373261,0.3245495635686627,0.10175675395293418,0.5087837697646705,9.780851675847671
656,131.2875250166778,0.5,0.2,0.20833333333333331,0.5,0.06490991270979118,0.3245495635489555,0.10175675395687561,0.5087837697843777,9.780851675847671
657,131.4876584389593,0.5,0.2,0.20833333333333331,0.5,0.06490991270602911,0.32454956353014514,0.10175675396063769,0.5087837698031881,9.780851675847671
658,131.6877918612408,0.5,0.2,0.20833333333333331,0.5,0.06490991270244642,0.32454956351223174,0.10175675396422038,0.5087837698211015,9.780851675847671
659,131.88792528352235,0.5,0.2,0.20833333333333331,0.5,0.06490991269904312,0.3245495634952152,0.10175675396762368,0.508783769838118,9.780851675847671
660,132.08805870580386,0.5,0.2,0.20833333333333331,0.5,0.06490991269581918,0.3245495634790955,0.10175675397084762,0.5087837698542377,9.780851675847671
661,132.2881921280854,0.5,0.2,0.20833333333333331,0.5,0.06490991269277463,0.32454956346387276,0.10175675397389217,0.5087837698694605,9.780851675847671
662,132.4883255503669,0.5,0.2,0.20833333333333331,0.5,0.06490991268990946,0.3245495634495469,0.10175675397675733,0.5087837698837864,9.780851675847671
663,132.68845897264842,0.5,0.2,0.20833333333333331,0.5,0.06490991268722365,0.3245495634361179,0.10175675397944314,0.5087837698972153,9.780851675847671
664,132.88859239492996,0.5,0.2,0.20833333333333331,0.5,0.06490991268471724,0.32454956342358576,0.10175675398194955,0.5087837699097474,9.780851675847671
665,133.08872581721147,0.5,0.2,0.20833333333333331,0.5,0.0649099126823902,0.32454956341195057,0.1017567539842766,0.5087837699213826,9.780851675847671
666,133.28885923949298,0.5,0.2,0.20833333333333331,0.5,0.06490991268024253,0.32454956340121227,0.10175675398642427,0.5087837699321209,9.780851675847671
667,133.48899266177452,0.5,0.2,0.20833333333333331,0.5,0.06490991267827424,0.3245495633913708,0.10175675398839255,0.5087837699419624,9.780851675847671
668,133.68912608405603,0.5,0.2,0.20833333333333331,0.5,0.06490991267648534,0.3245495633824263,0.10175675399018146,0.5087837699509069,9.780851675847671
669,133.88925950633757,0.5,0.2,0.20833333333333331,0.5,0.06490991267487581,0.3245495633743786,0.10175675399179099,0.5087837699589546,9.780851675847671
670,134.08939292861908,0.5,0.2,0.20833333333333331,0.5,0.06490991267344565,0.32454956336722784,0.10175675399322115,0.5087837699661053,9.780851675847671
671,134.2895263509006,0.5,0.2,0.20833333333333331,0.5,0.06490991267219488,0.32454956336097396,0.10175675399447191,0.5087837699723592,9.780851675847671
672,134.48965977318213,0.5,0.2,0.20833333333333331,0.5,0.06490991267112348,0.32454956335561697,0.10175675399554332,0.5087837699777162,9.780851675847671
673,134.68979319546364,0.5,0.2,0.20833333333333331,0.5,0.06490991267023145,0.32454956335115687,0.10175675399643534,0.5087837699821763,9.780851675847671
674,134.88992661774515,0.5,0.2,0.20833333333333331,0.5,0.06490991266951882,0.32454956334759366,0.10175675399714798,0.5087837699857395,9.780851675847671
675,135.09006004002669,0.5,0.2,0.20833333333333331,0.5,0.06490991266898555,0.32454956334492735,0.10175675399768125,0.5087837699884058,9.780851675847671
676,135.2901934623082,0.5,0.2,0.20833333333333331,0.5,0.06490991266863166,0.32454956334315793,0.10175675399803513,0.5087837699901753,9.780851675847671
677,135.49032688458973,0.5,0.2,0.20833333333333331,0.5,0.06490991266845716,0.3245495633422854,0.10175675399820963,0.5087837699910478,9.780851675847671
678,135.69046030687124,0.5,0.2,0.20833333333333331,0.5,0.06490991266846202,0.3245495633423097,0.10175675399820477,0.5087837699910235,9.780851675847671
679,135.89059372915276,0.5,0.2,0.20833333333333331,0.5,0.06490991266864628,0.324549563343231,0.10175675399802052,0.5087837699901022,9.780851675847671
680,136.0907271514343,0.5,0.2,0.20833333333333331,0.5,0.0649099126690099,0.3245495633450491,0.10175675399765689,0.5087837699882841,9.780851675847671
681,136.2908605737158,0.5,0.2,0.20833333333333331,0.5,0.0649099126695529,0.32454956334776414,0.1017567539971139,0.5087837699855691,9.780851675847671
682,136.49099399599731,0.5,0.2,0.20833333333333331,0.5,0.06490991267027528,0.324549563351376,0.10175675399639152,0.5087837699819572,9.780851675847671
683,136.69112741827885,0.5,0.2,0.20833333333333331,0.5,0.06490991267117704,0.3245495633558848,0.10175675399548975,0.5087837699774483,9.780851675847671
684,136.89126084056036,0.5,0.2,0.20833333333333331,0.5,0.06490991267225818,0.3245495633612905,0.10175675399440862,0.5087837699720427,9.780851675847671
685,137.0913942628419,0.5,0.2,0.20833333333333331,0.5,0.06490991267351869,0.32454956336759305,0.10175675399314811,0.5087837699657402,9.780851675847671
686,137.2915276851234,0.5,0.2,0.20833333333333331,0.5,0.06490991267495859,0.3245495633747925,0.10175675399170821,0.5087837699585407,9.780851675847671
687,137.49166110740492,0.5,0.2,0.20833333333333331,0.5,0.06490991267657785,0.3245495633828889,0.10175675399008895,0.5087837699504443,9.780851675847671
688,137.69179452968646,0.5,0.2,0.20833333333333331,0.5,0.0649099126783765,0.3245495633918821,0.1017567539882903,0.508783769941451,9.780851675847671
689,137.89192795196797,0.5,0.2,0.20833333333333331,0.5,0.06490991268035452,0.32454956340177227,0.10175675398631227,0.5087837699315609,9.780851675847671
690,138.09206137424948,0.5,0.2,0.20833333333333331,0.5,0.06490991268251192,0.32454956341255925,0.10175675398415487,0.5087837699207739,9.780851675847671
691,138.29219479653102,0.5,0.2,0.20833333333333331,0.5,0.0649099126848487,0.3245495634242432,0.10175675398181809,0.50878376990909,9.780851675847671
692,138.49232821881253,0.5,0.2,0.20833333333333331,0.5,0.06490991268736487,0.32454956343682395,0.10175675397930192,0.5087837698965092,9.780851675847671
693,138.69246164109407,0.5,0.2,0.20833333333333331,0.5,0.0649099126900604,0.32454956345030167,0.1017567539766064,0.5087837698830315,9.780851675847671
694,138.89259506337558,0.5,0.2,0.20833333333333331,0.5,0.06490991269293532,0.3245495634646762,0.10175675397373148,0.5087837698686569,9.780851675847671
695,139.0927284856571,0.5,0.2,0.20833333333333331,0.5,0.06490991269598961,0.3245495634799477,0.10175675397067718,0.5087837698533855,9.780851675847671
696,139.29286190793863,0.5,0.2,0.20833333333333331,0.5,0.06490991269922328,0.324549563496116,0.10175675396744352,0.5087837698372172,9.780851675847671
697,139.49299533022014,0.5,0.2,0.20833333333333331,0.5,0.06490991270263632,0.3245495635131813,0.10175675396403047,0.5087837698201519,9.780851675847671
698,139.69312875250165,0.5,0.2,0.20833333333333331,0.5,0.06490991270622876,0.32454956353114345,0.10175675396043804,0.5087837698021898,9.780851675847671
699,139.8932621747832,0.5,0.2,0.20833333333333331,0.5,0.06490991270914774,0.32454956354573833,0.10175675395751906,0.5087837697875948,9.780851675847671
700,140.0933955970647,0.5,0.2,0.20833333333333331,0.5,0.06490991270802504,0.3245495635401248,0.10175675395864175,0.5087837697932083,9.780851675847671
701,140.29352901934624,0.5,0.2,0.20833333333333331,0.5,0.0649099127069471,0.3245495635347351,0.1017567539597197,0.508783769798598,9.780851675847671
702,140.49366244162775,0.5,0.2,0.20833333333333331,0.5,0.0649099127059139,0.3245495635295691,0.1017567539607529,0.508783769803764,9.780851675847671
703,140.69379586390926,0.5,0.2,0.20833333333333331,0.5,0.06490991270492544,0.32454956352462677,0.10175675396174136,0.5087837698087063,9.780851675847671
704,140.8939292861908,0.5,0.2,0.20833333333333331,0.5,0.06490991270398172,0.3245495635199082,0.10175675396268508,0.5087837698134249,9.780851675847671
705,141.0940627084723,0.5,0.2,0.20833333333333331,0.5,0.06490991270308276,0.3245495635154134,0.10175675396358404,0.5087837698179197,9.780851675847671
706,141.29419613075382,0.5,0.2,0.20833333333333331,0.5,0.06490991270222854,0.3245495635111423,0.10175675396443826,0.5087837698221908,9.780851675847671
707,141.49432955303536,0.5,0.2,0.20833333333333331,0.5,0.06490991270141906,0.3245495635070949,0.10175675396524773,0.5087837698262382,9.780851675847671
708,141.69446297531687,0.5,0.2,0.20833333333333331,0.5,0.06490991270065433,0.32454956350327124,0.10175675396601247,0.5087837698300618,9.780851675847671
709,141.8945963975984,0.5,0.2,0.20833333333333331,0.5,0.06490991269993435,0.3245495634996713,0.10175675396673245,0.5087837698336618,9.780851675847671
710,142.09472981987992,0.5,0.2,0.20833333333333331,0.5,0.0649099126992591,0.3245495634962951,0.1017567539674077,0.508783769837038,9.780851675847671
711,142.29486324216143,0.5,0.2,0.20833333333333331,0.5,0.0649099126986286,0.3245495634931426,0.1017567539680382,0.5087837698401905,9.780851675847671
712,142.49499666444297,0.5,0.2,0.20833333333333331,0.5,0.06490991269804286,0.32454956349021385,0.10175675396862394,0.5087837698431192,9.780851675847671
713,142.69513008672448,0.5,0.2,0.20833333333333331,0.5,0.06490991269750185,0.32454956348750885,0.10175675396916495,0.5087837698458242,9.780851675847671
714,142.89526350900599,0.5,0.2,0.20833333333333331,0.5,0.06490991269700559,0.32454956348502756,0.1017567539696612,0.5087837698483055,9.780851675847671
715,143.09539693128752,0.5,0.2,0.20833333333333331,0.5,0.06490991269655408,0.32454956348277,0.10175675397011272,0.5087837698505631,9.780851675847671
716,143.29553035356903,0.5,0.2,0.20833333333333331,0.5,0.0649099126961473,0.32454956348073616,0.10175675397051949,0.508783769852597,9.780851675847671
717,143.49566377585057,0.5,0.2,0.20833333333333331,0.5,0.06490991269578528,0.324549563478926,0.10175675397088152,0.5087837698544071,9.780851675847671
718,143.69579719813208,0.5,0.2,0.20833333333333331,0.5,0.064909912695468,0.32454956347733965,0.1017567539711988,0.5087837698559935,9.780851675847671
719,143.8959306204136,0.5,0.2,0.20833333333333331,0.5,0.06490991269519547,0.32454956347597697,0.10175675397147133,0.5087837698573562,9.780851675847671
720,144.09606404269513,0.5,0.2,0.20833333333333331,0.5,0.06490991269496768,0.32454956347483804,0.10175675397169912,0.508783769858495,9.780851675847671
721,144.29619746497664,0.5,0.2,0.20833333333333331,0.5,0.06490991269478463,0.32454956347392283,0.10175675397188216,0.5087837698594103,9.780851675847671
722,144.49633088725815,0.5,0.2,0.20833333333333331,0.5,0.06490991269464634,0.32454956347323133,0.10175675397202046,0.5087837698601018,9.780851675847671
723,144.6964643095397,0.5,0.2,0.20833333333333331,0.5,0.06490991269455279,0.32454956347276354,0.101756753972114,0.5087837698605695,9.780851675847671
724,144.8965977318212,0.5,0.2,0.20833333333333331,0.5,0.06490991269450398,0.3245495634725195,0.10175675397216281,0.5087837698608135,9.780851675847671
725,145.09673115410274,0.5,0.2,0.20833333333333331,0.5,0.06490991269449992,0.3245495634724992,0.10175675397216688,0.5087837698608338,9.780851675847671
726,145.29686457638425,0.5,0.2,0.20833333333333331,0.5,0.0649099126945406,0.32454956347270264,0.10175675397212619,0.5087837698606305,9.780851675847671
727,145.49699799866576,0.5,0.2,0.20833333333333331,0.5,0.06490991269462604,0.3245495634731298,0.10175675397204076,0.5087837698602033,9.780851675847671
728,145.6971314209473,0.5,0.2,0.20833333333333331,0.5,0.06490991269475621,0.32454956347378067,0.10175675397191059,0.5087837698595524,9.780851675847671
729,145.8972648432288,0.5,0.2,0.20833333333333331,0.5,0.06490991269493113,0.32454956347465524,0.10175675397173567,0.5087837698586778,9.780851675847671
730,146.09739826551032,0.5,0.2,0.20833333333333331,0.5,0.06490991269515078,0.3245495634757536,0.10175675397151601,0.5087837698575796,9.780851675847671
731,146.29753168779186,0.5,0.2,0.20833333333333331,0.5,0.0649099126954152,0.32454956347707564,0.1017567539712516,0.5087837698562575,9.780851675847671
732,146.49766511007337,0.5,0.2,0.20833333333333331,0.5,0.06490991269572435,0.3245495634786214,0.10175675397094244,0.5087837698547117,9.780851675847671
733,146.6977985323549,0.5,0.2,0.20833333333333331,0.5,0.06490991269607825,0.3245495634803909,0.10175675397058855,0.5087837698529422,9.780851675847671
734,146.89793195463642,0.5,0.2,0.20833333333333331,0.5,0.0649099126964769,0.3245495634823841,0.10175675397018989,0.508783769850949,9.780851675847671
735,147.09806537691793,0.5,0.2,0.20833333333333331,0.5,0.06490991269692029,0.32454956348460107,0.10175675396974651,0.508783769848732,9.780851675847671
736,147.29819879919947,0.5,0.2,0.20833333333333331,0.5,0.06490991269740842,0.3245495634870418,0.10175675396925837,0.5087837698462914,9.780851675847671
737,147.49833222148098,0.5,0.2,0.20833333333333331,0.5,0.06490991269794132,0.32454956348970615,0.10175675396872548,0.5087837698436269,9.780851675847671
738,147.6984656437625,0.5,0.2,0.20833333333333331,0.5,0.06490991269851894,0.32454956349259434,0.10175675396814786,0.5087837698407388,9.780851675847671
739,147.89859906604403,0.5,0.2,0.20833333333333331,0.5,0.06490991269914131,0.3245495634957062,0.10175675396752548,0.508783769837627,9.780851675847671
740,148.09873248832554,0.5,0.2,0.20833333333333331,0.5,0.06490991269980842,0.32454956349904174,0.10175675396685838,0.5087837698342913,9.780851675847671
741,148.29886591060708,0.5,0.2,0.20833333333333331,0.5,0.0649099127005203,0.32454956350260106,0.1017567539661465,0.508783769830732,9.780851675847671
742,148.4989993328886,0.5,0.2,0.20833333333333331,0.5,0.0649099127012769,0.32454956350638414,0.1017567539653899,0.508783769826949,9.780851675847671
743,148.6991327551701,0.5,0.2,0.20833333333333331,0.5,0.06490991270207824,0.3245495635103909,0.10175675396458855,0.5087837698229423,9.780851675847671
744,148.89926617745164,0.5,0.2,0.20833333333333331,0.5,0.06490991270292434,0.3245495635146214,0.10175675396374245,0.5087837698187118,9.780851675847671
745,149.09939959973315,0.5,0.2,0.20833333333333331,0.5,0.06490991270381519,0.3245495635190756,0.10175675396285161,0.5087837698142575,9.780851675847671
746,149.29953302201466,0.5,0.2,0.20833333333333331,0.5,0.06490991270475079,0.3245495635237535,0.10175675396191601,0.5087837698095795,9.780851675847671
747,149.4996664442962,0.5,0.2,0.20833333333333331,0.5,0.06490991270573111,0.3245495635286552,0.10175675396093568,0.5087837698046779,9.780851675847671
748,149.6997998665777,0.5,0.2,0.20833333333333331,0.5,0.0649099127067562,0.3245495635337806,0.1017567539599106,0.5087837697995525,9.780851675847671
749,149.89993328885924,0.5,0.2,0.20833333333333331,0.5,0.06490991270782602,0.3245495635391297,0.10175675395884078,0.5087837697942034,9.780851675847671
750,150.10006671114076,0.5,0.2,0.20833333333333331,0.5,0.06490991270894059,0.3245495635447026,0.10175675395772621,0.5087837697886305,9.780851675847671
751,150.30020013342227,0.5,0.2,0.20833333333333331,0.5,0.06490991271009991,0.3245495635504992,0.10175675395656689,0.5087837697828339,9.780851675847671
752,150.5003335557038,0.5,0.2,0.20833333333333331,0.5,0.06490991271130396,0.3245495635565195,0.10175675395536284,0.5087837697768136,9.780851675847671
753,150.70046697798531,0.5,0.2,0.20833333333333331,0.5,0.06490991271255277,0.3245495635627635,0.10175675395411403,0.5087837697705696,9.780851675847671
754,150.90060040026682,0.5,0.2,0.20833333333333331,0.5,0.06490991271384632,0.32454956356923126,0.10175675395282048,0.5087837697641019,9.780851675847671
755,151.10073382254836,0.5,0.2,0.20833333333333331,0.5,0.06490991271518462,0.32454956357592274,0.10175675395148218,0.5087837697574104,9.780851675847671
756,151.30086724482987,0.5,0.2,0.20833333333333331,0.5,0.06490991271656767,0.32454956358283793,0.10175675395009913,0.5087837697504951,9.780851675847671
757,151.5010006671114,0.5,0.2,0.20833333333333331,0.5,0.06490991271799544,0.3245495635899769,0.10175675394867136,0.5087837697433563,9.780851675847671
758,151.70113408939292,0.5,0.2,0.20833333333333331,0.5,0.06490991271946799,0.32454956359733955,0.10175675394719881,0.5087837697359936,9.780851675847671
759,151.90126751167443,0.5,0.2,0.20833333333333331,0.5,0.06490991272098526,0.32454956360492593,0.10175675394568154,0.5087837697284071,9.780851675847671
760,152.10140093395597,0.5,0.2,0.20833333333333331,0.5,0.06490991272254729,0.32454956361273607,0.10175675394411951,0.508783769720597,9.780851675847671
761,152.30153435623748,0.5,0.2,0.20833333333333331,0.5,0.06490991272415404,0.32454956362076987,0.10175675394251275,0.5087837697125632,9.780851675847671
762,152.501667778519,0.5,0.2,0.20833333333333331,0.5,0.06490991272580555,0.3245495636290275,0.10175675394086124,0.5087837697043056,9.780851675847671
763,152.70180120080053,0.5,0.2,0.20833333333333331,0.5,0.06490991272750182,0.32454956363750875,0.10175675393916497,0.5087837696958244,9.780851675847671
764,152.90193462308204,0.5,0.2,0.20833333333333331,0.5,0.06490991272924282,0.3245495636462138,0.10175675393742398,0.5087837696871194,9.780851675847671
765,153.10206804536358,0.5,0.2,0.20833333333333331,0.5,0.06490991273102857,0.32454956365514254,0.10175675393563823,0.5087837696781906,9.780851675847671
766,153.3022014676451,0.5,0.2,0.20833333333333331,0.5,0.06490991273285907,0.324549563664295,0.10175675393380773,0.5087837696690382,9.780851675847671
767,153.5023348899266,0.5,0.2,0.20833333333333331,0.5,0.0649099127347343,0.3245495636736712,0.1017567539319325,0.5087837696596619,9.780851675847671
768,153.70246831220814,0.5,0.2,0.20833333333333331,0.5,0.0649099127366543,0.3245495636832711,0.1017567539300125,0.508783769650062,9.780851675847671
769,153.90260173448965,0.5,0.2,0.20833333333333331,0.5,0.06490991273861903,0.3245495636930948,0.10175675392804777,0.5087837696402383,9.780851675847671
770,154.1027351567712,0.5,0.2,0.20833333333333331,0.5,0.0649099127406285,0.32454956370314214,0.10175675392603829,0.5087837696301909,9.780851675847671
771,154.3028685790527,0.5,0.2,0.20833333333333331,0.5,0.06490991274268272,0.32454956371341326,0.10175675392398408,0.5087837696199199,9.780851675847671
772,154.5030020013342,0.5,0.2,0.20833333333333331,0.5,0.06490991274478168,0.3245495637239081,0.10175675392188512,0.5087837696094251,9.780851675847671
773,154.70313542361575,0.5,0.2,0.20833333333333331,0.5,0.06490991274680773,0.32454956373403837,0.10175675391985907,0.5087837695992947,9.780851675847671
774,154.90326884589726,0.5,0.2,0.20833333333333331,0.5,0.06490991274730674,0.32454956373653343,0.10175675391936005,0.5087837695967996,9.780851675847671
775,155.10340226817877,0.5,0.2,0.20833333333333331,0.5,0.06490991274780576,0.32454956373902855,0.10175675391886103,0.5087837695943046,9.780851675847671
776,155.3035356904603,0.5,0.2,0.20833333333333331,0.5,0.06490991274830478,0.3245495637415236,0.10175675391836202,0.5087837695918095,9.780851675847671
777,155.50366911274182,0.5,0.2,0.20833333333333331,0.5,0.0649099127488038,0.3245495637440187,0.101756753917863,0.5087837695893144,9.780851675847671
778,155.70380253502336,0.5,0.2,0.20833333333333331,0.5,0.06490991274930281,0.3245495637465138,0.10175675391736398,0.5087837695868193,9.780851675847671
779,155.90393595730487,0.5,0.2,0.20833333333333331,0.5,0.06490991274980183,0.3245495637490089,0.10175675391686496,0.5087837695843243,9.780851675847671
780,156.10406937958638,0.5,0.2,0.20833333333333331,0.5,0.06490991275030085,0.32454956375150396,0.10175675391636595,0.5087837695818291,9.780851675847671
781,156.30420280186792,0.5,0.2,0.20833333333333331,0.5,0.06490991275079987,0.32454956375399907,0.10175675391586693,0.508783769579334,9.780851675847671
782,156.50433622414943,0.5,0.2,0.20833333333333331,0.5,0.06490991275129888,0.32454956375649413,0.10175675391536791,0.5087837695768389,9.780851675847671
783,156.70446964643094,0.5,0.2,0.20833333333333331,0.5,0.0649099127517979,0.32454956375898925,0.1017567539148689,0.5087837695743439,9.780851675847671
784,156.90460306871248,0.5,0.2,0.20833333333333331,0.5,0.06490991275229692,0.3245495637614843,0.10175675391436988,0.5087837695718488,9.780851675847671
785,157.104736490994,0.5,0.2,0.20833333333333331,0.5,0.06490991275279594,0.3245495637639794,0.10175675391387086,0.5087837695693537,9.780851675847671
786,157.30486991327552,0.5,0.2,0.20833333333333331,0.5,0.06490991275329495,0.3245495637664745,0.10175675391337184,0.5087837695668586,9.780851675847671
787,157.50500333555703,0.5,0.2,0.20833333333333331,0.5,0.06490991275379397,0.3245495637689696,0.10175675391287282,0.5087837695643636,9.780851675847671
788,157.70513675783855,0.5,0.2,0.20833333333333331,0.5,0.06490991275429299,0.32454956377146466,0.1017567539123738,0.5087837695618684,9.780851675847671
789,157.90527018012008,0.5,0.2,0.20833333333333331,0.5,0.064909912754792,0.32454956377395977,0.10175675391187479,0.5087837695593733,9.780851675847671
790,158.1054036024016,0.5,0.2,0.20833333333333331,0.5,0.06490991275529104,0.32454956377645483,0.10175675391137576,0.5087837695568782,9.780851675847671
791,158.3055370246831,0.5,0.2,0.20833333333333331,0.5,0.06490991275579006,0.32454956377894995,0.10175675391087674,0.5087837695543832,9.780851675847671
792,158.50567044696464,0.5,0.2,0.20833333333333331,0.5,0.06490991275628907,0.324549563781445,0.10175675391037772,0.5087837695518881,9.780851675847671
793,158.70580386924615,0.5,0.2,0.20833333333333331,0.5,0.06490991275678809,0.3245495637839401,0.1017567539098787,0.508783769549393,9.780851675847671
794,158.9059372915277,0.5,0.2,0.20833333333333331,0.5,0.06490991275728711,0.32454956378643524,0.10175675390937969,0.5087837695468979,9.780851675847671
795,159.1060707138092,0.5,0.2,0.20833333333333331,0.5,0.06490991275778613,0.3245495637889303,0.10175675390888067,0.5087837695444027,9.780851675847671
796,159.3062041360907,0.5,0.2,0.20833333333333331,0.5,0.06490991275828514,0.3245495637914254,0.10175675390838165,0.5087837695419077,9.780851675847671
797,159.50633755837225,0.5,0.2,0.20833333333333331,0.5,0.06490991275878416,0.32454956379392047,0.10175675390788264,0.5087837695394126,9.780851675847671
798,159.70647098065376,0.5,0.2,0.20833333333333331,0.5,0.06490991275928318,0.3245495637964156,0.10175675390738362,0.5087837695369175,9.780851675847671
799,159.90660440293527,0.5,0.2,0.20833333333333331,0.5,0.0649099127597822,0.32454956379891065,0.1017567539068846,0.5087837695344224,9.780851675847671
800,160.1067378252168,0.5,0.2,0.20833333333333331,0.5,0.06490991276028121,0.32454956380140576,0.10175675390638558,0.5087837695319274,9.780851675847671
801,160.30687124749832,0.5,0.2,0.20833333333333331,0.5,0.06490991276078023,0.3245495638039008,0.10175675390588657,0.5087837695294323,9.780851675847671
802,160.50700466977986,0.5,0.2,0.20833333333333331,0.5,0.06490991276127925,0.32454956380639594,0.10175675390538755,0.5087837695269372,9.780851675847671
803,160.70713809206137,0.5,0.2,0.20833333333333331,0.5,0.06490991276177827,0.324549563808891,0.10175675390488853,0.508783769524442,9.780851675847671
804,160.90727151434288,0.5,0.2,0.20833333333333331,0.5,0.06490991276227728,0.3245495638113861,0.10175675390438951,0.508783769521947,9.780851675847671
805,161.10740493662442,0.5,0.2,0.20833333333333331,0.5,0.0649099127627763,0.32454956381388117,0.1017567539038905,0.5087837695194519,9.780851675847671
806,161.30753835890593,0.5,0.2,0.20833333333333331,0.5,0.06490991276327532,0.3245495638163763,0.10175675390339148,0.5087837695169568,9.780851675847671
807,161.50767178118744,0.5,0.2,0.20833333333333331,0.5,0.06490991276377434,0.32454956381887134,0.10175675390289246,0.5087837695144617,9.780851675847671
808,161.70780520346898,0.5,0.2,0.20833333333333331,0.5,0.06490991276427335,0.32454956382136646,0.10175675390239344,0.5087837695119667,9.780851675847671
809,161.9079386257505,0.5,0.2,0.20833333333333331,0.5,0.06490991276477237,0.3245495638238615,0.10175675390189443,0.5087837695094716,9.780851675847671
810,162.10807204803203,0.5,0.2,0.20833333333333331,0.5,0.06490991276527139,0.32454956382635664,0.10175675390139541,0.5087837695069765,9.780851675847671
811,162.30820547031354,0.5,0.2,0.20833333333333331,0.5,0.0649099127657704,0.3245495638288517,0.10175675390089639,0.5087837695044813,9.780851675847671
812,162.50833889259505,0.5,0.2,0.20833333333333331,0.5,0.06490991276626942,0.3245495638313468,0.10175675390039737,0.5087837695019863,9.780851675847671
813,162.7084723148766,0.5,0.2,0.20833333333333331,0.5,0.06490991276676844,0.3245495638338419,0.10175675389989836,0.5087837694994912,9.780851675847671
814,162.9086057371581,0.5,0.2,0.20833333333333331,0.5,0.06490991276726746,0.324549563836337,0.10175675389939934,0.5087837694969961,9.780851675847671
815,163.1087391594396,0.5,0.2,0.20833333333333331,0.5,0.06490991276776648,0.3245495638388321,0.10175675389890032,0.508783769494501,9.780851675847671
816,163.30887258172115,0.5,0.2,0.20833333333333331,0.5,0.0649099127682655,0.32454956384132716,0.10175675389840129,0.5087837694920059,9.780851675847671
817,163.50900600400266,0.5,0.2,0.20833333333333331,0.5,0.06490991276876452,0.3245495638438223,0.10175675389790227,0.5087837694895109,9.780851675847671
818,163.7091394262842,0.5,0.2,0.20833333333333331,0.5,0.06490991276926354,0.32454956384631733,0.10175675389740325,0.5087837694870158,9.780851675847671
819,163.9092728485657,0.5,0.2,0.20833333333333331,0.5,0.06490991276976256,0.32454956384881245,0.10175675389690424,0.5087837694845206,9.780851675847671
820,164.10940627084722,0.5,0.2,0.20833333333333331,0.5,0.06490991277026158,0.3245495638513075,0.10175675389640522,0.5087837694820255,9.780851675847671
821,164.30953969312876,0.5,0.2,0.20833333333333331,0.5,0.0649099127707606,0.3245495638538026,0.1017567538959062,0.5087837694795305,9.780851675847671
822,164.50967311541027,0.5,0.2,0.20833333333333331,0.5,0.06490991277125961,0.3245495638562977,0.10175675389540718,0.5087837694770354,9.780851675847671
823,164.70980653769178,0.5,0.2,0.20833333333333331,0.5,0.06490991277175863,0.3245495638587928,0.10175675389490817,0.5087837694745403,9.780851675847671
824,164.90993995997331,0.5,0.2,0.20833333333333331,0.5,0.06490991277225765,0.32454956386128786,0.10175675389440915,0.5087837694720452,9.780851675847671
825,165.11007338225482,0.5,0.2,0.20833333333333331,0.5,0.06490991277275666,0.324549563863783,0.10175675389391013,0.5087837694695502,9.780851675847671
826,165.31020680453636,0.5,0.2,0.20833333333333331,0.5,0.06490991277325568,0.32454956386627803,0.10175675389341111,0.5087837694670551,9.780851675847671
827,165.51034022681787,0.5,0.2,0.20833333333333331,0.5,0.0649099127737547,0.32454956386877315,0.1017567538929121,0.5087837694645599,9.780851675847671
828,165.71047364909938,0.5,0.2,0.20833333333333331,0.5,0.06490991277425372,0.3245495638712682,0.10175675389241308,0.5087837694620648,9.780851675847671
829,165.91060707138092,0.5,0.2,0.20833333333333331,0.5,0.06490991277475273,0.3245495638737633,0.10175675389191406,0.5087837694595698,9.780851675847671
830,166.11074049366243,0.5,0.2,0.20833333333333331,0.5,0.06490991277525175,0.3245495638762584,0.10175675389141504,0.5087837694570747,9.780851675847671
831,166.31087391594394,0.5,0.2,0.20833333333333331,0.5,0.06490991277575077,0.3245495638787535,0.10175675389091603,0.5087837694545796,9.780851675847671
832,166.51100733822548,0.5,0.2,0.20833333333333331,0.5,0.06490991277624979,0.3245495638812486,0.10175675389041701,0.5087837694520845,9.780851675847671
833,166.711140760507,0.5,0.2,0.20833333333333331,0.5,0.0649099127767488,0.3245495638837437,0.10175675388991799,0.5087837694495894,9.780851675847671
834,166.91127418278853,0.5,0.2,0.20833333333333331,0.5,0.06490991277724782,0.3245495638862388,0.10175675388941897,0.5087837694470944,9.780851675847671
835,167.11140760507004,0.5,0.2,0.20833333333333331,0.5,0.06490991277774684,0.32454956388873385,0.10175675388891996,0.5087837694445992,9.780851675847671
836,167.31154102735155,0.5,0.2,0.20833333333333331,0.5,0.06490991277824586,0.32454956389122896,0.10175675388842094,0.5087837694421041,9.780851675847671
837,167.5116744496331,0.5,0.2,0.20833333333333331,0.5,0.06490991277874487,0.324549563893724,0.10175675388792192,0.508783769439609,9.780851675847671
838,167.7118078719146,0.5,0.2,0.20833333333333331,0.5,0.06490991277924389,0.32454956389621914,0.1017567538874229,0.508783769437114,9.780851675847671
839,167.9119412941961,0.5,0.2,0.20833333333333331,0.5,0.06490991277974291,0.3245495638987142,0.10175675388692389,0.5087837694346189,9.780851675847671
840,168.11207471647765,0.5,0.2,0.20833333333333331,0.5,0.06490991278024193,0.3245495639012093,0.10175675388642487,0.5087837694321238,9.780851675847671
841,168.31220813875916,0.5,0.2,0.20833333333333331,0.5,0.06490991278074094,0.3245495639037044,0.10175675388592585,0.5087837694296287,9.780851675847671
842,168.5123415610407,0.5,0.2,0.20833333333333331,0.5,0.06490991278123998,0.3245495639061995,0.10175675388542682,0.5087837694271337,9.780851675847671
843,168.7124749833222,0.5,0.2,0.20833333333333331,0.5,0.064909912781739,0.32454956390869455,0.1017567538849278,0.5087837694246385,9.780851675847671
844,168.91260840560372,0.5,0.2,0.20833333333333331,0.5,0.06490991278223801,0.32454956391118966,0.10175675388442879,0.5087837694221434,9.780851675847671
845,169.11274182788526,0.5,0.2,0.20833333333333331,0.5,0.06490991278273703,0.3245495639136847,0.10175675388392977,0.5087837694196483,9.780851675847671
846,169.31287525016677,0.5,0.2,0.20833333333333331,0.5,0.06490991278323605,0.32454956391617984,0.10175675388343075,0.5087837694171533,9.780851675847671
847,169.51300867244828,0.5,0.2,0.20833333333333331,0.5,0.06490991278368356,0.32454956391841744,0.10175675388298323,0.5087837694149158,9.780851675847671
848,169.71314209472982,0.5,0.2,0.20833333333333331,0.5,0.06490991278369816,0.32454956391849044,0.10175675388296863,0.5087837694148427,9.780851675847671
849,169.91327551701133,0.5,0.2,0.20833333333333331,0.5,0.06490991278371276,0.32454956391856343,0.10175675388295403,0.5087837694147698,9.780851675847671
850,170.11340893929287,0.5,0.2,0.20833333333333331,0.5,0.06490991278372736,0.32454956391863643,0.10175675388293944,0.5087837694146967,9.780851675847671
851,170.31354236157438,0.5,0.2,0.20833333333333331,0.5,0.06490991278374196,0.3245495639187094,0.10175675388292484,0.5087837694146238,9.780851675847671
852,170.5136757838559,0.5,0.2,0.20833333333333331,0.5,0.06490991278375656,0.3245495639187824,0.10175675388291024,0.5087837694145507,9.780851675847671
853,170.71380920613743,0.5,0.2,0.20833333333333331,0.5,0.06490991278377116,0.3245495639188554,0.10175675388289564,0.5087837694144778,9.780851675847671
854,170.91394262841894,0.5,0.2,0.20833333333333331,0.5,0.06490991278378576,0.3245495639189284,0.10175675388288104,0.5087837694144047,9.780851675847671
855,171.11407605070045,0.5,0.2,0.20833333333333331,0.5,0.06490991278380036,0.3245495639190014,0.10175675388286644,0.5087837694143318,9.780851675847671
856,171.314209472982,0.5,0.2,0.20833333333333331,0.5,0.06490991278381496,0.3245495639190744,0.10175675388285184,0.5087837694142587,9.780851675847671
857,171.5143428952635,0.5,0.2,0.20833333333333331,0.5,0.06490991278382956,0.3245495639191474,0.10175675388283724,0.5087837694141858,9.780851675847671
858,171.71447631754504,0.5,0.2,0.20833333333333331,0.5,0.06490991278384416,0.3245495639192204,0.10175675388282264,0.5087837694141127,9.780851675847671
859,171.91460973982655,0.5,0.2,0.20833333333333331,0.5,0.06490991278385876,0.32454956391929335,0.10175675388280804,0.5087837694140398,9.780851675847671
860,172.11474316210806,0.5,0.2,0.20833333333333331,0.5,0.06490991278387336,0.32454956391936635,0.10175675388279344,0.5087837694139667,9.780851675847671
861,172.3148765843896,0.5,0.2,0.20833333333333331,0.5,0.06490991278388795,0.32454956391943934,0.10175675388277884,0.5087837694138938,9.780851675847671
862,172.5150100066711,0.5,0.2,0.20833333333333331,0.5,0.06490991278390255,0.32454956391951234,0.10175675388276424,0.5087837694138208,9.780851675847671
863,172.71514342895262,0.5,0.2,0.20833333333333331,0.5,0.06490991278391715,0.32454956391958534,0.10175675388274964,0.5087837694137478,9.780851675847671
864,172.91527685123415,0.5,0.2,0.20833333333333331,0.5,0.06490991278393175,0.32454956391965833,0.10175675388273504,0.5087837694136748,9.780851675847671
865,173.11541027351566,0.5,0.2,0.20833333333333331,0.5,0.06490991278394635,0.32454956391973133,0.10175675388272044,0.5087837694136018,9.780851675847671
866,173.3155436957972,0.5,0.2,0.20833333333333331,0.5,0.06490991278396095,0.32454956391980433,0.10175675388270584,0.5087837694135288,9.780851675847671
867,173.5156771180787,0.5,0.2,0.20833333333333331,0.5,0.06490991278397555,0.3245495639198773,0.10175675388269124,0.5087837694134558,9.780851675847671
868,173.71581054036022,0.5,0.2,0.20833333333333331,0.5,0.06490991278399015,0.3245495639199503,0.10175675388267665,0.5087837694133828,9.780851675847671
869,173.91594396264176,0.5,0.2,0.20833333333333331,0.5,0.06490991278400475,0.3245495639200233,0.10175675388266205,0.5087837694133098,9.780851675847671
870,174.11607738492327,0.5,0.2,0.20833333333333331,0.5,0.06490991278401935,0.3245495639200963,0.10175675388264745,0.5087837694132368,9.780851675847671
871,174.31621080720478,0.5,0.2,0.20833333333333331,0.5,0.06490991278403395,0.3245495639201693,0.10175675388263285,0.5087837694131638,9.780851675847671
872,174.51634422948632,0.5,0.2,0.20833333333333331,0.5,0.06490991278404855,0.3245495639202423,0.10175675388261825,0.5087837694130908,9.780851675847671
873,174.71647765176783,0.5,0.2,0.20833333333333331,0.5,0.06490991278406315,0.3245495639203153,0.10175675388260365,0.5087837694130178,9.780851675847671
874,174.91661107404937,0.5,0.2,0.20833333333333331,0.5,0.06490991278407775,0.3245495639203883,0.10175675388258905,0.5087837694129448,9.780851675847671
875,175.11674449633088,0.5,0.2,0.20833333333333331,0.5,0.06490991278409235,0.3245495639204613,0.10175675388257445,0.5087837694128718,9.780851675847671
876,175.3168779186124,0.5,0.2,0.20833333333333331,0.5,0.06490991278410695,0.3245495639205343,0.10175675388255985,0.5087837694127988,9.780851675847671
877,175.51701134089393,0.5,0.2,0.20833333333333331,0.5,0.06490991278412155,0.3245495639206073,0.10175675388254525,0.5087837694127259,9.780851675847671
878,175.71714476317544,0.5,0.2,0.20833333333333331,0.5,0.06490991278413615,0.3245495639206803,0.10175675388253065,0.5087837694126529,9.780851675847671
879,175.91727818545695,0.5,0.2,0.20833333333333331,0.5,0.06490991278415074,0.3245495639207533,0.10175675388251605,0.5087837694125799,9.780851675847671
880,176.1174116077385,0.5,0.2,0.20833333333333331,0.5,0.06490991278416534,0.3245495639208263,0.10175675388250145,0.5087837694125069,9.780851675847671
881,176.31754503002,0.5,0.2,0.20833333333333331,0.5,0.06490991278417993,0.3245495639208993,0.10175675388248687,0.5087837694124339,9.780851675847671
882,176.51767845230154,0.5,0.2,0.20833333333333331,0.5,0.06490991278419453,0.3245495639209723,0.10175675388247227,0.5087837694123609,9.780851675847671
883,176.71781187458305,0.5,0.2,0.20833333333333331,0.5,0.06490991278420913,0.3245495639210453,0.10175675388245767,0.5087837694122879,9.780851675847671
884,176.91794529686456,0.5,0.2,0.20833333333333331,0.5,0.06490991278422373,0.3245495639211183,0.10175675388244307,0.5087837694122149,9.780851675847671
885,177.1180787191461,0.5,0.2,0.20833333333333331,0.5,0.06490991278423833,0.3245495639211913,0.10175675388242847,0.5087837694121419,9.780851675847671
886,177.3182121414276,0.5,0.2,0.20833333333333331,0.5,0.06490991278425293,0.3245495639212643,0.10175675388241387,0.5087837694120689,9.780851675847671
887,177.51834556370912,0.5,0.2,0.20833333333333331,0.5,0.06490991278426753,0.32454956392133727,0.10175675388239927,0.5087837694119959,9.780851675847671
888,177.71847898599066,0.5,0.2,0.20833333333333331,0.5,0.06490991278428213,0.32454956392141027,0.10175675388238467,0.5087837694119229,9.780851675847671
889,177.91861240827217,0.5,0.2,0.20833333333333331,0.5,0.06490991278429672,0.32454956392148326,0.10175675388237007,0.5087837694118499,9.780851675847671
890,178.1187458305537,0.5,0.2,0.20833333333333331,0.5,0.06490991278431132,0.32454956392155626,0.10175675388235547,0.5087837694117769,9.780851675847671
891,178.31887925283522,0.5,0.2,0.20833333333333331,0.5,0.06490991278432592,0.32454956392162926,0.10175675388234087,0.5087837694117039,9.780851675847671
892,178.51901267511673,0.5,0.2,0.20833333333333331,0.5,0.06490991278434052,0.32454956392170226,0.10175675388232627,0.508783769411631,9.780851675847671
893,178.71914609739827,0.5,0.2,0.20833333333333331,0.5,0.06490991278435512,0.32454956392177525,0.10175675388231167,0.5087837694115579,9.780851675847671
894,178.91927951967978,0.5,0.2,0.20833333333333331,0.5,0.06490991278436972,0.32454956392184825,0.10175675388229707,0.508783769411485,9.780851675847671
895,179.1194129419613,0.5,0.2,0.20833333333333331,0.5,0.06490991278438432,0.3245495639219212,0.10175675388228247,0.5087837694114119,9.780851675847671
896,179.31954636424283,0.5,0.2,0.20833333333333331,0.5,0.06490991278439892,0.3245495639219942,0.10175675388226788,0.508783769411339,9.780851675847671
897,179.51967978652434,0.5,0.2,0.20833333333333331,0.5,0.06490991278441352,0.3245495639220672,0.10175675388225328,0.5087837694112659,9.780851675847671
898,179.71981320880587,0.5,0.2,0.20833333333333331,0.5,0.06490991278442812,0.3245495639221402,0.10175675388223868,0.508783769411193,9.780851675847671
899,179.91994663108738,0.5,0.2,0.20833333333333331,0.5,0.06490991278444272,0.3245495639222132,0.10175675388222408,0.5087837694111199,9.780851675847671
900,180.1200800533689,0.5,0.2,0.20833333333333331,0.5,0.06490991278445732,0.3245495639222862,0.10175675388220948,0.508783769411047,9.780851675847671
901,180.32021347565043,0.5,0.2,0.20833333333333331,0.5,0.06490991278447192,0.3245495639223592,0.10175675388219488,0.5087837694109739,9.780851675847671
902,180.52034689793194,0.5,0.2,0.20833333333333331,0.5,0.06490991278448652,0.32454956392243217,0.10175675388218028,0.508783769410901,9.780851675847671
903,180.72048032021348,0.5,0.2,0.20833333333333331,0.5,0.06490991278450112,0.32454956392250517,0.10175675388216568,0.5087837694108279,9.780851675847671
904,180.920613742495,0.5,0.2,0.20833333333333331,0.5,0.06490991278451572,0.32454956392257817,0.10175675388215108,0.508783769410755,9.780851675847671
905,181.1207471647765,0.5,0.2,0.20833333333333331,0.5,0.06490991278453032,0.32454956392265116,0.10175675388213648,0.5087837694106819,9.780851675847671
906,181.32088058705804,0.5,0.2,0.20833333333333331,0.5,0.06490991278454492,0.32454956392272416,0.10175675388212188,0.508783769410609,9.780851675847671
907,181.52101400933955,0.5,0.2,0.20833333333333331,0.5,0.06490991278455951,0.32454956392279716,0.10175675388210728,0.5087837694105359,9.780851675847671
908,181.72114743162106,0.5,0.2,0.20833333333333331,0.5,0.06490991278457411,0.32454956392287015,0.10175675388209268,0.508783769410463,9.780851675847671
909,181.9212808539026,0.5,0.2,0.20833333333333331,0.5,0.06490991278458871,0.32454956392294315,0.10175675388207808,0.5087837694103899,9.780851675847671
910,182.1214142761841,0.5,0.2,0.20833333333333331,0.5,0.06490991278460331,0.32454956392301615,0.10175675388206348,0.508783769410317,9.780851675847671
911,182.32154769846565,0.5,0.2,0.20833333333333331,0.5,0.06490991278461791,0.32454956392308915,0.10175675388204888,0.508783769410244,9.780851675847671
912,182.52168112074716,0.5,0.2,0.20833333333333331,0.5,0.06490991278463251,0.32454956392316214,0.10175675388203428,0.508783769410171,9.780851675847671
913,182.72181454302867,0.5,0.2,0.20833333333333331,0.5,0.06490991278464711,0.32454956392323514,0.10175675388201968,0.5087837694100981,9.780851675847671
914,182.9219479653102,0.5,0.2,0.20833333333333331,0.5,0.06490991278466171,0.32454956392330814,0.10175675388200509,0.508783769410025,9.780851675847671
915,183.12208138759172,0.5,0.2,0.20833333333333331,0.5,0.06490991278467631,0.32454956392338113,0.10175675388199049,0.5087837694099521,9.780851675847671
916,183.32221480987323,0.5,0.2,0.20833333333333331,0.5,0.06490991278469091,0.32454956392345413,0.10175675388197589,0.508783769409879,9.780851675847671
917,183.52234823215477,0.5,0.2,0.20833333333333331,0.5,0.06490991278470551,0.32454956392352713,0.10175675388196129,0.5087837694098061,9.780851675847671
918,183.72248165443628,0.5,0.2,0.20833333333333331,0.5,0.06490991278472011,0.3245495639236001,0.10175675388194669,0.508783769409733,9.780851675847671
919,183.92261507671782,0.5,0.2,0.20833333333333331,0.5,0.06490991278473471,0.3245495639236731,0.10175675388193209,0.5087837694096601,9.780851675847671
920,184.12274849899933,0.5,0.2,0.20833333333333331,0.5,0.06490991278474931,0.3245495639237461,0.10175675388191749,0.508783769409587,9.780851675847671
921,184.32288192128084,0.5,0.2,0.20833333333333331,0.5,0.0649099127847639,0.3245495639238191,0.10175675388190289,0.5087837694095141,9.780851675847671
922,184.52301534356238,0.5,0.2,0.20833333333333331,0.5,0.0649099127847785,0.3245495639238921,0.10175675388188829,0.508783769409441,9.780851675847671
923,184.7231487658439,0.5,0.2,0.20833333333333331,0.5,0.0649099127847931,0.3245495639239651,0.10175675388187369,0.5087837694093681,9.780851675847671
924,184.9232821881254,0.5,0.2,0.20833333333333331,0.5,0.06490991278480769,0.3245495639240381,0.1017567538818591,0.508783769409295,9.780851675847671
925,185.12341561040694,0.5,0.2,0.20833333333333331,0.5,0.06490991278482229,0.3245495639241111,0.1017567538818445,0.5087837694092221,9.780851675847671
926,185.32354903268845,0.5,0.2,0.20833333333333331,0.5,0.06490991278483689,0.3245495639241841,0.1017567538818299,0.508783769409149,9.780851675847671
927,185.52368245497,0.5,0.2,0.20833333333333331,0.5,0.06490991278485149,0.3245495639242571,0.1017567538818153,0.5087837694090761,9.780851675847671
928,185.7238158772515,0.5,0.2,0.20833333333333331,0.5,0.06490991278486609,0.3245495639243301,0.10175675388180071,0.508783769409003,9.780851675847671
929,185.923949299533,0.5,0.2,0.20833333333333331,0.5,0.06490991278488069,0.3245495639244031,0.10175675388178611,0.5087837694089301,9.780851675847671
930,186.12408272181455,0.5,0.2,0.20833333333333331,0.5,0.06490991278489529,0.3245495639244761,0.10175675388177151,0.5087837694088571,9.780851675847671
931,186.32421614409606,0.5,0.2,0.20833333333333331,0.5,0.06490991278490989,0.32454956392454903,0.10175675388175691,0.5087837694087841,9.780851675847671
932,186.52434956637757,0.5,0.2,0.20833333333333331,0.5,0.06490991278492449,0.32454956392462203,0.10175675388174231,0.5087837694087111,9.780851675847671
933,186.7244829886591,0.5,0.2,0.20833333333333331,0.5,0.06490991278493909,0.32454956392469503,0.10175675388172771,0.5087837694086381,9.780851675847671
934,186.92461641094062,0.5,0.2,0.20833333333333331,0.5,0.06490991278495369,0.324549563924768,0.10175675388171311,0.5087837694085651,9.780851675847671
935,187.12474983322215,0.5,0.2,0.20833333333333331,0.5,0.06490991278496828,0.324549563924841,0.10175675388169851,0.5087837694084921,9.780851675847671
936,187.32488325550366,0.5,0.2,0.20833333333333331,0.5,0.06490991278498288,0.324549563924914,0.10175675388168391,0.5087837694084191,9.780851675847671
937,187.52501667778517,0.5,0.2,0.20833333333333331,0.5,0.06490991278499748,0.324549563924987,0.10175675388166931,0.5087837694083461,9.780851675847671
938,187.7251501000667,0.5,0.2,0.20833333333333331,0.5,0.06490991278501208,0.32454956392506,0.10175675388165471,0.5087837694082731,9.780851675847671
939,187.92528352234822,0.5,0.2,0.20833333333333331,0.5,0.06490991278502668,0.324549563925133,0.10175675388164011,0.5087837694082001,9.780851675847671
940,188.12541694462973,0.5,0.2,0.20833333333333331,0.5,0.06490991278504128,0.324549563925206,0.10175675388162551,0.5087837694081271,9.780851675847671
941,188.32555036691127,0.5,0.2,0.20833333333333331,0.5,0.06490991278505588,0.324549563925279,0.10175675388161091,0.5087837694080541,9.780851675847671
942,188.52568378919278,0.5,0.2,0.20833333333333331,0.5,0.06490991278507048,0.324549563925352,0.10175675388159632,0.5087837694079811,9.780851675847671
943,188.72581721147432,0.5,0.2,0.20833333333333331,0.5,0.06490991278508508,0.324549563925425,0.10175675388158172,0.5087837694079081,9.780851675847671
944,188.92595063375583,0.5,0.2,0.20833333333333331,0.5,0.06490991278509968,0.324549563925498,0.10175675388156712,0.5087837694078351,9.780851675847671
945,189.12608405603734,0.5,0.2,0.20833333333333331,0.5,0.06490991278511428,0.324549563925571,0.10175675388155252,0.5087837694077622,9.780851675847671
946,189.32621747831888,0.5,0.2,0.20833333333333331,0.5,0.06490991278512888,0.324549563925644,0.10175675388153792,0.5087837694076891,9.780851675847671
947,189.5263509006004,0.5,0.2,0.20833333333333331,0.5,0.06490991278514348,0.324549563925717,0.10175675388152332,0.5087837694076162,9.780851675847671
948,189.7264843228819,0.5,0.2,0.20833333333333331,0.5,0.06490991278515808,0.32454956392579,0.10175675388150872,0.5087837694075431,9.780851675847671
949,189.92661774516344,0.5,0.2,0.20833333333333331,0.5,0.06490991278517268,0.324549563925863,0.10175675388149412,0.5087837694074702,9.780851675847671
950,190.12675116744495,0.5,0.2,0.20833333333333331,0.5,0.06490991278518728,0.324549563925936,0.10175675388147952,0.5087837694073972,9.780851675847671
951,190.3268845897265,0.5,0.2,0.20833333333333331,0.5,0.06490991278520188,0.324549563926009,0.10175675388146492,0.5087837694073242,9.780851675847671
952,190.527018012008,0.5,0.2,0.20833333333333331,0.5,0.06490991278521648,0.324549563926082,0.10175675388145032,0.5087837694072512,9.780851675847671
953,190.7271514342895,0.5,0.2,0.20833333333333331,0.5,0.06490991278523107,0.32454956392615497,0.10175675388143572,0.5087837694071782,9.780851675847671
954,190.92728485657105,0.5,0.2,0.20833333333333331,0.5,0.06490991278524567,0.32454956392622797,0.10175675388142112,0.5087837694071052,9.780851675847671
955,191.12741827885256,0.5,0.2,0.20833333333333331,0.5,0.06490991278526027,0.32454956392630097,0.10175675388140652,0.5087837694070322,9.780851675847671
956,191.32755170113407,0.5,0.2,0.20833333333333331,0.5,0.06490991278527487,0.32454956392637396,0.10175675388139192,0.5087837694069592,9.780851675847671
957,191.5276851234156,0.5,0.2,0.20833333333333331,0.5,0.06490991278528947,0.32454956392644696,0.10175675388137732,0.5087837694068862,9.780851675847671
958,191.72781854569712,0.5,0.2,0.20833333333333331,0.5,0.06490991278530407,0.32454956392651996,0.10175675388136272,0.5087837694068132,9.780851675847671
959,191.92795196797866,0.5,0.2,0.20833333333333331,0.5,0.06490991278531867,0.32454956392659295,0.10175675388134812,0.5087837694067402,9.780851675847671
960,192.12808539026017,0.5,0.2,0.20833333333333331,0.5,0.06490991278533327,0.32454956392666595,0.10175675388133353,0.5087837694066673,9.780851675847671
961,192.32821881254168,0.5,0.2,0.20833333333333331,0.5,0.06490991278534787,0.32454956392673895,0.10175675388131893,0.5087837694065942,9.780851675847671
962,192.52835223482322,0.5,0.2,0.20833333333333331,0.5,0.06490991278536247,0.32454956392681195,0.10175675388130433,0.5087837694065213,9.780851675847671
963,192.72848565710473,0.5,0.2,0.20833333333333331,0.5,0.06490991278537707,0.32454956392688494,0.10175675388128973,0.5087837694064482,9.780851675847671
964,192.92861907938624,0.5,0.2,0.20833333333333331,0.5,0.06490991278539167,0.32454956392695794,0.10175675388127513,0.5087837694063753,9.780851675847671
965,193.12875250166778,0.5,0.2,0.20833333333333331,0.5,0.06490991278540627,0.32454956392703094,0.10175675388126053,0.5087837694063022,9.780851675847671
966,193.3288859239493,0.5,0.2,0.20833333333333331,0.5,0.06490991278542087,0.32454956392710393,0.10175675388124593,0.5087837694062293,9.780851675847671
967,193.52901934623083,0.5,0.2,0.20833333333333331,0.5,0.06490991278543545,0.3245495639271769,0.10175675388123134,0.5087837694061562,9.780851675847671
968,193.72915276851234,0.5,0.2,0.20833333333333331,0.5,0.06490991278545005,0.3245495639272499,0.10175675388121674,0.5087837694060833,9.780851675847671
969,193.92928619079385,0.5,0.2,0.20833333333333331,0.5,0.06490991278546465,0.32454956392732287,0.10175675388120214,0.5087837694060102,9.780851675847671
970,194.12941961307538,0.5,0.2,0.20833333333333331,0.5,0.06490991278547925,0.32454956392739587,0.10175675388118754,0.5087837694059373,9.780851675847671
971,194.3295530353569,0.5,0.2,0.20833333333333331,0.5,0.06490991278549385,0.32454956392746886,0.10175675388117295,0.5087837694058642,9.780851675847671
972,194.5296864576384,0.5,0.2,0.20833333333333331,0.5,0.06490991278550845,0.32454956392754186,0.10175675388115835,0.5087837694057913,9.780851675847671
973,194.72981987991994,0.5,0.2,0.20833333333333331,0.5,0.06490991278552305,0.32454956392761486,0.10175675388114375,0.5087837694057182,9.780851675847671
974,194.92995330220145,0.5,0.2,0.20833333333333331,0.5,0.06490991278553765,0.32454956392768786,0.10175675388112915,0.5087837694056453,9.780851675847671
975,195.130086724483,0.5,0.2,0.20833333333333331,0.5,0.06490991278555225,0.32454956392776085,0.10175675388111455,0.5087837694055722,9.780851675847671
976,195.3302201467645,0.5,0.2,0.20833333333333331,0.5,0.06490991278556685,0.32454956392783385,0.10175675388109995,0.5087837694054993,9.780851675847671
977,195.530353569046,0.5,0.2,0.20833333333333331,0.5,0.06490991278558145,0.32454956392790685,0.10175675388108535,0.5087837694054262,9.780851675847671
978,195.73048699132755,0.5,0.2,0.20833333333333331,0.5,0.06490991278559605,0.32454956392797984,0.10175675388107075,0.5087837694053533,9.780851675847671
979,195.93062041360906,0.5,0.2,0.20833333333333331,0.5,0.06490991278561065,0.32454956392805284,0.10175675388105615,0.5087837694052803,9.780851675847671
980,196.13075383589057,0.5,0.2,0.20833333333333331,0.5,0.06490991278562525,0.32454956392812584,0.10175675388104155,0.5087837694052073,9.780851675847671
981,196.3308872581721,0.5,0.2,0.20833333333333331,0.5,0.06490991278563985,0.32454956392819884,0.10175675388102695,0.5087837694051343,9.780851675847671
982,196.53102068045362,0.5,0.2,0.20833333333333331,0.5,0.06490991278565444,0.32454956392827183,0.10175675388101235,0.5087837694050613,9.780851675847671
983,196.73115410273516,0.5,0.2,0.20833333333333331,0.5,0.06490991278566904,0.32454956392834483,0.10175675388099775,0.5087837694049883,9.780851675847671
984,196.93128752501667,0.5,0.2,0.20833333333333331,0.5,0.06490991278568364,0.32454956392841783,0.10175675388098315,0.5087837694049153,9.780851675847671
985,197.13142094729818,0.5,0.2,0.20833333333333331,0.5,0.06490991278569824,0.3245495639284908,0.10175675388096855,0.5087837694048424,9.780851675847671
986,197.33155436957972,0.5,0.2,0.20833333333333331,0.5,0.06490991278571284,0.3245495639285638,0.10175675388095395,0.5087837694047693,9.780851675847671
987,197.53168779186123,0.5,0.2,0.20833333333333331,0.5,0.06490991278572744,0.3245495639286368,0.10175675388093935,0.5087837694046964,9.780851675847671
988,197.73182121414274,0.5,0.2,0.20833333333333331,0.5,0.06490991278574204,0.3245495639287098,0.10175675388092476,0.5087837694046233,9.780851675847671
989,197.93195463642428,0.5,0.2,0.20833333333333331,0.5,0.06490991278575664,0.3245495639287828,0.10175675388091016,0.5087837694045504,9.780851675847671
990,198.1320880587058,0.5,0.2,0.20833333333333331,0.5,0.06490991278577124,0.3245495639288558,0.10175675388089556,0.5087837694044773,9.780851675847671
991,198.33222148098733,0.5,0.2,0.20833333333333331,0.5,0.06490991278578584,0.3245495639289288,0.10175675388088096,0.5087837694044044,9.780851675847671
992,198.53235490326884,0.5,0.2,0.20833333333333331,0.5,0.06490991278580044,0.3245495639290018,0.10175675388086636,0.5087837694043313,9.780851675847671
993,198.73248832555035,0.5,0.2,0.20833333333333331,0.5,0.06490991278581504,0.3245495639290748,0.10175675388085176,0.5087837694042584,9.780851675847671
994,198.9326217478319,0.5,0.2,0.20833333333333331,0.5,0.06490991278582964,0.3245495639291478,0.10175675388083716,0.5087837694041853,9.780851675847671
995,199.1327551701134,0.5,0.2,0.20833333333333331,0.5,0.06490991278584424,0.3245495639292208,0.10175675388082256,0.5087837694041124,9.780851675847671
996,199.3328885923949,0.5,0.2,0.20833333333333331,0.5,0.06490991278585884,0.3245495639292938,0.10175675388080796,0.5087837694040394,9.780851675847671
997,199.53302201467645,0.5,0.2,0.20833333333333331,0.5,0.06490991278587344,0.3245495639293668,0.10175675388079336,0.5087837694039664,9.780851675847671
998,199.73315543695796,0.5,0.2,0.20833333333333331,0.5,0.06490991278588804,0.3245495639294398,0.10175675388077876,0.5087837694038934,9.780851675847671
999,199.9332888592395,0.5,0.2,0.20833333333333331,0.5,0.06490991278590263,0.3245495639295128,0.10175675388076416,0.5087837694038204,9.780851675847671
1000,200.133422281521,0.5,0.2,0.20833333333333331,0.5,0.06490991278591723,0.3245495639295858,0.10175675388074956,0.5087837694037474,9.780851675847671
1001,200.33355570380252,0.5,0.2,0.20833333333333331,0.5,0.06490991278593183,0.3245495639296588,0.10175675388073496,0.5087837694036744,9.780851675847671
1002,200.53368912608406,0.5,0.2,0.20833333333333331,0.5,0.06490991278594643,0.3245495639297318,0.10175675388072036,0.5087837694036014,9.780851675847671
1003,200.73382254836557,0.5,0.2,0.20833333333333331,0.5,0.06490991278596103,0.3245495639298047,0.10175675388070576,0.5087837694035284,9.780851675847671
1004,200.93395597064708,0.5,0.2,0.20833333333333331,0.5,0.06490991278597563,0.3245495639298777,0.10175675388069116,0.5087837694034554,9.780851675847671
1005,201.13408939292862,0.5,0.2,0.20833333333333331,0.5,0.06490991278599023,0.3245495639299507,0.10175675388067656,0.5087837694033824,9.780851675847671
1006,201.33422281521013,0.5,0.2,0.20833333333333331,0.5,0.06490991278600483,0.3245495639300237,0.10175675388066197,0.5087837694033094,9.780851675847671
1007,201.53435623749166,0.5,0.2,0.20833333333333331,0.5,0.06490991278601943,0.3245495639300967,0.10175675388064737,0.5087837694032364,9.780851675847671
1008,201.73448965977317,0.5,0.2,0.20833333333333331,0.5,0.06490991278603403,0.3245495639301697,0.10175675388063277,0.5087837694031634,9.780851675847671
1009,201.93462308205469,0.5,0.2,0.20833333333333331,0.5,0.06490991278604862,0.3245495639302427,0.10175675388061818,0.5087837694030904,9.780851675847671
1010,202.13475650433622,0.5,0.2,0.20833333333333331,0.5,0.06490991278606321,0.3245495639303157,0.10175675388060358,0.5087837694030174,9.780851675847671
1011,202.33488992661773,0.5,0.2,0.20833333333333331,0.5,0.06490991278607781,0.3245495639303887,0.10175675388058898,0.5087837694029445,9.780851675847671
1012,202.53502334889924,0.5,0.2,0.20833333333333331,0.5,0.06490991278609241,0.3245495639304617,0.10175675388057438,0.5087837694028714,9.780851675847671
1013,202.73515677118078,0.5,0.2,0.20833333333333331,0.5,0.06490991278610701,0.3245495639305347,0.10175675388055978,0.5087837694027985,9.780851675847671
1014,202.9352901934623,0.5,0.2,0.20833333333333331,0.5,0.06490991278612161,0.3245495639306077,0.10175675388054518,0.5087837694027254,9.780851675847671
1015,203.13542361574383,0.5,0.2,0.20833333333333331,0.5,0.06490991278613621,0.3245495639306807,0.10175675388053058,0.5087837694026525,9.780851675847671
1016,203.33555703802534,0.5,0.2,0.20833333333333331,0.5,0.06490991278615081,0.3245495639307537,0.10175675388051598,0.5087837694025794,9.780851675847671
1017,203.53569046030685,0.5,0.2,0.20833333333333331,0.5,0.06490991278616541,0.3245495639308267,0.10175675388050139,0.5087837694025065,9.780851675847671
1018,203.7358238825884,0.5,0.2,0.20833333333333331,0.5,0.06490991278618001,0.3245495639308997,0.10175675388048679,0.5087837694024334,9.780851675847671
1019,203.9359573048699,0.5,0.2,0.20833333333333331,0.5,0.06490991278619461,0.3245495639309727,0.10175675388047219,0.5087837694023605,9.780851675847671
1020,204.1360907271514,0.5,0.2,0.20833333333333331,0.5,0.06490991278620921,0.32454956393104567,0.10175675388045759,0.5087837694022874,9.780851675847671
1021,204.33622414943295,0.5,0.2,0.20833333333333331,0.5,0.06490991278622381,0.32454956393111867,0.10175675388044299,0.5087837694022145,9.780851675847671
1022,204.53635757171446,0.5,0.2,0.20833333333333331,0.5,0.06490991278623841,0.32454956393119166,0.10175675388042839,0.5087837694021415,9.780851675847671
1023,204.736490993996,0.5,0.2,0.20833333333333331,0.5,0.06490991278625301,0.32454956393126466,0.10175675388041379,0.5087837694020685,9.780851675847671
1024,204.9366244162775,0.5,0.2,0.20833333333333331,0.5,0.0649099127862676,0.32454956393133766,0.10175675388039919,0.5087837694019955,9.780851675847671
1025,205.13675783855902,0.5,0.2,0.20833333333333331,0.5,0.0649099127862822,0.32454956393141066,0.10175675388038459,0.5087837694019225,9.780851675847671
1026,205.33689126084056,0.5,0.2,0.20833333333333331,0.5,0.0649099127862968,0.32454956393148365,0.10175675388036999,0.5087837694018496,9.780851675847671
1027,205.53702468312207,0.5,0.2,0.20833333333333331,0.5,0.0649099127863114,0.32454956393155665,0.10175675388035539,0.5087837694017765,9.780851675847671
1028,205.7371581054036,0.5,0.2,0.20833333333333331,0.5,0.064909912786326,0.32454956393162965,0.10175675388034079,0.5087837694017036,9.780851675847671
1029,205.93729152768512,0.5,0.2,0.20833333333333331,0.5,0.0649099127863406,0.32454956393170264,0.10175675388032619,0.5087837694016305,9.780851675847671
1030,206.13742494996663,0.5,0.2,0.20833333333333331,0.5,0.0649099127863552,0.32454956393177564,0.10175675388031159,0.5087837694015576,9.780851675847671
1031,206.33755837224817,0.5,0.2,0.20833333333333331,0.5,0.0649099127863698,0.32454956393184864,0.101756753880297,0.5087837694014845,9.780851675847671
1032,206.53769179452968,0.5,0.2,0.20833333333333331,0.5,0.0649099127863844,0.32454956393192164,0.1017567538802824,0.5087837694014116,9.780851675847671
1033,206.7378252168112,0.5,0.2,0.20833333333333331,0.5,0.064909912786399,0.32454956393199463,0.1017567538802678,0.5087837694013385,9.780851675847671
1034,206.93795863909273,0.5,0.2,0.20833333333333331,0.5,0.0649099127864136,0.32454956393206763,0.1017567538802532,0.5087837694012656,9.780851675847671
1035,207.13809206137424,0.5,0.2,0.20833333333333331,0.5,0.0649099127864282,0.32454956393214063,0.1017567538802386,0.5087837694011925,9.780851675847671
1036,207.33822548365578,0.5,0.2,0.20833333333333331,0.5,0.0649099127864428,0.3245495639322136,0.101756753880224,0.5087837694011196,9.780851675847671
1037,207.5383589059373,0.5,0.2,0.20833333333333331,0.5,0.0649099127864574,0.3245495639322866,0.1017567538802094,0.5087837694010465,9.780851675847671
1038,207.7384923282188,0.5,0.2,0.20833333333333331,0.5,0.064909912786472,0.3245495639323596,0.1017567538801948,0.5087837694009736,9.780851675847671
1039,207.93862575050034,0.5,0.2,0.20833333333333331,0.5,0.0649099127864866,0.32454956393243256,0.1017567538801802,0.5087837694009005,9.780851675847671
1040,208.13875917278185,0.5,0.2,0.20833333333333331,0.5,0.0649099127865012,0.32454956393250556,0.1017567538801656,0.5087837694008276,9.780851675847671
1041,208.33889259506336,0.5,0.2,0.20833333333333331,0.5,0.0649099127865158,0.32454956393257856,0.101756753880151,0.5087837694007545,9.780851675847671
1042,208.5390260173449,0.5,0.2,0.20833333333333331,0.5,0.0649099127865304,0.32454956393265155,0.1017567538801364,0.5087837694006816,9.780851675847671
1043,208.7391594396264,0.5,0.2,0.20833333333333331,0.5,0.064909912786545,0.32454956393272455,0.1017567538801218,0.5087837694006085,9.780851675847671
1044,208.93929286190794,0.5,0.2,0.20833333333333331,0.5,0.0649099127865596,0.32454956393279755,0.1017567538801072,0.5087837694005356,9.780851675847671
1045,209.13942628418945,0.5,0.2,0.20833333333333331,0.5,0.0649099127865742,0.32454956393287054,0.1017567538800926,0.5087837694004625,9.780851675847671
1046,209.33955970647096,0.5,0.2,0.20833333333333331,0.5,0.0649099127865888,0.32454956393294354,0.101756753880078,0.5087837694003896,9.780851675847671
1047,209.5396931287525,0.5,0.2,0.20833333333333331,0.5,0.0649099127866034,0.32454956393301654,0.1017567538800634,0.5087837694003166,9.780851675847671
1048,209.739826551034,0.5,0.2,0.20833333333333331,0.5,0.064909912786618,0.32454956393308954,0.1017567538800488,0.5087837694002436,9.780851675847671
1049,209.93995997331552,0.5,0.2,0.20833333333333331,0.5,0.06490991278663259,0.32454956393316253,0.1017567538800342,0.5087837694001706,9.780851675847671
1050,210.14009339559706,0.5,0.2,0.20833333333333331,0.5,0.06490991278664719,0.32454956393323553,0.1017567538800196,0.5087837694000976,9.780851675847671
1051,210.34022681787857,0.5,0.2,0.20833333333333331,0.5,0.06490991278666179,0.3245495639333085,0.101756753880005,0.5087837694000246,9.780851675847671
1052,210.5403602401601,0.5,0.2,0.20833333333333331,0.5,0.06490991278667638,0.3245495639333815,0.10175675387999042,0.5087837693999516,9.780851675847671
1053,210.74049366244162,0.5,0.2,0.20833333333333331,0.5,0.06490991278669098,0.3245495639334545,0.10175675387997582,0.5087837693998786,9.780851675847671
1054,210.94062708472313,0.5,0.2,0.20833333333333331,0.5,0.06490991278670558,0.3245495639335275,0.10175675387996122,0.5087837693998056,9.780851675847671
1055,211.14076050700467,0.5,0.2,0.20833333333333331,0.5,0.06490991278672018,0.3245495639336005,0.10175675387994662,0.5087837693997326,9.780851675847671
1056,211.34089392928618,0.5,0.2,0.20833333333333331,0.5,0.06490991278673477,0.3245495639336735,0.10175675387993202,0.5087837693996596,9.780851675847671
1057,211.5410273515677,0.5,0.2,0.20833333333333331,0.5,0.06490991278674937,0.3245495639337465,0.10175675387991742,0.5087837693995867,9.780851675847671
1058,211.74116077384923,0.5,0.2,0.20833333333333331,0.5,0.06490991278676397,0.3245495639338195,0.10175675387990282,0.5087837693995136,9.780851675847671
1059,211.94129419613074,0.5,0.2,0.20833333333333331,0.5,0.06490991278677857,0.3245495639338925,0.10175675387988822,0.5087837693994407,9.780851675847671
1060,212.14142761841228,0.5,0.2,0.20833333333333331,0.5,0.06490991278679317,0.3245495639339655,0.10175675387987362,0.5087837693993676,9.780851675847671
1061,212.3415610406938,0.5,0.2,0.20833333333333331,0.5,0.06490991278680777,0.3245495639340385,0.10175675387985902,0.5087837693992947,9.780851675847671
1062,212.5416944629753,0.5,0.2,0.20833333333333331,0.5,0.06490991278682237,0.3245495639341115,0.10175675387984442,0.5087837693992217,9.780851675847671
1063,212.74182788525684,0.5,0.2,0.20833333333333331,0.5,0.06490991278683697,0.3245495639341845,0.10175675387982983,0.5087837693991487,9.780851675847671
1064,212.94196130753835,0.5,0.2,0.20833333333333331,0.5,0.06490991278685157,0.3245495639342575,0.10175675387981523,0.5087837693990757,9.780851675847671
1065,213.14209472981986,0.5,0.2,0.20833333333333331,0.5,0.06490991278686617,0.3245495639343305,0.10175675387980063,0.5087837693990027,9.780851675847671
1066,213.3422281521014,0.5,0.2,0.20833333333333331,0.5,0.06490991278688077,0.3245495639344035,0.10175675387978603,0.5087837693989297,9.780851675847671
1067,213.5423615743829,0.5,0.2,0.20833333333333331,0.5,0.06490991278689537,0.3245495639344765,0.10175675387977143,0.5087837693988567,9.780851675847671
1068,213.74249499666445,0.5,0.2,0.20833333333333331,0.5,0.06490991278690997,0.3245495639345495,0.10175675387975683,0.5087837693987837,9.780851675847671
1069,213.94262841894596,0.5,0.2,0.20833333333333331,0.5,0.06490991278692457,0.3245495639346225,0.10175675387974223,0.5087837693987107,9.780851675847671
1070,214.14276184122747,0.5,0.2,0.20833333333333331,0.5,0.06490991278693917,0.3245495639346955,0.10175675387972763,0.5087837693986377,9.780851675847671
1071,214.342895263509,0.5,0.2,0.20833333333333331,0.5,0.06490991278695377,0.32454956393476847,0.10175675387971303,0.5087837693985647,9.780851675847671
1072,214.54302868579052,0.5,0.2,0.20833333333333331,0.5,0.06490991278696837,0.32454956393484147,0.10175675387969843,0.5087837693984917,9.780851675847671
1073,214.74316210807203,0.5,0.2,0.20833333333333331,0.5,0.06490991278698297,0.32454956393491446,0.10175675387968383,0.5087837693984187,9.780851675847671
1074,214.94329553035357,0.5,0.2,0.20833333333333331,0.5,0.06490991278699756,0.32454956393498746,0.10175675387966923,0.5087837693983457,9.780851675847671
1075,215.14342895263508,0.5,0.2,0.20833333333333331,0.5,0.06490991278701216,0.3245495639350604,0.10175675387965463,0.5087837693982727,9.780851675847671
1076,215.34356237491662,0.5,0.2,0.20833333333333331,0.5,0.06490991278702676,0.3245495639351334,0.10175675387964003,0.5087837693981997,9.780851675847671
1077,215.54369579719813,0.5,0.2,0.20833333333333331,0.5,0.06490991278704136,0.3245495639352064,0.10175675387962543,0.5087837693981268,9.780851675847671
1078,215.74382921947964,0.5,0.2,0.20833333333333331,0.5,0.06490991278705596,0.3245495639352794,0.10175675387961083,0.5087837693980537,9.780851675847671
1079,215.94396264176117,0.5,0.2,0.20833333333333331,0.5,0.06490991278707056,0.3245495639353524,0.10175675387959623,0.5087837693979808,9.780851675847671
1080,216.14409606404269,0.5,0.2,0.20833333333333331,0.5,0.06490991278708516,0.3245495639354254,0.10175675387958164,0.5087837693979077,9.780851675847671
1081,216.3442294863242,0.5,0.2,0.20833333333333331,0.5,0.06490991278709976,0.3245495639354984,0.10175675387956704,0.5087837693978348,9.780851675847671
1082,216.54436290860573,0.5,0.2,0.20833333333333331,0.5,0.06490991278711436,0.3245495639355714,0.10175675387955244,0.5087837693977617,9.780851675847671
1083,216.74449633088724,0.5,0.2,0.20833333333333331,0.5,0.06490991278712896,0.3245495639356444,0.10175675387953784,0.5087837693976888,9.780851675847671
1084,216.94462975316878,0.5,0.2,0.20833333333333331,0.5,0.06490991278714356,0.3245495639357174,0.10175675387952324,0.5087837693976157,9.780851675847671
1085,217.1447631754503,0.5,0.2,0.20833333333333331,0.5,0.06490991278715816,0.3245495639357904,0.10175675387950864,0.5087837693975428,9.780851675847671
1086,217.3448965977318,0.5,0.2,0.20833333333333331,0.5,0.06490991278717276,0.32454956393586337,0.10175675387949404,0.5087837693974697,9.780851675847671
1087,217.54503002001334,0.5,0.2,0.20833333333333331,0.5,0.06490991278718736,0.32454956393593637,0.10175675387947944,0.5087837693973968,9.780851675847671
1088,217.74516344229485,0.5,0.2,0.20833333333333331,0.5,0.06490991278720196,0.32454956393600937,0.10175675387946484,0.5087837693973237,9.780851675847671
1089,217.94529686457636,0.5,0.2,0.20833333333333331,0.5,0.06490991278721656,0.32454956393608236,0.10175675387945024,0.5087837693972508,9.780851675847671
1090,218.1454302868579,0.5,0.2,0.20833333333333331,0.5,0.06490991278723116,0.32454956393615536,0.10175675387943564,0.5087837693971777,9.780851675847671
1091,218.3455637091394,0.5,0.2,0.20833333333333331,0.5,0.06490991278724575,0.32454956393622836,0.10175675387942104,0.5087837693971048,9.780851675847671
1092,218.54569713142095,0.5,0.2,0.20833333333333331,0.5,0.06490991278726035,0.32454956393630136,0.10175675387940644,0.5087837693970317,9.780851675847671
1093,218.74583055370246,0.5,0.2,0.20833333333333331,0.5,0.06490991278727495,0.32454956393637435,0.10175675387939184,0.5087837693969588,9.780851675847671
1094,218.94596397598397,0.5,0.2,0.20833333333333331,0.5,0.06490991278728955,0.32454956393644735,0.10175675387937724,0.5087837693968859,9.780851675847671
1095,219.1460973982655,0.5,0.2,0.20833333333333331,0.5,0.06490991278730414,0.32454956393652035,0.10175675387936266,0.5087837693968128,9.780851675847671
1096,219.34623082054702,0.5,0.2,0.20833333333333331,0.5,0.06490991278731874,0.32454956393659334,0.10175675387934806,0.5087837693967399,9.780851675847671
1097,219.54636424282853,0.5,0.2,0.20833333333333331,0.5,0.06490991278733334,0.32454956393666634,0.10175675387933346,0.5087837693966668,9.780851675847671
1098,219.74649766511007,0.5,0.2,0.20833333333333331,0.5,0.06490991278734794,0.32454956393673934,0.10175675387931886,0.5087837693965939,9.780851675847671
1099,219.94663108739158,0.5,0.2,0.20833333333333331,0.5,0.06490991278736254,0.32454956393681234,0.10175675387930426,0.5087837693965208,9.780851675847671
1100,220.14676450967312,0.5,0.2,0.20833333333333331,0.5,0.06490991278737714,0.32454956393688533,0.10175675387928966,0.5087837693964479,9.780851675847671
1101,220.34689793195463,0.5,0.2,0.20833333333333331,0.5,0.06490991278739174,0.32454956393695833,0.10175675387927506,0.5087837693963748,9.780851675847671
1102,220.54703135423614,0.5,0.2,0.20833333333333331,0.5,0.06490991278740633,0.3245495639370313,0.10175675387926046,0.5087837693963019,9.780851675847671
1103,220.74716477651768,0.5,0.2,0.20833333333333331,0.5,0.06490991278742093,0.3245495639371043,0.10175675387924586,0.5087837693962288,9.780851675847671
1104,220.9472981987992,0.5,0.2,0.20833333333333331,0.5,0.06490991278743553,0.3245495639371773,0.10175675387923126,0.5087837693961559,9.780851675847671
1105,221.1474316210807,0.5,0.2,0.20833333333333331,0.5,0.06490991278745013,0.3245495639372503,0.10175675387921666,0.5087837693960828,9.780851675847671
1106,221.34756504336224,0.5,0.2,0.20833333333333331,0.5,0.06490991278746473,0.3245495639373233,0.10175675387920206,0.5087837693960099,9.780851675847671
1107,221.54769846564375,0.5,0.2,0.20833333333333331,0.5,0.06490991278747933,0.3245495639373963,0.10175675387918746,0.5087837693959368,9.780851675847671
1108,221.7478318879253,0.5,0.2,0.20833333333333331,0.5,0.06490991278749393,0.3245495639374693,0.10175675387917286,0.5087837693958639,9.780851675847671
1109,221.9479653102068,0.5,0.2,0.20833333333333331,0.5,0.06490991278750853,0.3245495639375423,0.10175675387915827,0.5087837693957908,9.780851675847671
1110,222.1480987324883,0.5,0.2,0.20833333333333331,0.5,0.06490991278752313,0.3245495639376153,0.10175675387914367,0.5087837693957179,9.780851675847671
1111,222.34823215476985,0.5,0.2,0.20833333333333331,0.5,0.06490991278753773,0.32454956393768825,0.10175675387912907,0.5087837693956448,9.780851675847671
1112,222.54836557705136,0.5,0.2,0.20833333333333331,0.5,0.06490991278755233,0.32454956393776124,0.10175675387911447,0.5087837693955719,9.780851675847671
1113,222.74849899933287,0.5,0.2,0.20833333333333331,0.5,0.06490991278756693,0.32454956393783424,0.10175675387909987,0.5087837693954989,9.780851675847671
1114,222.9486324216144,0.5,0.2,0.20833333333333331,0.5,0.06490991278758153,0.32454956393790724,0.10175675387908527,0.5087837693954259,9.780851675847671
1115,223.14876584389592,0.5,0.2,0.20833333333333331,0.5,0.06490991278759613,0.32454956393798023,0.10175675387907067,0.5087837693953529,9.780851675847671
1116,223.34889926617745,0.5,0.2,0.20833333333333331,0.5,0.06490991278761073,0.32454956393805323,0.10175675387905607,0.5087837693952799,9.780851675847671
1117,223.54903268845896,0.5,0.2,0.20833333333333331,0.5,0.06490991278762533,0.32454956393812623,0.10175675387904147,0.5087837693952069,9.780851675847671
1118,223.74916611074048,0.5,0.2,0.20833333333333331,0.5,0.06490991278763993,0.3245495639381992,0.10175675387902687,0.5087837693951339,9.780851675847671
1119,223.949299533022,0.5,0.2,0.20833333333333331,0.5,0.06490991278765453,0.3245495639382722,0.10175675387901227,0.5087837693950609,9.780851675847671
1120,224.14943295530352,0.5,0.2,0.20833333333333331,0.5,0.06490991278766912,0.3245495639383452,0.10175675387899767,0.5087837693949879,9.780851675847671
1121,224.34956637758503,0.5,0.2,0.20833333333333331,0.5,0.06490991278768372,0.3245495639384182,0.10175675387898307,0.5087837693949149,9.780851675847671
1122,224.54969979986657,0.5,0.2,0.20833333333333331,0.5,0.06490991278769832,0.3245495639384912,0.10175675387896847,0.5087837693948419,9.780851675847671
1123,224.74983322214808,0.5,0.2,0.20833333333333331,0.5,0.06490991278771292,0.3245495639385642,0.10175675387895387,0.5087837693947689,9.780851675847671
1124,224.94996664442962,0.5,0.2,0.20833333333333331,0.5,0.06490991278772752,0.3245495639386372,0.10175675387893927,0.5087837693946959,9.780851675847671
1125,225.15010006671113,0.5,0.2,0.20833333333333331,0.5,0.06490991278774212,0.3245495639387102,0.10175675387892467,0.5087837693946229,9.780851675847671
1126,225.35023348899264,0.5,0.2,0.20833333333333331,0.5,0.06490991278775672,0.3245495639387832,0.10175675387891008,0.50878376939455,9.780851675847671
1127,225.55036691127418,0.5,0.2,0.20833333333333331,0.5,0.06490991278777132,0.3245495639388562,0.10175675387889548,0.5087837693944769,9.780851675847671
1128,225.7505003335557,0.5,0.2,0.20833333333333331,0.5,0.06490991278778592,0.3245495639389292,0.10175675387888088,0.508783769394404,9.780851675847671
1129,225.9506337558372,0.5,0.2,0.20833333333333331,0.5,0.06490991278780052,0.3245495639390022,0.10175675387886628,0.508783769394331,9.780851675847671
1130,226.15076717811874,0.5,0.2,0.20833333333333331,0.5,0.06490991278781512,0.3245495639390752,0.10175675387885168,0.508783769394258,9.780851675847671
1131,226.35090060040025,0.5,0.2,0.20833333333333331,0.5,0.06490991278782972,0.3245495639391482,0.10175675387883708,0.508783769394185,9.780851675847671
1132,226.5510340226818,0.5,0.2,0.20833333333333331,0.5,0.06490991278784432,0.3245495639392212,0.10175675387882248,0.508783769394112,9.780851675847671
1133,226.7511674449633,0.5,0.2,0.20833333333333331,0.5,0.06490991278785892,0.3245495639392942,0.10175675387880788,0.508783769394039,9.780851675847671
1134,226.9513008672448,0.5,0.2,0.20833333333333331,0.5,0.06490991278787352,0.3245495639393672,0.10175675387879328,0.508783769393966,9.780851675847671
1135,227.15143428952635,0.5,0.2,0.20833333333333331,0.5,0.06490991278788812,0.3245495639394402,0.10175675387877868,0.508783769393893,9.780851675847671
1136,227.35156771180786,0.5,0.2,0.20833333333333331,0.5,0.06490991278790272,0.3245495639395132,0.10175675387876408,0.50878376939382,9.780851675847671
1137,227.55170113408937,0.5,0.2,0.20833333333333331,0.5,0.06490991278791731,0.32454956393958617,0.10175675387874948,0.508783769393747,9.780851675847671
1138,227.7518345563709,0.5,0.2,0.20833333333333331,0.5,0.0649099127879319,0.32454956393965917,0.1017567538787349,0.508783769393674,9.780851675847671
1139,227.95196797865242,0.5,0.2,0.20833333333333331,0.5,0.0649099127879465,0.32454956393973217,0.1017567538787203,0.508783769393601,9.780851675847671
1140,228.15210140093396,0.5,0.2,0.20833333333333331,0.5,0.0649099127879611,0.32454956393980516,0.1017567538787057,0.508783769393528,9.780851675847671
1141,228.35223482321547,0.5,0.2,0.20833333333333331,0.5,0.0649099127879757,0.32454956393987816,0.1017567538786911,0.508783769393455,9.780851675847671
1142,228.55236824549698,0.5,0.2,0.20833333333333331,0.5,0.0649099127879903,0.32454956393995116,0.1017567538786765,0.508783769393382,9.780851675847671
1143,228.75250166777852,0.5,0.2,0.20833333333333331,0.5,0.0649099127880049,0.32454956394002415,0.1017567538786619,0.508783769393309,9.780851675847671
1144,228.95263509006003,0.5,0.2,0.20833333333333331,0.5,0.0649099127880195,0.32454956394009715,0.1017567538786473,0.508783769393236,9.780851675847671
1145,229.15276851234154,0.5,0.2,0.20833333333333331,0.5,0.0649099127880341,0.32454956394017015,0.1017567538786327,0.508783769393163,9.780851675847671
1146,229.35290193462308,0.5,0.2,0.20833333333333331,0.5,0.0649099127880487,0.32454956394024315,0.1017567538786181,0.50878376939309,9.780851675847671
1147,229.5530353569046,0.5,0.2,0.20833333333333331,0.5,0.0649099127880633,0.3245495639403161,0.1017567538786035,0.5087837693930171,9.780851675847671
1148,229.75316877918613,0.5,0.2,0.20833333333333331,0.5,0.0649099127880779,0.3245495639403891,0.1017567538785889,0.508783769392944,9.780851675847671
1149,229.95330220146764,0.5,0.2,0.20833333333333331,0.5,0.0649099127880925,0.3245495639404621,0.1017567538785743,0.5087837693928711,9.780851675847671
1150,230.15343562374915,0.5,0.2,0.20833333333333331,0.5,0.0649099127881071,0.3245495639405351,0.1017567538785597,0.508783769392798,9.780851675847671
1151,230.35356904603069,0.5,0.2,0.20833333333333331,0.5,0.0649099127881217,0.3245495639406081,0.1017567538785451,0.5087837693927251,9.780851675847671
1152,230.5537024683122,0.5,0.2,0.20833333333333331,0.5,0.06490991278813629,0.3245495639406811,0.1017567538785305,0.508783769392652,9.780851675847671
1153,230.75383589059373,0.5,0.2,0.20833333333333331,0.5,0.06490991278815089,0.32454956394075407,0.1017567538785159,0.5087837693925791,9.780851675847671
1154,230.95396931287524,0.5,0.2,0.20833333333333331,0.5,0.06490991278816549,0.32454956394082707,0.1017567538785013,0.508783769392506,9.780851675847671
1155,231.15410273515675,0.5,0.2,0.20833333333333331,0.5,0.06490991278818009,0.32454956394090007,0.1017567538784867,0.5087837693924331,9.780851675847671
1156,231.3542361574383,0.5,0.2,0.20833333333333331,0.5,0.06490991278819469,0.32454956394097306,0.1017567538784721,0.50878376939236,9.780851675847671
1157,231.5543695797198,0.5,0.2,0.20833333333333331,0.5,0.06490991278820929,0.32454956394104606,0.1017567538784575,0.5087837693922871,9.780851675847671
1158,231.75450300200131,0.5,0.2,0.20833333333333331,0.5,0.06490991278822389,0.32454956394111906,0.10175675387844291,0.508783769392214,9.780851675847671
1159,231.95463642428285,0.5,0.2,0.20833333333333331,0.5,0.06490991278823849,0.32454956394119205,0.10175675387842831,0.5087837693921411,9.780851675847671
1160,232.15476984656436,0.5,0.2,0.20833333333333331,0.5,0.06490991278825309,0.32454956394126505,0.10175675387841371,0.508783769392068,9.780851675847671
1161,232.3549032688459,0.5,0.2,0.20833333333333331,0.5,0.06490991278826769,0.32454956394133805,0.10175675387839911,0.5087837693919951,9.780851675847671
1162,232.5550366911274,0.5,0.2,0.20833333333333331,0.5,0.06490991278828229,0.32454956394141105,0.10175675387838451,0.508783769391922,9.780851675847671
1163,232.75517011340892,0.5,0.2,0.20833333333333331,0.5,0.06490991278829689,0.32454956394148404,0.10175675387836991,0.5087837693918491,9.780851675847671
1164,232.95530353569046,0.5,0.2,0.20833333333333331,0.5,0.06490991278831149,0.32454956394155704,0.10175675387835531,0.508783769391776,9.780851675847671
1165,233.15543695797197,0.5,0.2,0.20833333333333331,0.5,0.06490991278832609,0.32454956394163004,0.10175675387834071,0.5087837693917031,9.780851675847671
1166,233.35557038025348,0.5,0.2,0.20833333333333331,0.5,0.06490991278834068,0.32454956394170303,0.10175675387832611,0.5087837693916302,9.780851675847671
1167,233.55570380253502,0.5,0.2,0.20833333333333331,0.5,0.06490991278835528,0.32454956394177603,0.10175675387831151,0.5087837693915571,9.780851675847671
1168,233.75583722481653,0.5,0.2,0.20833333333333331,0.5,0.06490991278836988,0.32454956394184903,0.10175675387829691,0.5087837693914842,9.780851675847671
1169,233.95597064709807,0.5,0.2,0.20833333333333331,0.5,0.06490991278838448,0.324549563941922,0.10175675387828231,0.5087837693914111,9.780851675847671
1170,234.15610406937958,0.5,0.2,0.20833333333333331,0.5,0.06490991278839908,0.324549563941995,0.10175675387826771,0.5087837693913382,9.780851675847671
1171,234.3562374916611,0.5,0.2,0.20833333333333331,0.5,0.06490991278841368,0.324549563942068,0.10175675387825311,0.5087837693912651,9.780851675847671
1172,234.55637091394263,0.5,0.2,0.20833333333333331,0.5,0.06490991278842828,0.324549563942141,0.10175675387823852,0.5087837693911922,9.780851675847671
1173,234.75650433622414,0.5,0.2,0.20833333333333331,0.5,0.06490991278844288,0.324549563942214,0.10175675387822392,0.5087837693911191,9.780851675847671
1174,234.95663775850565,0.5,0.2,0.20833333333333331,0.5,0.06490991278845748,0.324549563942287,0.10175675387820932,0.5087837693910462,9.780851675847671
1175,235.1567711807872,0.5,0.2,0.20833333333333331,0.5,0.06490991278847208,0.32454956394236,0.10175675387819472,0.5087837693909731,9.780851675847671
1176,235.3569046030687,0.5,0.2,0.20833333333333331,0.5,0.06490991278848668,0.324549563942433,0.10175675387818012,0.5087837693909002,9.780851675847671
1177,235.55703802535024,0.5,0.2,0.20833333333333331,0.5,0.06490991278850128,0.324549563942506,0.10175675387816552,0.5087837693908271,9.780851675847671
1178,235.75717144763175,0.5,0.2,0.20833333333333331,0.5,0.06490991278851588,0.324549563942579,0.10175675387815092,0.5087837693907542,9.780851675847671
1179,235.95730486991326,0.5,0.2,0.20833333333333331,0.5,0.06490991278853048,0.324549563942652,0.10175675387813632,0.5087837693906812,9.780851675847671
1180,236.1574382921948,0.5,0.2,0.20833333333333331,0.5,0.06490991278854506,0.324549563942725,0.10175675387812173,0.5087837693906082,9.780851675847671
1181,236.3575717144763,0.5,0.2,0.20833333333333331,0.5,0.06490991278855966,0.324549563942798,0.10175675387810713,0.5087837693905352,9.780851675847671
1182,236.55770513675782,0.5,0.2,0.20833333333333331,0.5,0.06490991278857426,0.324549563942871,0.10175675387809253,0.5087837693904622,9.780851675847671
1183,236.75783855903936,0.5,0.2,0.20833333333333331,0.5,0.06490991278858886,0.32454956394294393,0.10175675387807794,0.5087837693903892,9.780851675847671
1184,236.95797198132087,0.5,0.2,0.20833333333333331,0.5,0.06490991278860346,0.3245495639430169,0.10175675387806334,0.5087837693903162,9.780851675847671
1185,237.1581054036024,0.5,0.2,0.20833333333333331,0.5,0.06490991278861806,0.3245495639430899,0.10175675387804874,0.5087837693902432,9.780851675847671
1186,237.35823882588392,0.5,0.2,0.20833333333333331,0.5,0.06490991278863266,0.3245495639431629,0.10175675387803414,0.5087837693901702,9.780851675847671
1187,237.55837224816543,0.5,0.2,0.20833333333333331,0.5,0.06490991278864726,0.3245495639432359,0.10175675387801954,0.5087837693900972,9.780851675847671
1188,237.75850567044697,0.5,0.2,0.20833333333333331,0.5,0.06490991278866186,0.3245495639433089,0.10175675387800494,0.5087837693900242,9.780851675847671
1189,237.95863909272848,0.5,0.2,0.20833333333333331,0.5,0.06490991278867646,0.3245495639433819,0.10175675387799034,0.5087837693899512,9.780851675847671
1190,238.15877251500999,0.5,0.2,0.20833333333333331,0.5,0.06490991278869106,0.3245495639434549,0.10175675387797574,0.5087837693898782,9.780851675847671
1191,238.35890593729152,0.5,0.2,0.20833333333333331,0.5,0.06490991278870566,0.3245495639435279,0.10175675387796114,0.5087837693898052,9.780851675847671
1192,238.55903935957303,0.5,0.2,0.20833333333333331,0.5,0.06490991278872026,0.3245495639436009,0.10175675387794654,0.5087837693897322,9.780851675847671
1193,238.75917278185457,0.5,0.2,0.20833333333333331,0.5,0.06490991278873486,0.3245495639436739,0.10175675387793194,0.5087837693896592,9.780851675847671
1194,238.95930620413608,0.5,0.2,0.20833333333333331,0.5,0.06490991278874945,0.3245495639437469,0.10175675387791734,0.5087837693895862,9.780851675847671
1195,239.1594396264176,0.5,0.2,0.20833333333333331,0.5,0.06490991278876405,0.3245495639438199,0.10175675387790274,0.5087837693895132,9.780851675847671
1196,239.35957304869913,0.5,0.2,0.20833333333333331,0.5,0.06490991278877865,0.3245495639438929,0.10175675387788814,0.5087837693894403,9.780851675847671
1197,239.55970647098064,0.5,0.2,0.20833333333333331,0.5,0.06490991278879325,0.3245495639439659,0.10175675387787354,0.5087837693893672,9.780851675847671
1198,239.75983989326215,0.5,0.2,0.20833333333333331,0.5,0.06490991278880785,0.3245495639440389,0.10175675387785894,0.5087837693892943,9.780851675847671
1199,239.9599733155437,0.5,0.2,0.20833333333333331,0.5,0.06490991278882245,0.3245495639441119,0.10175675387784434,0.5087837693892212,9.780851675847671
1200,240.1601067378252,0.5,0.2,0.20833333333333331,0.5,0.06490991278883705,0.3245495639441849,0.10175675387782974,0.5087837693891483,9.780851675847671
1201,240.36024016010674,0.5,0.2,0.20833333333333331,0.5,0.06490991278885165,0.3245495639442579,0.10175675387781515,0.5087837693890753,9.780851675847671
1202,240.56037358238825,0.5,0.2,0.20833333333333331,0.5,0.06490991278886625,0.3245495639443309,0.10175675387780055,0.5087837693890023,9.780851675847671
1203,240.76050700466976,0.5,0.2,0.20833333333333331,0.5,0.06490991278888085,0.3245495639444039,0.10175675387778595,0.5087837693889293,9.780851675847671
1204,240.9606404269513,0.5,0.2,0.20833333333333331,0.5,0.06490991278889545,0.32454956394447687,0.10175675387777135,0.5087837693888563,9.780851675847671
1205,241.1607738492328,0.5,0.2,0.20833333333333331,0.5,0.06490991278891005,0.32454956394454987,0.10175675387775675,0.5087837693887833,9.780851675847671
1206,241.36090727151432,0.5,0.2,0.20833333333333331,0.5,0.06490991278892465,0.32454956394462287,0.10175675387774215,0.5087837693887103,9.780851675847671
1207,241.56104069379586,0.5,0.2,0.20833333333333331,0.5,0.06490991278893925,0.32454956394469586,0.10175675387772755,0.5087837693886373,9.780851675847671
1208,241.76117411607737,0.5,0.2,0.20833333333333331,0.5,0.06490991278895385,0.32454956394476886,0.10175675387771295,0.5087837693885643,9.780851675847671
1209,241.9613075383589,0.5,0.2,0.20833333333333331,0.5,0.06490991278896845,0.32454956394484186,0.10175675387769835,0.5087837693884913,9.780851675847671
1210,242.16144096064042,0.5,0.2,0.20833333333333331,0.5,0.06490991278898305,0.32454956394491485,0.10175675387768375,0.5087837693884183,9.780851675847671
1211,242.36157438292193,0.5,0.2,0.20833333333333331,0.5,0.06490991278899765,0.32454956394498785,0.10175675387766915,0.5087837693883454,9.780851675847671
1212,242.56170780520347,0.5,0.2,0.20833333333333331,0.5,0.06490991278901224,0.32454956394506085,0.10175675387765455,0.5087837693882723,9.780851675847671
1213,242.76184122748498,0.5,0.2,0.20833333333333331,0.5,0.06490991278902684,0.32454956394513385,0.10175675387763995,0.5087837693881994,9.780851675847671
1214,242.9619746497665,0.5,0.2,0.20833333333333331,0.5,0.06490991278904144,0.32454956394520684,0.10175675387762535,0.5087837693881263,9.780851675847671
1215,243.16210807204803,0.5,0.2,0.20833333333333331,0.5,0.06490991278905604,0.32454956394527984,0.10175675387761075,0.5087837693880534,9.780851675847671
1216,243.36224149432954,0.5,0.2,0.20833333333333331,0.5,0.06490991278907064,0.32454956394535284,0.10175675387759615,0.5087837693879803,9.780851675847671
1217,243.56237491661108,0.5,0.2,0.20833333333333331,0.5,0.06490991278908524,0.32454956394542583,0.10175675387758155,0.5087837693879074,9.780851675847671
1218,243.7625083388926,0.5,0.2,0.20833333333333331,0.5,0.06490991278909984,0.32454956394549883,0.10175675387756696,0.5087837693878343,9.780851675847671
1219,243.9626417611741,0.5,0.2,0.20833333333333331,0.5,0.06490991278911444,0.3245495639455718,0.10175675387755236,0.5087837693877614,9.780851675847671
1220,244.16277518345564,0.5,0.2,0.20833333333333331,0.5,0.06490991278912904,0.32454956394564477,0.10175675387753776,0.5087837693876883,9.780851675847671
1221,244.36290860573715,0.5,0.2,0.20833333333333331,0.5,0.06490991278914364,0.32454956394571777,0.10175675387752316,0.5087837693876154,9.780851675847671
1222,244.56304202801866,0.5,0.2,0.20833333333333331,0.5,0.06490991278915824,0.32454956394579076,0.10175675387750856,0.5087837693875423,9.780851675847671
1223,244.7631754503002,0.5,0.2,0.20833333333333331,0.5,0.06490991278917282,0.32454956394586376,0.10175675387749397,0.5087837693874694,9.780851675847671
1224,244.9633088725817,0.5,0.2,0.20833333333333331,0.5,0.06490991278918742,0.32454956394593676,0.10175675387747937,0.5087837693873963,9.780851675847671
1225,245.16344229486324,0.5,0.2,0.20833333333333331,0.5,0.06490991278920202,0.32454956394600976,0.10175675387746477,0.5087837693873234,9.780851675847671
1226,245.36357571714476,0.5,0.2,0.20833333333333331,0.5,0.06490991278921662,0.32454956394608275,0.10175675387745017,0.5087837693872503,9.780851675847671
1227,245.56370913942627,0.5,0.2,0.20833333333333331,0.5,0.06490991278923122,0.32454956394615575,0.10175675387743557,0.5087837693871774,9.780851675847671
1228,245.7638425617078,0.5,0.2,0.20833333333333331,0.5,0.06490991278924582,0.32454956394622875,0.10175675387742097,0.5087837693871043,9.780851675847671
1229,245.96397598398931,0.5,0.2,0.20833333333333331,0.5,0.06490991278926042,0.32454956394630174,0.10175675387740638,0.5087837693870314,9.780851675847671
1230,246.16410940627082,0.5,0.2,0.20833333333333331,0.5,0.06490991278927502,0.32454956394637474,0.10175675387739178,0.5087837693869584,9.780851675847671
1231,246.36424282855236,0.5,0.2,0.20833333333333331,0.5,0.06490991278928962,0.32454956394644774,0.10175675387737718,0.5087837693868854,9.780851675847671
1232,246.56437625083387,0.5,0.2,0.20833333333333331,0.5,0.06490991278930422,0.32454956394652074,0.10175675387736258,0.5087837693868124,9.780851675847671
1233,246.7645096731154,0.5,0.2,0.20833333333333331,0.5,0.06490991278931882,0.32454956394659373,0.10175675387734798,0.5087837693867394,9.780851675847671
1234,246.96464309539692,0.5,0.2,0.20833333333333331,0.5,0.06490991278933342,0.32454956394666673,0.10175675387733338,0.5087837693866664,9.780851675847671
1235,247.16477651767843,0.5,0.2,0.20833333333333331,0.5,0.06490991278934802,0.3245495639467397,0.10175675387731878,0.5087837693865934,9.780851675847671
1236,247.36490993995997,0.5,0.2,0.20833333333333331,0.5,0.06490991278936262,0.3245495639468127,0.10175675387730418,0.5087837693865205,9.780851675847671
1237,247.56504336224148,0.5,0.2,0.20833333333333331,0.5,0.06490991278937722,0.3245495639468857,0.10175675387728958,0.5087837693864474,9.780851675847671
1238,247.765176784523,0.5,0.2,0.20833333333333331,0.5,0.06490991278939182,0.3245495639469587,0.10175675387727498,0.5087837693863745,9.780851675847671
1239,247.96531020680453,0.5,0.2,0.20833333333333331,0.5,0.06490991278940642,0.3245495639470317,0.10175675387726038,0.5087837693863014,9.780851675847671
1240,248.16544362908604,0.5,0.2,0.20833333333333331,0.5,0.06490991278942101,0.3245495639471047,0.10175675387724578,0.5087837693862285,9.780851675847671
1241,248.36557705136758,0.5,0.2,0.20833333333333331,0.5,0.06490991278943561,0.3245495639471777,0.10175675387723118,0.5087837693861554,9.780851675847671
1242,248.5657104736491,0.5,0.2,0.20833333333333331,0.5,0.06490991278945021,0.3245495639472507,0.10175675387721658,0.5087837693860825,9.780851675847671
1243,248.7658438959306,0.5,0.2,0.20833333333333331,0.5,0.06490991278946481,0.3245495639473237,0.10175675387720198,0.5087837693860094,9.780851675847671
1244,248.96597731821214,0.5,0.2,0.20833333333333331,0.5,0.06490991278947941,0.3245495639473967,0.10175675387718738,0.5087837693859365,9.780851675847671
1245,249.16611074049365,0.5,0.2,0.20833333333333331,0.5,0.06490991278949401,0.3245495639474697,0.10175675387717278,0.5087837693858634,9.780851675847671
1246,249.36624416277516,0.5,0.2,0.20833333333333331,0.5,0.06490991278950861,0.3245495639475427,0.10175675387715818,0.5087837693857905,9.780851675847671
1247,249.5663775850567,0.5,0.2,0.20833333333333331,0.5,0.06490991278952321,0.3245495639476157,0.10175675387714359,0.5087837693857175,9.780851675847671
1248,249.7665110073382,0.5,0.2,0.20833333333333331,0.5,0.06490991278953781,0.3245495639476887,0.10175675387712899,0.5087837693856445,9.780851675847671
1249,249.96664442961975,0.5,0.2,0.20833333333333331,0.5,0.06490991278955241,0.3245495639477617,0.10175675387711439,0.5087837693855715,9.780851675847671
1250,250.16677785190126,0.5,0.2,0.20833333333333331,0.5,0.06490991278956701,0.3245495639478347,0.10175675387709979,0.5087837693854985,9.780851675847671
1251,250.36691127418277,0.5,0.2,0.20833333333333331,0.5,0.06490991278958161,0.3245495639479077,0.10175675387708519,0.5087837693854255,9.780851675847671
1252,250.5670446964643,0.5,0.2,0.20833333333333331,0.5,0.06490991278959621,0.3245495639479807,0.10175675387707059,0.5087837693853525,9.780851675847671
1253,250.76717811874582,0.5,0.2,0.20833333333333331,0.5,0.06490991278961081,0.3245495639480537,0.10175675387705599,0.5087837693852795,9.780851675847671
1254,250.96731154102733,0.5,0.2,0.20833333333333331,0.5,0.0649099127896254,0.3245495639481266,0.10175675387704139,0.5087837693852065,9.780851675847671
1255,251.16744496330887,0.5,0.2,0.20833333333333331,0.5,0.06490991278964,0.3245495639481996,0.10175675387702679,0.5087837693851335,9.780851675847671
1256,251.36757838559038,0.5,0.2,0.20833333333333331,0.5,0.0649099127896546,0.3245495639482726,0.10175675387701219,0.5087837693850605,9.780851675847671
1257,251.56771180787192,0.5,0.2,0.20833333333333331,0.5,0.0649099127896692,0.3245495639483456,0.10175675387699759,0.5087837693849875,9.780851675847671
1258,251.76784523015343,0.5,0.2,0.20833333333333331,0.5,0.0649099127896838,0.3245495639484186,0.10175675387698299,0.5087837693849145,9.780851675847671
1259,251.96797865243494,0.5,0.2,0.20833333333333331,0.5,0.0649099127896984,0.3245495639484916,0.10175675387696839,0.5087837693848415,9.780851675847671
1260,252.16811207471648,0.5,0.2,0.20833333333333331,0.5,0.064909912789713,0.3245495639485646,0.10175675387695379,0.5087837693847685,9.780851675847671
1261,252.368245496998,0.5,0.2,0.20833333333333331,0.5,0.0649099127897276,0.3245495639486376,0.1017567538769392,0.5087837693846955,9.780851675847671
1262,252.5683789192795,0.5,0.2,0.20833333333333331,0.5,0.0649099127897422,0.3245495639487106,0.1017567538769246,0.5087837693846226,9.780851675847671
1263,252.76851234156103,0.5,0.2,0.20833333333333331,0.5,0.0649099127897568,0.3245495639487836,0.10175675387691,0.5087837693845495,9.780851675847671
1264,252.96864576384255,0.5,0.2,0.20833333333333331,0.5,0.0649099127897714,0.3245495639488566,0.1017567538768954,0.5087837693844766,9.780851675847671
1265,253.16877918612408,0.5,0.2,0.20833333333333331,0.5,0.064909912789786,0.3245495639489296,0.1017567538768808,0.5087837693844035,9.780851675847671
1266,253.3689126084056,0.5,0.2,0.20833333333333331,0.5,0.06490991278980059,0.3245495639490026,0.10175675387686621,0.5087837693843306,9.780851675847671
1267,253.5690460306871,0.5,0.2,0.20833333333333331,0.5,0.06490991278981519,0.3245495639490756,0.10175675387685161,0.5087837693842575,9.780851675847671
1268,253.76917945296864,0.5,0.2,0.20833333333333331,0.5,0.06490991278982979,0.3245495639491486,0.10175675387683701,0.5087837693841846,9.780851675847671
1269,253.96931287525015,0.5,0.2,0.20833333333333331,0.5,0.06490991278984438,0.3245495639492216,0.10175675387682241,0.5087837693841115,9.780851675847671
1270,254.16944629753166,0.5,0.2,0.20833333333333331,0.5,0.06490991278985898,0.3245495639492946,0.10175675387680781,0.5087837693840386,9.780851675847671
1271,254.3695797198132,0.5,0.2,0.20833333333333331,0.5,0.06490991278987358,0.32454956394936757,0.10175675387679321,0.5087837693839655,9.780851675847671
1272,254.5697131420947,0.5,0.2,0.20833333333333331,0.5,0.06490991278988818,0.32454956394944057,0.10175675387677861,0.5087837693838926,9.780851675847671
1273,254.76984656437625,0.5,0.2,0.20833333333333331,0.5,0.06490991278990278,0.32454956394951356,0.10175675387676401,0.5087837693838196,9.780851675847671
1274,254.96997998665776,0.5,0.2,0.20833333333333331,0.5,0.06490991278991738,0.32454956394958656,0.10175675387674941,0.5087837693837466,9.780851675847671
1275,255.17011340893927,0.5,0.2,0.20833333333333331,0.5,0.06490991278993198,0.32454956394965956,0.10175675387673482,0.5087837693836736,9.780851675847671
1276,255.3702468312208,0.5,0.2,0.20833333333333331,0.5,0.06490991278994658,0.32454956394973256,0.10175675387672022,0.5087837693836006,9.780851675847671
1277,255.57038025350232,0.5,0.2,0.20833333333333331,0.5,0.06490991278996118,0.32454956394980555,0.10175675387670562,0.5087837693835277,9.780851675847671
1278,255.77051367578383,0.5,0.2,0.20833333333333331,0.5,0.06490991278997578,0.32454956394987855,0.10175675387669102,0.5087837693834546,9.780851675847671
1279,255.97064709806537,0.5,0.2,0.20833333333333331,0.5,0.06490991278999038,0.32454956394995155,0.10175675387667642,0.5087837693833817,9.780851675847671
1280,256.1707805203469,0.5,0.2,0.20833333333333331,0.5,0.06490991279000498,0.32454956395002454,0.10175675387666182,0.5087837693833086,9.780851675847671
1281,256.3709139426284,0.5,0.2,0.20833333333333331,0.5,0.06490991279001958,0.32454956395009754,0.10175675387664722,0.5087837693832357,9.780851675847671
1282,256.57104736490993,0.5,0.2,0.20833333333333331,0.5,0.06490991279003418,0.32454956395017054,0.10175675387663262,0.5087837693831626,9.780851675847671
1283,256.77118078719144,0.5,0.2,0.20833333333333331,0.5,0.06490991279004878,0.32454956395024354,0.10175675387661802,0.5087837693830897,9.780851675847671
1284,256.97131420947295,0.5,0.2,0.20833333333333331,0.5,0.06490991279006338,0.32454956395031653,0.10175675387660342,0.5087837693830166,9.780851675847671
1285,257.1714476317545,0.5,0.2,0.20833333333333331,0.5,0.06490991279007798,0.32454956395038953,0.10175675387658882,0.5087837693829437,9.780851675847671
1286,257.371581054036,0.5,0.2,0.20833333333333331,0.5,0.06490991279009257,0.3245495639504625,0.10175675387657422,0.5087837693828706,9.780851675847671
1287,257.57171447631754,0.5,0.2,0.20833333333333331,0.5,0.06490991279010717,0.3245495639505355,0.10175675387655962,0.5087837693827977,9.780851675847671
1288,257.77184789859905,0.5,0.2,0.20833333333333331,0.5,0.06490991279012177,0.3245495639506085,0.10175675387654502,0.5087837693827246,9.780851675847671
1289,257.97198132088056,0.5,0.2,0.20833333333333331,0.5,0.06490991279013637,0.3245495639506815,0.10175675387653042,0.5087837693826517,9.780851675847671
1290,258.1721147431621,0.5,0.2,0.20833333333333331,0.5,0.06490991279015097,0.32454956395075446,0.10175675387651582,0.5087837693825786,9.780851675847671
1291,258.37224816544364,0.5,0.2,0.20833333333333331,0.5,0.06490991279016557,0.32454956395082746,0.10175675387650122,0.5087837693825057,9.780851675847671
1292,258.57238158772515,0.5,0.2,0.20833333333333331,0.5,0.06490991279018017,0.32454956395090045,0.10175675387648662,0.5087837693824326,9.780851675847671
1293,258.77251501000666,0.5,0.2,0.20833333333333331,0.5,0.06490991279019477,0.32454956395097345,0.10175675387647203,0.5087837693823597,9.780851675847671
1294,258.97264843228817,0.5,0.2,0.20833333333333331,0.5,0.06490991279020937,0.32454956395104645,0.10175675387645743,0.5087837693822866,9.780851675847671
1295,259.1727818545697,0.5,0.2,0.20833333333333331,0.5,0.06490991279022397,0.32454956395111945,0.10175675387644283,0.5087837693822137,9.780851675847671
1296,259.37291527685124,0.5,0.2,0.20833333333333331,0.5,0.06490991279023857,0.32454956395119244,0.10175675387642823,0.5087837693821406,9.780851675847671
1297,259.57304869913276,0.5,0.2,0.20833333333333331,0.5,0.06490991279025317,0.32454956395126544,0.10175675387641363,0.5087837693820677,9.780851675847671
1298,259.77318212141427,0.5,0.2,0.20833333333333331,0.5,0.06490991279026777,0.32454956395133844,0.10175675387639903,0.5087837693819947,9.780851675847671
1299,259.9733155436958,0.5,0.2,0.20833333333333331,0.5,0.06490991279028237,0.32454956395141143,0.10175675387638443,0.5087837693819217,9.780851675847671
1300,260.1734489659773,0.5,0.2,0.20833333333333331,0.5,0.06490991279029697,0.32454956395148443,0.10175675387636983,0.5087837693818487,9.780851675847671
1301,260.37358238825885,0.5,0.2,0.20833333333333331,0.5,0.06490991279031157,0.32454956395155743,0.10175675387635523,0.5087837693817757,9.780851675847671
1302,260.57371581054036,0.5,0.2,0.20833333333333331,0.5,0.06490991279032617,0.3245495639516304,0.10175675387634063,0.5087837693817027,9.780851675847671
1303,260.7738492328219,0.5,0.2,0.20833333333333331,0.5,0.06490991279034077,0.3245495639517034,0.10175675387632603,0.5087837693816297,9.780851675847671
1304,260.9739826551034,0.5,0.2,0.20833333333333331,0.5,0.06490991279035536,0.3245495639517764,0.10175675387631143,0.5087837693815567,9.780851675847671
1305,261.1741160773849,0.5,0.2,0.20833333333333331,0.5,0.06490991279036996,0.3245495639518494,0.10175675387629683,0.5087837693814837,9.780851675847671
1306,261.37424949966646,0.5,0.2,0.20833333333333331,0.5,0.06490991279038456,0.3245495639519224,0.10175675387628223,0.5087837693814107,9.780851675847671
1307,261.574382921948,0.5,0.2,0.20833333333333331,0.5,0.06490991279039916,0.3245495639519954,0.10175675387626763,0.5087837693813377,9.780851675847671
1308,261.7745163442295,0.5,0.2,0.20833333333333331,0.5,0.06490991279041376,0.3245495639520684,0.10175675387625303,0.5087837693812648,9.780851675847671
1309,261.974649766511,0.5,0.2,0.20833333333333331,0.5,0.06490991279042835,0.3245495639521414,0.10175675387623845,0.5087837693811917,9.780851675847671
1310,262.1747831887925,0.5,0.2,0.20833333333333331,0.5,0.06490991279044295,0.3245495639522144,0.10175675387622385,0.5087837693811188,9.780851675847671
1311,262.374916611074,0.5,0.2,0.20833333333333331,0.5,0.06490991279045755,0.3245495639522874,0.10175675387620925,0.5087837693810457,9.780851675847671
1312,262.5750500333556,0.5,0.2,0.20833333333333331,0.5,0.06490991279047215,0.3245495639523604,0.10175675387619465,0.5087837693809728,9.780851675847671
1313,262.7751834556371,0.5,0.2,0.20833333333333331,0.5,0.06490991279048675,0.3245495639524334,0.10175675387618005,0.5087837693808998,9.780851675847671
1314,262.9753168779186,0.5,0.2,0.20833333333333331,0.5,0.06490991279050135,0.3245495639525064,0.10175675387616545,0.5087837693808268,9.780851675847671
1315,263.1754503002001,0.5,0.2,0.20833333333333331,0.5,0.06490991279051594,0.3245495639525794,0.10175675387615085,0.5087837693807538,9.780851675847671
1316,263.3755837224816,0.5,0.2,0.20833333333333331,0.5,0.06490991279053054,0.3245495639526524,0.10175675387613625,0.5087837693806808,9.780851675847671
1317,263.5757171447632,0.5,0.2,0.20833333333333331,0.5,0.06490991279054514,0.3245495639527254,0.10175675387612165,0.5087837693806078,9.780851675847671
1318,263.7758505670447,0.5,0.2,0.20833333333333331,0.5,0.06490991279055974,0.3245495639527984,0.10175675387610705,0.5087837693805348,9.780851675847671
1319,263.9759839893262,0.5,0.2,0.20833333333333331,0.5,0.06490991279057434,0.3245495639528714,0.10175675387609245,0.5087837693804618,9.780851675847671
1320,264.1761174116077,0.5,0.2,0.20833333333333331,0.5,0.06490991279058894,0.3245495639529444,0.10175675387607785,0.5087837693803888,9.780851675847671
1321,264.37625083388923,0.5,0.2,0.20833333333333331,0.5,0.06490991279060354,0.3245495639530174,0.10175675387606326,0.5087837693803158,9.780851675847671
1322,264.5763842561708,0.5,0.2,0.20833333333333331,0.5,0.06490991279061814,0.32454956395309037,0.10175675387604866,0.5087837693802428,9.780851675847671
1323,264.7765176784523,0.5,0.2,0.20833333333333331,0.5,0.06490991279063274,0.32454956395316337,0.10175675387603406,0.5087837693801698,9.780851675847671
1324,264.9766511007338,0.5,0.2,0.20833333333333331,0.5,0.06490991279064734,0.32454956395323636,0.10175675387601946,0.5087837693800968,9.780851675847671
1325,265.17678452301533,0.5,0.2,0.20833333333333331,0.5,0.06490991279066194,0.32454956395330936,0.10175675387600486,0.5087837693800238,9.780851675847671
1326,265.37691794529684,0.5,0.2,0.20833333333333331,0.5,0.06490991279067654,0.3245495639533823,0.10175675387599026,0.5087837693799508,9.780851675847671
1327,265.57705136757835,0.5,0.2,0.20833333333333331,0.5,0.06490991279069114,0.3245495639534553,0.10175675387597566,0.5087837693798778,9.780851675847671
1328,265.7771847898599,0.5,0.2,0.20833333333333331,0.5,0.06490991279070574,0.3245495639535283,0.10175675387596106,0.5087837693798049,9.780851675847671
1329,265.9773182121414,0.5,0.2,0.20833333333333331,0.5,0.06490991279072034,0.3245495639536013,0.10175675387594646,0.5087837693797318,9.780851675847671
1330,266.17745163442294,0.5,0.2,0.20833333333333331,0.5,0.06490991279073494,0.3245495639536743,0.10175675387593186,0.5087837693796589,9.780851675847671
1331,266.37758505670445,0.5,0.2,0.20833333333333331,0.5,0.06490991279074954,0.3245495639537473,0.10175675387591726,0.5087837693795858,9.780851675847671
1332,266.57771847898596,0.5,0.2,0.20833333333333331,0.5,0.06490991279076413,0.3245495639538203,0.10175675387590266,0.5087837693795129,9.780851675847671
1333,266.7778519012675,0.5,0.2,0.20833333333333331,0.5,0.06490991279077873,0.3245495639538933,0.10175675387588806,0.5087837693794398,9.780851675847671
1334,266.97798532354904,0.5,0.2,0.20833333333333331,0.5,0.06490991279079333,0.3245495639539663,0.10175675387587346,0.5087837693793669,9.780851675847671
1335,267.17811874583055,0.5,0.2,0.20833333333333331,0.5,0.06490991279080793,0.3245495639540393,0.10175675387585886,0.5087837693792938,9.780851675847671
1336,267.37825216811206,0.5,0.2,0.20833333333333331,0.5,0.06490991279082253,0.3245495639541123,0.10175675387584426,0.5087837693792209,9.780851675847671
1337,267.57838559039357,0.5,0.2,0.20833333333333331,0.5,0.06490991279083713,0.32454956395418527,0.10175675387582966,0.5087837693791478,9.780851675847671
1338,267.77851901267513,0.5,0.2,0.20833333333333331,0.5,0.06490991279085173,0.32454956395425827,0.10175675387581506,0.5087837693790749,9.780851675847671
1339,267.97865243495664,0.5,0.2,0.20833333333333331,0.5,0.06490991279086633,0.32454956395433127,0.10175675387580047,0.5087837693790018,9.780851675847671
1340,268.17878585723815,0.5,0.2,0.20833333333333331,0.5,0.06490991279088093,0.32454956395440426,0.10175675387578587,0.5087837693789289,9.780851675847671
1341,268.37891927951966,0.5,0.2,0.20833333333333331,0.5,0.06490991279089553,0.32454956395447726,0.10175675387577127,0.5087837693788558,9.780851675847671
1342,268.5790527018012,0.5,0.2,0.20833333333333331,0.5,0.06490991279091013,0.32454956395455026,0.10175675387575667,0.5087837693787829,9.780851675847671
1343,268.7791861240827,0.5,0.2,0.20833333333333331,0.5,0.06490991279092473,0.32454956395462325,0.10175675387574207,0.5087837693787098,9.780851675847671
1344,268.97931954636425,0.5,0.2,0.20833333333333331,0.5,0.06490991279093933,0.32454956395469625,0.10175675387572747,0.5087837693786369,9.780851675847671
1345,269.17945296864576,0.5,0.2,0.20833333333333331,0.5,0.06490991279095393,0.32454956395476925,0.10175675387571287,0.508783769378564,9.780851675847671
1346,269.3795863909273,0.5,0.2,0.20833333333333331,0.5,0.06490991279096853,0.32454956395484225,0.10175675387569827,0.5087837693784909,9.780851675847671
1347,269.5797198132088,0.5,0.2,0.20833333333333331,0.5,0.06490991279098313,0.32454956395491524,0.10175675387568367,0.508783769378418,9.780851675847671
1348,269.7798532354903,0.5,0.2,0.20833333333333331,0.5,0.06490991279099773,0.32454956395498824,0.10175675387566907,0.5087837693783449,9.780851675847671
1349,269.97998665777186,0.5,0.2,0.20833333333333331,0.5,0.06490991279101233,0.32454956395506124,0.10175675387565447,0.508783769378272,9.780851675847671
1350,270.18012008005337,0.5,0.2,0.20833333333333331,0.5,0.06490991279102692,0.32454956395513423,0.10175675387563987,0.5087837693781989,9.780851675847671
1351,270.3802535023349,0.5,0.2,0.20833333333333331,0.5,0.06490991279104152,0.32454956395520723,0.10175675387562527,0.508783769378126,9.780851675847671
1352,270.5803869246164,0.5,0.2,0.20833333333333331,0.5,0.06490991279105611,0.32454956395528023,0.10175675387561069,0.5087837693780529,9.780851675847671
1353,270.7805203468979,0.5,0.2,0.20833333333333331,0.5,0.06490991279107071,0.3245495639553532,0.10175675387559609,0.50878376937798,9.780851675847671
1354,270.98065376917947,0.5,0.2,0.20833333333333331,0.5,0.06490991279108531,0.3245495639554262,0.10175675387558149,0.5087837693779069,9.780851675847671
1355,271.180787191461,0.5,0.2,0.20833333333333331,0.5,0.06490991279109991,0.3245495639554992,0.10175675387556689,0.508783769377834,9.780851675847671
1356,271.3809206137425,0.5,0.2,0.20833333333333331,0.5,0.06490991279111451,0.3245495639555722,0.10175675387555229,0.5087837693777609,9.780851675847671
1357,271.581054036024,0.5,0.2,0.20833333333333331,0.5,0.0649099127911291,0.3245495639556452,0.10175675387553769,0.508783769377688,9.780851675847671
1358,271.7811874583055,0.5,0.2,0.20833333333333331,0.5,0.0649099127911437,0.3245495639557182,0.10175675387552309,0.5087837693776149,9.780851675847671
1359,271.981320880587,0.5,0.2,0.20833333333333331,0.5,0.0649099127911583,0.3245495639557912,0.10175675387550849,0.508783769377542,9.780851675847671
1360,272.1814543028686,0.5,0.2,0.20833333333333331,0.5,0.0649099127911729,0.3245495639558642,0.10175675387549389,0.5087837693774689,9.780851675847671
1361,272.3815877251501,0.5,0.2,0.20833333333333331,0.5,0.0649099127911875,0.3245495639559372,0.10175675387547929,0.508783769377396,9.780851675847671
1362,272.5817211474316,0.5,0.2,0.20833333333333331,0.5,0.0649099127912021,0.32454956395601015,0.10175675387546469,0.508783769377323,9.780851675847671
1363,272.7818545697131,0.5,0.2,0.20833333333333331,0.5,0.0649099127912167,0.32454956395608314,0.10175675387545009,0.50878376937725,9.780851675847671
1364,272.98198799199463,0.5,0.2,0.20833333333333331,0.5,0.0649099127912313,0.32454956395615614,0.1017567538754355,0.508783769377177,9.780851675847671
1365,273.1821214142762,0.5,0.2,0.20833333333333331,0.5,0.0649099127912459,0.32454956395622914,0.1017567538754209,0.508783769377104,9.780851675847671
1366,273.3822548365577,0.5,0.2,0.20833333333333331,0.5,0.0649099127912605,0.32454956395630213,0.1017567538754063,0.508783769377031,9.780851675847671
1367,273.5823882588392,0.5,0.2,0.20833333333333331,0.5,0.0649099127912751,0.32454956395637513,0.1017567538753917,0.508783769376958,9.780851675847671
1368,273.7825216811207,0.5,0.2,0.20833333333333331,0.5,0.0649099127912897,0.32454956395644813,0.1017567538753771,0.508783769376885,9.780851675847671
1369,273.98265510340224,0.5,0.2,0.20833333333333331,0.5,0.0649099127913043,0.3245495639565211,0.1017567538753625,0.508783769376812,9.780851675847671
1370,274.1827885256838,0.5,0.2,0.20833333333333331,0.5,0.0649099127913189,0.3245495639565941,0.1017567538753479,0.508783769376739,9.780851675847671
1371,274.3829219479653,0.5,0.2,0.20833333333333331,0.5,0.0649099127913335,0.3245495639566671,0.1017567538753333,0.508783769376666,9.780851675847671
1372,274.5830553702468,0.5,0.2,0.20833333333333331,0.5,0.0649099127913481,0.3245495639567401,0.1017567538753187,0.508783769376593,9.780851675847671
1373,274.78318879252834,0.5,0.2,0.20833333333333331,0.5,0.0649099127913627,0.3245495639568131,0.1017567538753041,0.50878376937652,9.780851675847671
1374,274.98332221480985,0.5,0.2,0.20833333333333331,0.5,0.0649099127913773,0.3245495639568861,0.1017567538752895,0.508783769376447,9.780851675847671
1375,275.18345563709136,0.5,0.2,0.20833333333333331,0.5,0.0649099127913919,0.3245495639569591,0.1017567538752749,0.508783769376374,9.780851675847671
1376,275.3835890593729,0.5,0.2,0.20833333333333331,0.5,0.0649099127914065,0.3245495639570321,0.1017567538752603,0.508783769376301,9.780851675847671
1377,275.58372248165443,0.5,0.2,0.20833333333333331,0.5,0.0649099127914211,0.3245495639571051,0.1017567538752457,0.508783769376228,9.780851675847671
1378,275.78385590393594,0.5,0.2,0.20833333333333331,0.5,0.0649099127914357,0.3245495639571781,0.1017567538752311,0.508783769376155,9.780851675847671
1379,275.98398932621745,0.5,0.2,0.20833333333333331,0.5,0.0649099127914503,0.3245495639572511,0.1017567538752165,0.508783769376082,9.780851675847671
1380,276.18412274849896,0.5,0.2,0.20833333333333331,0.5,0.0649099127914649,0.3245495639573241,0.1017567538752019,0.5087837693760091,9.780851675847671
1381,276.38425617078053,0.5,0.2,0.20833333333333331,0.5,0.0649099127914795,0.3245495639573971,0.1017567538751873,0.5087837693759361,9.780851675847671
1382,276.58438959306204,0.5,0.2,0.20833333333333331,0.5,0.06490991279149409,0.3245495639574701,0.1017567538751727,0.5087837693758631,9.780851675847671
1383,276.78452301534355,0.5,0.2,0.20833333333333331,0.5,0.06490991279150869,0.3245495639575431,0.1017567538751581,0.5087837693757901,9.780851675847671
1384,276.98465643762506,0.5,0.2,0.20833333333333331,0.5,0.06490991279152329,0.3245495639576161,0.1017567538751435,0.5087837693757171,9.780851675847671
1385,277.1847898599066,0.5,0.2,0.20833333333333331,0.5,0.06490991279153789,0.3245495639576891,0.1017567538751289,0.5087837693756441,9.780851675847671
1386,277.38492328218814,0.5,0.2,0.20833333333333331,0.5,0.06490991279155249,0.3245495639577621,0.1017567538751143,0.5087837693755711,9.780851675847671
1387,277.58505670446965,0.5,0.2,0.20833333333333331,0.5,0.06490991279156709,0.3245495639578351,0.1017567538750997,0.5087837693754981,9.780851675847671
1388,277.78519012675116,0.5,0.2,0.20833333333333331,0.5,0.06490991279158169,0.32454956395790807,0.10175675387508511,0.5087837693754251,9.780851675847671
1389,277.98532354903267,0.5,0.2,0.20833333333333331,0.5,0.06490991279159629,0.32454956395798107,0.10175675387507051,0.5087837693753521,9.780851675847671
1390,278.1854569713142,0.5,0.2,0.20833333333333331,0.5,0.06490991279161089,0.32454956395805407,0.10175675387505591,0.5087837693752791,9.780851675847671
1391,278.3855903935957,0.5,0.2,0.20833333333333331,0.5,0.06490991279162549,0.32454956395812706,0.10175675387504131,0.5087837693752061,9.780851675847671
1392,278.58572381587726,0.5,0.2,0.20833333333333331,0.5,0.06490991279164009,0.32454956395820006,0.10175675387502671,0.5087837693751331,9.780851675847671
1393,278.78585723815877,0.5,0.2,0.20833333333333331,0.5,0.06490991279165469,0.32454956395827306,0.10175675387501211,0.5087837693750601,9.780851675847671
1394,278.9859906604403,0.5,0.2,0.20833333333333331,0.5,0.06490991279166927,0.32454956395834605,0.10175675387499752,0.5087837693749871,9.780851675847671
1395,279.1861240827218,0.5,0.2,0.20833333333333331,0.5,0.06490991279168387,0.32454956395841905,0.10175675387498292,0.5087837693749141,9.780851675847671
1396,279.3862575050033,0.5,0.2,0.20833333333333331,0.5,0.06490991279169847,0.32454956395849205,0.10175675387496833,0.5087837693748412,9.780851675847671
1397,279.58639092728487,0.5,0.2,0.20833333333333331,0.5,0.06490991279171307,0.32454956395856505,0.10175675387495373,0.5087837693747681,9.780851675847671
1398,279.7865243495664,0.5,0.2,0.20833333333333331,0.5,0.06490991279172767,0.324549563958638,0.10175675387493913,0.5087837693746952,9.780851675847671
1399,279.9866577718479,0.5,0.2,0.20833333333333331,0.5,0.06490991279174227,0.324549563958711,0.10175675387492453,0.5087837693746221,9.780851675847671
1400,280.1867911941294,0.5,0.2,0.20833333333333331,0.5,0.06490991279175687,0.324549563958784,0.10175675387490993,0.5087837693745492,9.780851675847671
1401,280.3869246164109,0.5,0.2,0.20833333333333331,0.5,0.06490991279177147,0.324549563958857,0.10175675387489533,0.5087837693744761,9.780851675847671
1402,280.5870580386925,0.5,0.2,0.20833333333333331,0.5,0.06490991279178607,0.32454956395893,0.10175675387488073,0.5087837693744032,9.780851675847671
1403,280.787191460974,0.5,0.2,0.20833333333333331,0.5,0.06490991279180067,0.324549563959003,0.10175675387486613,0.5087837693743301,9.780851675847671
1404,280.9873248832555,0.5,0.2,0.20833333333333331,0.5,0.06490991279181527,0.32454956395907597,0.10175675387485153,0.5087837693742572,9.780851675847671
1405,281.187458305537,0.5,0.2,0.20833333333333331,0.5,0.06490991279182987,0.32454956395914897,0.10175675387483693,0.5087837693741841,9.780851675847671
1406,281.3875917278185,0.5,0.2,0.20833333333333331,0.5,0.06490991279184447,0.32454956395922196,0.10175675387482233,0.5087837693741112,9.780851675847671
1407,281.5877251501,0.5,0.2,0.20833333333333331,0.5,0.06490991279185906,0.32454956395929496,0.10175675387480773,0.5087837693740381,9.780851675847671
1408,281.7878585723816,0.5,0.2,0.20833333333333331,0.5,0.06490991279187366,0.32454956395936796,0.10175675387479313,0.5087837693739652,9.780851675847671
1409,281.9879919946631,0.5,0.2,0.20833333333333331,0.5,0.06490991279188826,0.32454956395944096,0.10175675387477853,0.5087837693738921,9.780851675847671
1410,282.1881254169446,0.5,0.2,0.20833333333333331,0.5,0.06490991279190286,0.32454956395951395,0.10175675387476393,0.5087837693738192,9.780851675847671
1411,282.3882588392261,0.5,0.2,0.20833333333333331,0.5,0.06490991279191746,0.32454956395958695,0.10175675387474933,0.5087837693737461,9.780851675847671
1412,282.58839226150764,0.5,0.2,0.20833333333333331,0.5,0.06490991279193206,0.32454956395965995,0.10175675387473473,0.5087837693736732,9.780851675847671
1413,282.7885256837892,0.5,0.2,0.20833333333333331,0.5,0.06490991279194666,0.32454956395973295,0.10175675387472014,0.5087837693736001,9.780851675847671
1414,282.9886591060707,0.5,0.2,0.20833333333333331,0.5,0.06490991279196126,0.32454956395980594,0.10175675387470554,0.5087837693735272,9.780851675847671
1415,283.1887925283522,0.5,0.2,0.20833333333333331,0.5,0.06490991279197586,0.32454956395987894,0.10175675387469094,0.5087837693734542,9.780851675847671
1416,283.38892595063373,0.5,0.2,0.20833333333333331,0.5,0.06490991279199046,0.32454956395995194,0.10175675387467634,0.5087837693733812,9.780851675847671
1417,283.58905937291524,0.5,0.2,0.20833333333333331,0.5,0.06490991279200506,0.32454956396002493,0.10175675387466174,0.5087837693733083,9.780851675847671
1418,283.7891927951968,0.5,0.2,0.20833333333333331,0.5,0.06490991279201966,0.32454956396009793,0.10175675387464714,0.5087837693732352,9.780851675847671
1419,283.9893262174783,0.5,0.2,0.20833333333333331,0.5,0.06490991279203426,0.32454956396017093,0.10175675387463254,0.5087837693731623,9.780851675847671
1420,284.18945963975983,0.5,0.2,0.20833333333333331,0.5,0.06490991279204886,0.3245495639602439,0.10175675387461794,0.5087837693730892,9.780851675847671
1421,284.38959306204134,0.5,0.2,0.20833333333333331,0.5,0.06490991279206346,0.3245495639603169,0.10175675387460334,0.5087837693730163,9.780851675847671
1422,284.58972648432285,0.5,0.2,0.20833333333333331,0.5,0.06490991279207806,0.3245495639603899,0.10175675387458874,0.5087837693729432,9.780851675847671
1423,284.7898599066044,0.5,0.2,0.20833333333333331,0.5,0.06490991279209266,0.3245495639604629,0.10175675387457414,0.5087837693728703,9.780851675847671
1424,284.98999332888593,0.5,0.2,0.20833333333333331,0.5,0.06490991279210725,0.3245495639605359,0.10175675387455954,0.5087837693727972,9.780851675847671
1425,285.19012675116744,0.5,0.2,0.20833333333333331,0.5,0.06490991279212185,0.3245495639606089,0.10175675387454494,0.5087837693727243,9.780851675847671
1426,285.39026017344895,0.5,0.2,0.20833333333333331,0.5,0.06490991279213645,0.3245495639606819,0.10175675387453034,0.5087837693726512,9.780851675847671
1427,285.59039359573046,0.5,0.2,0.20833333333333331,0.5,0.06490991279215105,0.3245495639607549,0.10175675387451574,0.5087837693725783,9.780851675847671
1428,285.79052701801197,0.5,0.2,0.20833333333333331,0.5,0.06490991279216565,0.3245495639608279,0.10175675387450114,0.5087837693725052,9.780851675847671
1429,285.99066044029354,0.5,0.2,0.20833333333333331,0.5,0.06490991279218025,0.3245495639609009,0.10175675387448654,0.5087837693724323,9.780851675847671
1430,286.19079386257505,0.5,0.2,0.20833333333333331,0.5,0.06490991279219485,0.3245495639609739,0.10175675387447194,0.5087837693723593,9.780851675847671
1431,286.39092728485656,0.5,0.2,0.20833333333333331,0.5,0.06490991279220945,0.3245495639610469,0.10175675387445735,0.5087837693722863,9.780851675847671
1432,286.59106070713807,0.5,0.2,0.20833333333333331,0.5,0.06490991279222405,0.3245495639611199,0.10175675387444275,0.5087837693722133,9.780851675847671
1433,286.7911941294196,0.5,0.2,0.20833333333333331,0.5,0.06490991279223865,0.3245495639611929,0.10175675387442815,0.5087837693721403,9.780851675847671
1434,286.99132755170115,0.5,0.2,0.20833333333333331,0.5,0.06490991279225325,0.32454956396126583,0.10175675387441355,0.5087837693720673,9.780851675847671
1435,287.19146097398266,0.5,0.2,0.20833333333333331,0.5,0.06490991279226785,0.3245495639613388,0.10175675387439895,0.5087837693719943,9.780851675847671
1436,287.39159439626417,0.5,0.2,0.20833333333333331,0.5,0.06490991279228245,0.3245495639614118,0.10175675387438435,0.5087837693719213,9.780851675847671
1437,287.5917278185457,0.5,0.2,0.20833333333333331,0.5,0.06490991279229703,0.3245495639614848,0.10175675387436976,0.5087837693718483,9.780851675847671
1438,287.7918612408272,0.5,0.2,0.20833333333333331,0.5,0.06490991279231163,0.3245495639615578,0.10175675387435516,0.5087837693717753,9.780851675847671
1439,287.99199466310876,0.5,0.2,0.20833333333333331,0.5,0.06490991279232623,0.3245495639616308,0.10175675387434056,0.5087837693717023,9.780851675847671
1440,288.19212808539027,0.5,0.2,0.20833333333333331,0.5,0.06490991279234083,0.3245495639617038,0.10175675387432596,0.5087837693716293,9.780851675847671
1441,288.3922615076718,0.5,0.2,0.20833333333333331,0.5,0.06490991279235543,0.3245495639617768,0.10175675387431136,0.5087837693715563,9.780851675847671
1442,288.5923949299533,0.5,0.2,0.20833333333333331,0.5,0.06490991279237003,0.3245495639618498,0.10175675387429677,0.5087837693714833,9.780851675847671
1443,288.7925283522348,0.5,0.2,0.20833333333333331,0.5,0.06490991279238463,0.3245495639619228,0.10175675387428217,0.5087837693714103,9.780851675847671
1444,288.9926617745163,0.5,0.2,0.20833333333333331,0.5,0.06490991279239923,0.3245495639619958,0.10175675387426757,0.5087837693713373,9.780851675847671
1445,289.1927951967979,0.5,0.2,0.20833333333333331,0.5,0.06490991279241383,0.3245495639620688,0.10175675387425297,0.5087837693712643,9.780851675847671
1446,289.3929286190794,0.5,0.2,0.20833333333333331,0.5,0.06490991279242843,0.3245495639621418,0.10175675387423837,0.5087837693711913,9.780851675847671
1447,289.5930620413609,0.5,0.2,0.20833333333333331,0.5,0.06490991279244303,0.3245495639622148,0.10175675387422377,0.5087837693711184,9.780851675847671
1448,289.7931954636424,0.5,0.2,0.20833333333333331,0.5,0.06490991279245763,0.3245495639622878,0.10175675387420917,0.5087837693710453,9.780851675847671
1449,289.9933288859239,0.5,0.2,0.20833333333333331,0.5,0.06490991279247223,0.3245495639623608,0.10175675387419457,0.5087837693709724,9.780851675847671
1450,290.1934623082055,0.5,0.2,0.20833333333333331,0.5,0.06490991279248683,0.3245495639624338,0.10175675387417997,0.5087837693708993,9.780851675847671
1451,290.393595730487,0.5,0.2,0.20833333333333331,0.5,0.06490991279250143,0.3245495639625068,0.10175675387416537,0.5087837693708264,9.780851675847671
1452,290.5937291527685,0.5,0.2,0.20833333333333331,0.5,0.06490991279251603,0.3245495639625798,0.10175675387415077,0.5087837693707534,9.780851675847671
1453,290.79386257505,0.5,0.2,0.20833333333333331,0.5,0.06490991279253062,0.3245495639626528,0.10175675387413617,0.5087837693706804,9.780851675847671
1454,290.9939959973315,0.5,0.2,0.20833333333333331,0.5,0.06490991279254522,0.3245495639627258,0.10175675387412157,0.5087837693706074,9.780851675847671
1455,291.1941294196131,0.5,0.2,0.20833333333333331,0.5,0.06490991279255982,0.32454956396279877,0.10175675387410697,0.5087837693705344,9.780851675847671
1456,291.3942628418946,0.5,0.2,0.20833333333333331,0.5,0.06490991279257442,0.32454956396287177,0.10175675387409237,0.5087837693704614,9.780851675847671
1457,291.5943962641761,0.5,0.2,0.20833333333333331,0.5,0.06490991279258902,0.32454956396294476,0.10175675387407777,0.5087837693703884,9.780851675847671
1458,291.7945296864576,0.5,0.2,0.20833333333333331,0.5,0.06490991279260362,0.32454956396301776,0.10175675387406317,0.5087837693703154,9.780851675847671
1459,291.99466310873913,0.5,0.2,0.20833333333333331,0.5,0.06490991279261822,0.32454956396309076,0.10175675387404857,0.5087837693702424,9.780851675847671
1460,292.19479653102064,0.5,0.2,0.20833333333333331,0.5,0.06490991279263282,0.32454956396316376,0.10175675387403398,0.5087837693701694,9.780851675847671
1461,292.3949299533022,0.5,0.2,0.20833333333333331,0.5,0.06490991279264742,0.32454956396323675,0.10175675387401938,0.5087837693700964,9.780851675847671
1462,292.5950633755837,0.5,0.2,0.20833333333333331,0.5,0.06490991279266202,0.32454956396330975,0.10175675387400478,0.5087837693700235,9.780851675847671
1463,292.79519679786523,0.5,0.2,0.20833333333333331,0.5,0.06490991279267662,0.32454956396338275,0.10175675387399018,0.5087837693699504,9.780851675847671
1464,292.99533022014674,0.5,0.2,0.20833333333333331,0.5,0.06490991279269122,0.32454956396345574,0.10175675387397558,0.5087837693698775,9.780851675847671
1465,293.19546364242825,0.5,0.2,0.20833333333333331,0.5,0.06490991279270582,0.32454956396352874,0.10175675387396098,0.5087837693698044,9.780851675847671
1466,293.3955970647098,0.5,0.2,0.20833333333333331,0.5,0.06490991279272042,0.32454956396360174,0.10175675387394638,0.5087837693697315,9.780851675847671
1467,293.59573048699133,0.5,0.2,0.20833333333333331,0.5,0.06490991279273502,0.32454956396367474,0.10175675387393178,0.5087837693696584,9.780851675847671
1468,293.79586390927284,0.5,0.2,0.20833333333333331,0.5,0.06490991279274962,0.32454956396374773,0.10175675387391718,0.5087837693695855,9.780851675847671
1469,293.99599733155435,0.5,0.2,0.20833333333333331,0.5,0.06490991279276422,0.32454956396382073,0.10175675387390258,0.5087837693695124,9.780851675847671
1470,294.19613075383586,0.5,0.2,0.20833333333333331,0.5,0.06490991279277881,0.3245495639638937,0.10175675387388798,0.5087837693694395,9.780851675847671
1471,294.3962641761174,0.5,0.2,0.20833333333333331,0.5,0.06490991279279341,0.32454956396396667,0.10175675387387338,0.5087837693693664,9.780851675847671
1472,294.59639759839894,0.5,0.2,0.20833333333333331,0.5,0.06490991279280801,0.32454956396403967,0.10175675387385878,0.5087837693692935,9.780851675847671
1473,294.79653102068045,0.5,0.2,0.20833333333333331,0.5,0.06490991279282261,0.32454956396411266,0.10175675387384418,0.5087837693692204,9.780851675847671
1474,294.99666444296196,0.5,0.2,0.20833333333333331,0.5,0.06490991279283721,0.32454956396418566,0.10175675387382958,0.5087837693691475,9.780851675847671
1475,295.19679786524347,0.5,0.2,0.20833333333333331,0.5,0.06490991279285181,0.32454956396425866,0.10175675387381498,0.5087837693690744,9.780851675847671
1476,295.396931287525,0.5,0.2,0.20833333333333331,0.5,0.06490991279286641,0.32454956396433166,0.10175675387380038,0.5087837693690015,9.780851675847671
1477,295.59706470980655,0.5,0.2,0.20833333333333331,0.5,0.06490991279288101,0.32454956396440465,0.10175675387378579,0.5087837693689284,9.780851675847671
1478,295.79719813208806,0.5,0.2,0.20833333333333331,0.5,0.06490991279289561,0.32454956396447765,0.10175675387377119,0.5087837693688555,9.780851675847671
1479,295.99733155436957,0.5,0.2,0.20833333333333331,0.5,0.06490991279291021,0.32454956396455065,0.10175675387375659,0.5087837693687824,9.780851675847671
1480,296.1974649766511,0.5,0.2,0.20833333333333331,0.5,0.0649099127929248,0.32454956396462364,0.101756753873742,0.5087837693687095,9.780851675847671
1481,296.3975983989326,0.5,0.2,0.20833333333333331,0.5,0.0649099127929394,0.32454956396469664,0.1017567538737274,0.5087837693686365,9.780851675847671
1482,296.59773182121415,0.5,0.2,0.20833333333333331,0.5,0.064909912792954,0.32454956396476964,0.1017567538737128,0.5087837693685635,9.780851675847671
1483,296.79786524349566,0.5,0.2,0.20833333333333331,0.5,0.0649099127929686,0.32454956396484264,0.1017567538736982,0.5087837693684905,9.780851675847671
1484,296.9979986657772,0.5,0.2,0.20833333333333331,0.5,0.0649099127929832,0.32454956396491563,0.1017567538736836,0.5087837693684175,9.780851675847671
1485,297.1981320880587,0.5,0.2,0.20833333333333331,0.5,0.06490991279299779,0.32454956396498863,0.101756753873669,0.5087837693683445,9.780851675847671
1486,297.3982655103402,0.5,0.2,0.20833333333333331,0.5,0.06490991279301239,0.3245495639650616,0.1017567538736544,0.5087837693682715,9.780851675847671
1487,297.59839893262176,0.5,0.2,0.20833333333333331,0.5,0.06490991279302699,0.3245495639651346,0.1017567538736398,0.5087837693681985,9.780851675847671
1488,297.7985323549033,0.5,0.2,0.20833333333333331,0.5,0.06490991279304159,0.3245495639652076,0.1017567538736252,0.5087837693681255,9.780851675847671
1489,297.9986657771848,0.5,0.2,0.20833333333333331,0.5,0.06490991279305619,0.3245495639652806,0.1017567538736106,0.5087837693680526,9.780851675847671
1490,298.1987991994663,0.5,0.2,0.20833333333333331,0.5,0.06490991279307079,0.3245495639653536,0.101756753873596,0.5087837693679795,9.780851675847671
1491,298.3989326217478,0.5,0.2,0.20833333333333331,0.5,0.06490991279308539,0.3245495639654266,0.10175675387358141,0.5087837693679066,9.780851675847671
1492,298.5990660440293,0.5,0.2,0.20833333333333331,0.5,0.06490991279309999,0.3245495639654996,0.10175675387356681,0.5087837693678335,9.780851675847671
1493,298.7991994663109,0.5,0.2,0.20833333333333331,0.5,0.06490991279311459,0.3245495639655726,0.10175675387355221,0.5087837693677606,9.780851675847671
1494,298.9993328885924,0.5,0.2,0.20833333333333331,0.5,0.06490991279312919,0.3245495639656456,0.10175675387353761,0.5087837693676875,9.780851675847671
1495,299.1994663108739,0.5,0.2,0.20833333333333331,0.5,0.06490991279314379,0.3245495639657186,0.10175675387352301,0.5087837693676146,9.780851675847671
1496,299.3995997331554,0.5,0.2,0.20833333333333331,0.5,0.06490991279315839,0.3245495639657916,0.10175675387350841,0.5087837693675415,9.780851675847671
1497,299.5997331554369,0.5,0.2,0.20833333333333331,0.5,0.06490991279317299,0.3245495639658646,0.10175675387349381,0.5087837693674686,9.780851675847671
1498,299.7998665777185,0.5,0.2,0.20833333333333331,0.5,0.06490991279318759,0.3245495639659376,0.10175675387347921,0.5087837693673956,9.780851675847671
1499,300.0,0.5,0.2,0.20833333333333331,0.5,0.06490991279320218,0.3245495639660106,0.10175675387346461,0.5087837693673226,9.780851675847671
