,time,beta,alpha,sigma_D,sigma_C,S_c,S_d,I_c,I_d,R0
0,0.0,0.5,0.2,0.5,0.0,0.45815,0.54145,0.00018333333333333334,0.00021666666666666666,0.8195559771301015
1,0.200133422281521,0.5,0.2,0.5,0.0,0.44824364537168715,0.5513516590194982,0.00018540565366763717,0.0002192899551466796,0.8195559771301015
2,0.400266844563042,0.5,0.2,0.5,0.0,0.43837825058567514,0.5612121311714804,0.00018742100489348227,0.00022219723795069215,0.8195559771301015
3,0.600400266844563,0.5,0.2,0.5,0.0,0.42856145358690817,0.5710237621848939,0.00018938448180987115,0.00022539974638783645,0.8195559771301015
4,0.800533689126084,0.5,0.2,0.5,0.0,0.4188006582909791,0.5807791311865805,0.0001913010157153681,0.00022890950672488516,0.8195559771301015
5,1.0006671114076051,0.5,0.2,0.5,0.0,0.40910312099958734,0.5904709640356812,0.00019317545501884922,0.0002327395097123835,0.8195559771301015
6,1.200800533689126,0.5,0.2,0.5,0.0,0.39947590552306605,0.6000921781770298,0.0001950125517720756,0.0002369037481319328,0.8195559771301015
7,1.400933955970647,0.5,0.2,0.5,0.0,0.38992585689333714,0.6096359088305258,0.0001968169672692329,0.00024141730886773112,0.8195559771301015
8,1.601067378252168,0.5,0.2,0.5,0.0,0.3804595925528929,0.6190955177666545,0.0001985932824556851,0.0002462963979967384,0.8195559771301015
9,1.801200800533689,0.5,0.2,0.5,0.0,0.3710834826885794,0.6284646128783217,0.00020034600071445162,0.0002515584323844123,0.8195559771301015
10,2.0013342228152102,0.5,0.2,0.5,0.0,0.36180363273348354,0.6377370655800969,0.00020207955303469307,0.00025722213338485675,0.8195559771301015
11,2.201467645096731,0.5,0.2,0.5,0.0,0.35262587219703045,0.6469070218950872,0.00020379830379678698,0.0002633076040854715,0.8195559771301015
12,2.401601067378252,0.5,0.2,0.5,0.0,0.34355574113159915,0.6559689158822087,0.000205506556647833,0.00026983642954415905,0.8195559771301015
13,2.601734489659773,0.5,0.2,0.5,0.0,0.3345984860824508,0.6649174736435237,0.00020720855646780498,0.0002768317175576819,0.8195559771301015
14,2.801867911941294,0.5,0.2,0.5,0.0,0.32575904218536156,0.673747730994753,0.00020890849937027161,0.00028431832051519564,0.8195559771301015
15,3.002001334222815,0.5,0.2,0.5,0.0,0.3170420188897169,0.6824550476666257,0.0002106105383846764,0.0002923229052728513,0.8195559771301015
16,3.202134756504336,0.5,0.2,0.5,0.0,0.30845172189180625,0.6910350853019955,0.0002123187822482106,0.00030087402395003344,0.8195559771301015
17,3.402268178785857,0.5,0.2,0.5,0.0,0.29999212572260864,0.6994838346918577,0.00021403730562906729,0.0003100022799046486,0.8195559771301015
18,3.602401601067378,0.5,0.2,0.5,0.0,0.2916668833121724,0.7077976060401796,0.000215770151374192,0.00031974049627386803,0.8195559771301015
19,3.802535023348899,0.5,0.2,0.5,0.0,0.28347931790767344,0.7159730369298841,0.00021752133611099134,0.00033012382633153384,0.8195559771301015
20,4.0026684456304205,0.5,0.2,0.5,0.0,0.2754324301047302,0.7240070850809095,0.00021929485549547885,0.00034118995886496376,0.8195559771301015
21,4.202801867911941,0.5,0.2,0.5,0.0,0.26752889570033644,0.7318970303515205,0.00022109468883659285,0.0003529792593064923,0.8195559771301015
22,4.402935290193462,0.5,0.2,0.5,0.0,0.25977107182507203,0.7396404683903729,0.00022292480340657268,0.0003655349811486138,0.8195559771301015
23,4.603068712474983,0.5,0.2,0.5,0.0,0.2521610014210561,0.7472353059608531,0.00022478915913183713,0.00037890345895926945,0.8195559771301015
24,4.803202134756504,0.5,0.2,0.5,0.0,0.24470041884594257,0.7546797551057558,0.00022669171351208928,0.00039313433478977127,0.8195559771301015
25,5.003335557038025,0.5,0.2,0.5,0.0,0.23739075807621035,0.7619723247031971,0.00022863642618888084,0.00040828079440399827,0.8195559771301015
26,5.203468979319546,0.5,0.2,0.5,0.0,0.2302331542602128,0.769111818742599,0.00023062726361428517,0.00042439973357418816,0.8195559771301015
27,5.403602401601067,0.5,0.2,0.5,0.0,0.22322845891084844,0.7760973207535763,0.00023266820301903057,0.0004415521325565195,0.8195559771301015
28,5.603735823882588,0.5,0.2,0.5,0.0,0.21637725211842862,0.7829281812903232,0.00023476323666401616,0.00045980335458448444,0.8195559771301015
29,5.803869246164109,0.5,0.2,0.5,0.0,0.2096798540871119,0.7896040061340432,0.00023691637634000532,0.00047922340250508544,0.8195559771301015
30,6.00400266844563,0.5,0.2,0.5,0.0,0.20313632448014873,0.7961246566201311,0.00023913165998730318,0.0004998872397330621,0.8195559771301015
31,6.204136090727151,0.5,0.2,0.5,0.0,0.19674647647888138,0.8024902352178112,0.00024141315629746477,0.0005218751470101263,0.8195559771301015
32,6.404269513008672,0.5,0.2,0.5,0.0,0.1905098991089635,0.8087010628008283,0.00024376496822474202,0.0005452731219836205,0.8195559771301015
33,6.604402935290193,0.5,0.2,0.5,0.0,0.18442595839275175,0.8147576770767812,0.00024619123681479167,0.0005701732936524436,0.8195559771301015
34,6.804536357571714,0.5,0.2,0.5,0.0,0.1784938116664665,0.8206608178439261,0.0002486961458863716,0.0005966743437211803,0.8195559771301015
35,7.004669779853235,0.5,0.2,0.5,0.0,0.17271242457603464,0.826411409550483,0.00025128392709161017,0.0006248819463908296,0.8195559771301015
36,7.204803202134756,0.5,0.2,0.5,0.0,0.16708057800290121,0.8320105537887146,0.000253958865242506,0.0006549093431416301,0.8195559771301015
37,7.404936624416277,0.5,0.2,0.5,0.0,0.16159688204311215,0.8374595148083847,0.0002567253026572468,0.0006868778458459279,0.8195559771301015
38,7.605070046697798,0.5,0.2,0.5,0.0,0.15625979055012143,0.8427597044426867,0.00025958764342761607,0.0007209173637642791,0.8195559771301015
39,7.805203468979319,0.5,0.2,0.5,0.0,0.15106760919675788,0.8479126733251561,0.00026255035898127625,0.0007571671191047461,0.8195559771301015
40,8.005336891260841,0.5,0.2,0.5,0.0,0.14601850904044006,0.8529200967080282,0.00026561799281754253,0.0007957762587143255,0.8195559771301015
41,8.205470313542362,0.5,0.2,0.5,0.0,0.14111053979284138,0.8577837605300226,0.00026879516530215494,0.0008369045118340286,0.8195559771301015
42,8.405603735823883,0.5,0.2,0.5,0.0,0.13634163805870156,0.8625055522871622,0.0002720865783402354,0.0008807230757961564,0.8195559771301015
43,8.605737158105404,0.5,0.2,0.5,0.0,0.13170963987619572,0.8670874477460403,0.0002754970204926426,0.0009274153572714521,0.8195559771301015
44,8.805870580386925,0.5,0.2,0.5,0.0,0.12721229240316276,0.8715314984322208,0.0002790313720901938,0.0009771777925262906,0.8195559771301015
45,9.006004002668446,0.5,0.2,0.5,0.0,0.12284726143419492,0.8758398229890753,0.000282694610838766,0.0010302209658910606,0.8195559771301015
46,9.206137424949967,0.5,0.2,0.5,0.0,0.11861214332689538,0.8800145943976073,0.00028649181663490764,0.0010867704588624115,0.8195559771301015
47,9.406270847231488,0.5,0.2,0.5,0.0,0.11450447540801863,0.8840580285757078,0.00029042817670856826,0.00114706783956492,0.8195559771301015
48,9.606404269513009,0.5,0.2,0.5,0.0,0.11052174316510868,0.8879723758558421,0.0002945089910942834,0.0012113719879549003,0.8195559771301015
49,9.80653769179453,0.5,0.2,0.5,0.0,0.1066613870713913,0.8917599127519776,0.00029873967808711815,0.0012799604985439242,0.8195559771301015
50,10.00667111407605,0.5,0.2,0.5,0.0,0.10292081442004321,0.8954229292247187,0.0003031257795087014,0.001353130575729476,0.8195559771301015
51,10.206804536357572,0.5,0.2,0.5,0.0,0.09929740582199469,0.8989637206515082,0.00030767296637770935,0.0014312005601194752,0.8195559771301015
52,10.406937958639093,0.5,0.2,0.5,0.0,0.09578852111012318,0.9023845799858072,0.0003123870455647596,0.0015145118585049608,0.8195559771301015
53,10.607071380920614,0.5,0.2,0.5,0.0,0.09239150745213433,0.905687788467802,0.0003172739647994095,0.0016034301152643641,0.8195559771301015
54,10.807204803202135,0.5,0.2,0.5,0.0,0.08910370574323331,0.9088756075592073,0.00032233981862966904,0.0016983468789298671,0.8195559771301015
55,11.007338225483656,0.5,0.2,0.5,0.0,0.0859224560846117,0.9119502712399425,0.00032759085400338195,0.0017996818214424464,0.8195559771301015
56,11.207471647765177,0.5,0.2,0.5,0.0,0.082845103228945,0.9149139785625467,0.0003330334761375917,0.0019078847323706803,0.8195559771301015
57,11.407605070046698,0.5,0.2,0.5,0.0,0.07986900201231455,0.9177688865783752,0.0003386742549848335,0.002023437154325525,0.8195559771301015
58,11.607738492328219,0.5,0.2,0.5,0.0,0.07699152193958318,0.9205171032909685,0.0003445199313698331,0.002146854838078559,0.8195559771301015
59,11.80787191460974,0.5,0.2,0.5,0.0,0.07421005189982577,0.9231606799098665,0.00035057742433825624,0.0022786907659695845,0.8195559771301015
60,12.00800533689126,0.5,0.2,0.5,0.0,0.07152200357053735,0.9257016056546378,0.0003568538365655421,0.0024195369382595143,0.8195559771301015
61,12.208138759172781,0.5,0.2,0.5,0.0,0.06892481497485332,0.9281418014165361,0.00036335646113821595,0.0025700271474724647,0.8195559771301015
62,12.408272181454302,0.5,0.2,0.5,0.0,0.06641595458988811,0.930483112049748,0.00037009278786297487,0.0027308405725010526,0.8195559771301015
63,12.608405603735823,0.5,0.2,0.5,0.0,0.06399292391068477,0.9327273009661232,0.0003770705100617769,0.0029027046131302812,0.8195559771301015
64,12.808539026017344,0.5,0.2,0.5,0.0,0.06165325945333267,0.9348760452740096,0.00038429753152695816,0.0030863977411307703,0.8195559771301015
65,13.008672448298865,0.5,0.2,0.5,0.0,0.05939453558364623,0.9369309290381155,0.0003917819732942876,0.003282753404943985,0.8195559771301015
66,13.208805870580386,0.5,0.2,0.5,0.0,0.05721436759771592,0.938893435694541,0.0003995321806306363,0.003492664527112448,0.8195559771301015
67,13.408939292861907,0.5,0.2,0.5,0.0,0.055110411929834444,0.9407649449618123,0.0004075567300343543,0.0037170863783189297,0.8195559771301015
68,13.609072715143428,0.5,0.2,0.5,0.0,0.05308036799874492,0.9425467265149726,0.0004158644363898699,0.003957041049892645,0.8195559771301015
69,13.80920613742495,0.5,0.2,0.5,0.0,0.05112198127544092,0.9442399310871916,0.00042446436033357574,0.004213623277033923,0.8195559771301015
70,14.00933955970647,0.5,0.2,0.5,0.0,0.049233042740351375,0.9458455874200489,0.0004333658154864184,0.0044880040241133835,0.8195559771301015
71,14.209472981987991,0.5,0.2,0.5,0.0,0.04741138921529416,0.947364597255462,0.0004425783758593278,0.0047814351533845495,0.8195559771301015
72,14.409606404269512,0.5,0.2,0.5,0.0,0.045654904063142,0.9487977292505256,0.00045211188334446826,0.005095254802987948,0.8195559771301015
73,14.609739826551033,0.5,0.2,0.5,0.0,0.04396152091313165,0.9501456070794804,0.0004619764514106383,0.005430895555977323,0.8195559771301015
74,14.809873248832554,0.5,0.2,0.5,0.0,0.042329222628310695,0.9514087055156285,0.00047218247355441543,0.005789889382506419,0.8195559771301015
75,15.010006671114075,0.5,0.2,0.5,0.0,0.04075603930161361,0.9525873477885408,0.00048274063254181114,0.006173872277303744,0.8195559771301015
76,15.210140093395596,0.5,0.2,0.5,0.0,0.03924004916448185,0.9536816973393989,0.0004936619063731823,0.0065845915897460704,0.8195559771301015
77,15.410273515677117,0.5,0.2,0.5,0.0,0.03777938028607985,0.9546917474589957,0.0005049575764600012,0.0070239146784645086,0.8195559771301015
78,15.610406937958638,0.5,0.2,0.5,0.0,0.03637221109451019,0.9556173126854557,0.0005166392353887814,0.007493836984645395,0.8195559771301015
79,15.810540360240159,0.5,0.2,0.5,0.0,0.03501676697271861,0.9564580271718046,0.0005287187930111433,0.007996487062465708,0.8195559771301015
80,16.010673782521682,0.5,0.2,0.5,0.0,0.033711320889130474,0.9572133349275795,0.000541208484513679,0.008534135698776294,0.8195559771301015
81,16.210807204803203,0.5,0.2,0.5,0.0,0.032454193854153796,0.9578824801187731,0.0005541208739276793,0.00910920515314541,0.8195559771301015
82,16.410940627084724,0.5,0.2,0.5,0.0,0.03124375638802078,0.9584644951668277,0.0005674688538754686,0.009724279591275965,0.8195559771301015
83,16.611074049366245,0.5,0.2,0.5,0.0,0.03007842432957195,0.9589581982266079,0.0005812656628559479,0.010382111780964124,0.8195559771301015
84,16.811207471647766,0.5,0.2,0.5,0.0,0.028956659171144913,0.9593621823612882,0.0005955248875519586,0.01108563358001486,0.8195559771301015
85,17.011340893929287,0.5,0.2,0.5,0.0,0.02787696773208651,0.9596748057673042,0.0006102604669460098,0.011837966033663157,0.8195559771301015
86,17.211474316210808,0.5,0.2,0.5,0.0,0.026837903648986906,0.959894179593489,0.0006254866908805601,0.012642430066643544,0.8195559771301015
87,17.41160773849233,0.5,0.2,0.5,0.0,0.0258380636451545,0.9600181613539569,0.0006412182128003762,0.013502556788088205,0.8195559771301015
88,17.61174116077385,0.5,0.2,0.5,0.0,0.024876087236559857,0.9600443440463668,0.0006574700523658246,0.014422098664707488,0.8195559771301015
89,17.81187458305537,0.5,0.2,0.5,0.0,0.02395065606338846,0.9599700458311814,0.0006742575977993324,0.015405040507630818,0.8195559771301015
90,18.01200800533689,0.5,0.2,0.5,0.0,0.02306049482194987,0.9597923020145649,0.0006915965957450927,0.01645560656774011,0.8195559771301015
91,18.212141427618413,0.5,0.2,0.5,0.0,0.02220436852949404,0.9595078521709531,0.0007095031654369969,0.017578276134115688,0.8195559771301015
92,18.412274849899934,0.5,0.2,0.5,0.0,0.021381081590621163,0.9591131294126778,0.000727993799692382,0.018777795197008538,0.8195559771301015
93,18.612408272181455,0.5,0.2,0.5,0.0,0.020589477030384294,0.9586042499678357,0.0007470853636607067,0.020059187638119255,0.8195559771301015
94,18.812541694462976,0.5,0.2,0.5,0.0,0.019828436652295146,0.9579770113348163,0.0007667950782519314,0.021427756934636635,0.8195559771301015
95,19.012675116744497,0.5,0.2,0.5,0.0,0.019096879622015554,0.9572268789628693,0.0007871405235653063,0.022889100891549816,0.8195559771301015
96,19.212808539026017,0.5,0.2,0.5,0.0,0.018393761191128104,0.9563489741387331,0.0008081396392493048,0.024449125030889474,0.8195559771301015
97,19.41294196130754,0.5,0.2,0.5,0.0,0.017718071938007778,0.9553380705850469,0.0008298107126414209,0.026114046764303886,0.8195559771301015
98,19.61307538358906,0.5,0.2,0.5,0.0,0.017068836669740788,0.9541885940747092,0.0008521723656575056,0.02789039688989241,0.8195559771301015
99,19.81320880587058,0.5,0.2,0.5,0.0,0.01644511361552922,0.9528946057645494,0.0008752435526602061,0.02978503706726105,0.8195559771301015
100,20.0133422281521,0.5,0.2,0.5,0.0,0.015845993398484498,0.9514498001618095,0.0008990435469572665,0.03180516289274861,0.8195559771301015
101,20.213475650433622,0.5,0.2,0.5,0.0,0.01527059865749129,0.9498475194996695,0.0009235919193283893,0.03395828992351078,0.8195559771301015
102,20.413609072715143,0.5,0.2,0.5,0.0,0.014718082952644028,0.9480807466390877,0.000948908525600072,0.036252261882668085,0.8195559771301015
103,20.613742494996664,0.5,0.2,0.5,0.0,0.014187629802620777,0.9461421061192408,0.0009750134868346521,0.03869525059130366,0.8195559771301015
104,20.813875917278185,0.5,0.2,0.5,0.0,0.013678451509032064,0.9440238790563945,0.0010019271461513479,0.041295742288422005,0.8195559771301015
105,21.014009339559706,0.5,0.2,0.5,0.0,0.013189788514172445,0.9417180064956411,0.001029670053492101,0.044062534936694195,0.8195559771301015
106,21.214142761841227,0.5,0.2,0.5,0.0,0.012720908550032587,0.9392161068951468,0.0010582629382321412,0.04700472161658834,0.8195559771301015
107,21.41427618412275,0.5,0.2,0.5,0.0,0.012271106023701997,0.936509512558726,0.0010877266930126267,0.05013165472455918,0.8195559771301015
108,21.61440960640427,0.5,0.2,0.5,0.0,0.011839700948670023,0.9335892747634388,0.0011180823277493908,0.05345294196014162,0.8195559771301015
109,21.81454302868579,0.5,0.2,0.5,0.0,0.0114260381909807,0.9304462056352731,0.0011493509220478475,0.05697840525169821,0.8195559771301015
110,22.01467645096731,0.5,0.2,0.5,0.0,0.011029486665600044,0.9270709274160162,0.00118155356017965,0.06071803235820401,0.8195559771301015
111,22.214809873248832,0.5,0.2,0.5,0.0,0.010649438575815866,0.923453897028943,0.001214711308010742,0.0646819530872303,0.8195559771301015
112,22.414943295530353,0.5,0.2,0.5,0.0,0.010285308653889526,0.9195854767698086,0.0012488451627193627,0.06888036941358248,0.8195559771301015
113,22.615076717811874,0.5,0.2,0.5,0.0,0.00993653341411899,0.9154559965092047,0.001283976001702651,0.07332349407497359,0.8195559771301015
114,22.815210140093395,0.5,0.2,0.5,0.0,0.009602570406124965,0.9110558077905482,0.0013201245171526094,0.07802149728617423,0.8195559771301015
115,23.015343562374916,0.5,0.2,0.5,0.0,0.009282897520926814,0.9063753847389281,0.0013573111470456356,0.08298440659309932,0.8195559771301015
116,23.215476984656437,0.5,0.2,0.5,0.0,0.008977012285548086,0.9014054041266389,0.0013955560118494715,0.08822202757596334,0.8195559771301015
117,23.415610406937958,0.5,0.2,0.5,0.0,0.00868443117341736,0.8961368353951471,0.0014348788481399171,0.0937438545832954,0.8195559771301015
118,23.61574382921948,0.5,0.2,0.5,0.0,0.008404688937480483,0.8905610643082293,0.0014752989427930148,0.09955894781149695,0.8195559771301015
119,23.815877251501,0.5,0.2,0.5,0.0,0.008137337958365356,0.8846699996474413,0.0015168350521633225,0.10567582734202993,0.8195559771301015
120,24.01601067378252,0.5,0.2,0.5,0.0,0.00788194760782658,0.878456197422995,0.0015595053266352023,0.11210234964254313,0.8195559771301015
121,24.216144096064042,0.5,0.2,0.5,0.0,0.007638103630765541,0.8719129951995581,0.0016033272464612252,0.118845573923215,0.8195559771301015
122,24.416277518345563,0.5,0.2,0.5,0.0,0.007405407537406514,0.8650346550082954,0.0016483175304781064,0.12591161992381986,0.8195559771301015
123,24.616410940627084,0.5,0.2,0.5,0.0,0.007183476014251512,0.8578165030458444,0.0016944920663741392,0.13330552887352967,0.8195559771301015
124,24.816544362908605,0.5,0.2,0.5,0.0,0.006971940349995342,0.8502550618103497,0.0017418658517842373,0.14103113198787043,0.8195559771301015
125,25.016677785190126,0.5,0.2,0.5,0.0,0.006770445878130971,0.8423482313872411,0.0017904528964593355,0.14909086983816816,0.8195559771301015
126,25.216811207471647,0.5,0.2,0.5,0.0,0.006578651434487127,0.8340954140369548,0.0018402661694752673,0.15748566835908248,0.8195559771301015
127,25.416944629753168,0.5,0.2,0.5,0.0,0.006396228830662444,0.8254976309076488,0.0018913175520042958,0.16621482270968405,0.8195559771301015
128,25.61707805203469,0.5,0.2,0.5,0.0,0.006222862343957691,0.81655768523981,0.0019436177681558687,0.1752758346480761,0.8195559771301015
129,25.81721147431621,0.5,0.2,0.5,0.0,0.006058248224668197,0.8072802757010702,0.001997176349863536,0.18466429972439763,0.8195559771301015
130,26.01734489659773,0.5,0.2,0.5,0.0,0.005902094216922598,0.7976721184727756,0.0020520015906688163,0.19437378571963265,0.8195559771301015
131,26.21747831887925,0.5,0.2,0.5,0.0,0.005754119097366625,0.7877419917191073,0.00210810052302912,0.20439578866049668,0.8195559771301015
132,26.417611741160773,0.5,0.2,0.5,0.0,0.00561405223019242,0.7775008441339559,0.0021654788927553477,0.2147196247430961,0.8195559771301015
133,26.617745163442294,0.5,0.2,0.5,0.0,0.005481633147279768,0.7669618004539501,0.0022241411839380235,0.2253324252148318,0.8195559771301015
134,26.817878585723815,0.5,0.2,0.5,0.0,0.005356611136435105,0.7561402000926434,0.002284090617923444,0.2362190981529978,0.8195559771301015
135,27.018012008005336,0.5,0.2,0.5,0.0,0.005238744843542383,0.7450535534912072,0.002345329179767491,0.24736237248548273,0.8195559771301015
136,27.218145430286857,0.5,0.2,0.5,0.0,0.0051278018963984776,0.7337215013796281,0.0024078576581925333,0.25874283906578066,0.8195559771301015
137,27.418278852568378,0.5,0.2,0.5,0.0,0.005023558552990006,0.722165722164673,0.0024716757089739655,0.2703390435733627,0.8195559771301015
138,27.6184122748499,0.5,0.2,0.5,0.0,0.004925799363375226,0.7104098026654212,0.002536781930442188,0.28212761604076114,0.8195559771301015
139,27.81854569713142,0.5,0.2,0.5,0.0,0.004834316842631198,0.69847909113446,0.002603173946763024,0.2940834180761454,0.8195559771301015
140,28.01867911941294,0.5,0.2,0.5,0.0,0.004748911164832472,0.6864004941197563,0.002670848514587,0.30617974620082383,0.8195559771301015
141,28.21881254169446,0.5,0.2,0.5,0.0,0.004669389876819971,0.6742022630189209,0.0027398016385697496,0.3183885454656889,0.8195559771301015
142,28.418945963975982,0.5,0.2,0.5,0.0,0.004595567626455356,0.6619137475930285,0.0028100286976267598,0.33068065608288905,0.8195559771301015
143,28.619079386257503,0.5,0.2,0.5,0.0,0.004527265907807571,0.6495651119726836,0.0028815245903519794,0.34302609752915647,0.8195559771301015
144,28.819212808539024,0.5,0.2,0.5,0.0,0.004464312818586518,0.6371870743643896,0.002954283872566447,0.35539432894445705,0.8195559771301015
145,29.019346230820545,0.5,0.2,0.5,0.0,0.004406542839380983,0.6248105706392043,0.003028300925630939,0.36775458559578345,0.8195559771301015
146,29.219479653102066,0.5,0.2,0.5,0.0,0.004353796618319453,0.6124664950873829,0.003103570099779374,0.38007613819451797,0.8195559771301015
147,29.419613075383587,0.5,0.2,0.5,0.0,0.004305920778974801,0.6001853529631714,0.003180085891381177,0.3923286403664723,0.8195559771301015
148,29.61974649766511,0.5,0.2,0.5,0.0,0.004262767731456754,0.5879970050612916,0.0032578430900934065,0.40448238411715787,0.8195559771301015
149,29.81987991994663,0.5,0.2,0.5,0.0,0.0042241955034076325,0.5759303584734312,0.0033368369478915328,0.41650860907526926,0.8195559771301015
150,30.02001334222815,0.5,0.2,0.5,0.0,0.004190067576064168,0.5640131169226049,0.0034170633286177087,0.42837975217271285,0.8195559771301015
151,30.22014676450967,0.5,0.2,0.5,0.0,0.004160252732147977,0.5522715481299556,0.0034985188541781656,0.44006968028371796,0.8195559771301015
152,30.420280186791192,0.5,0.2,0.5,0.0,0.004134624915572766,0.540730251301441,0.0035812010517280264,0.4515539227312579,0.8195559771301015
153,30.620413609072713,0.5,0.2,0.5,0.0,0.004113063090984225,0.5294120152651421,0.003665108468899254,0.46280981317497405,0.8195559771301015
154,30.820547031354234,0.5,0.2,0.5,0.0,0.004095451123540478,0.5183376291872694,0.0037502408092804657,0.47381667887990925,0.8195559771301015
155,31.020680453635755,0.5,0.2,0.5,0.0,0.004081677647744629,0.5075258163194671,0.0038365990181498605,0.484555907014638,0.8195559771301015
156,31.220813875917276,0.5,0.2,0.5,0.0,0.00407163596133298,0.49699312116187566,0.003924185392684202,0.49501105748410684,0.8195559771301015
157,31.420947298198797,0.5,0.2,0.5,0.0,0.004065223903583379,0.48675389349591175,0.004013003644691465,0.505167878955813,0.8195559771301015
158,31.621080720480318,0.5,0.2,0.5,0.0,0.004062343756778123,0.4768202672799261,0.004103058975892349,0.5150143299874032,0.8195559771301015
159,31.82121414276184,0.5,0.2,0.5,0.0,0.00406290213431148,0.4672021819969369,0.00419435812160043,0.5245405577471509,0.8195559771301015
160,32.021347565043364,0.5,0.2,0.5,0.0,0.004066809884931699,0.4579074401048921,0.004286909390219883,0.533738840619956,0.8195559771301015
161,32.22148098732488,0.5,0.2,0.5,0.0,0.0040739819880837025,0.4489417594935248,0.004380722689695351,0.5426035358286959,0.8195559771301015
162,32.421614409606406,0.5,0.2,0.5,0.0,0.004084337462990445,0.4403088943581875,0.0044758095368734735,0.5511309586419484,0.8195559771301015
163,32.62174783188792,0.5,0.2,0.5,0.0,0.004097799278124818,0.4320107688700522,0.004572183054520862,0.559319248797302,0.8195559771301015
164,32.82188125416945,0.5,0.2,0.5,0.0,0.004114294238973152,0.42404752234256476,0.0046698579580866225,0.5671683254603752,0.8195559771301015
165,33.022014676450965,0.5,0.2,0.5,0.0,0.004133752900632781,0.41641767942199426,0.004768850531310617,0.5746797171460621,0.8195559771301015
166,33.22214809873249,0.5,0.2,0.5,0.0,0.0041561094893043425,0.40911831983452956,0.0048691786297529365,0.5818563920464129,0.8195559771301015
167,33.42228152101401,0.5,0.2,0.5,0.0,0.004181301808848477,0.4021452304579341,0.004970861638591608,0.5887026060946257,0.8195559771301015
168,33.62241494329553,0.5,0.2,0.5,0.0,0.0042092711372073155,0.39549300090312633,0.005073920411078904,0.5952238075485873,0.8195559771301015
169,33.82254836557705,0.5,0.2,0.5,0.0,0.0042399621410153365,0.38915519617565447,0.0051783772230135855,0.6014264644603163,0.8195559771301015
170,34.02268178785857,0.5,0.2,0.5,0.0,0.004273322797521541,0.3831244949575797,0.005284255740424895,0.6073179265044736,0.8195559771301015
171,34.22281521014009,0.5,0.2,0.5,0.0,0.004309304305690496,0.3773928315232915,0.005391580955936631,0.6129062832150811,0.8195559771301015
172,34.422948632421615,0.5,0.2,0.5,0.0,0.004347860990646965,0.3719515132444541,0.005500379149790001,0.6182002466151088,0.8195559771301015
173,34.62308205470313,0.5,0.2,0.5,0.0,0.004388950218835457,0.36679134990866746,0.00561067783542697,0.62320902203707,0.8195559771301015
174,34.82321547698466,0.5,0.2,0.5,0.0,0.004432532321337629,0.36190276046158915,0.005722505690359131,0.6279422015267139,0.8195559771301015
175,35.023348899266175,0.5,0.2,0.5,0.0,0.004478570509998161,0.3572758790374445,0.005835892498152131,0.6324096579544051,0.8195559771301015
176,35.2234823215477,0.5,0.2,0.5,0.0,0.004527030791533393,0.35290064864621723,0.005950869111230286,0.6366214514510189,0.8195559771301015
177,35.42361574382922,0.5,0.2,0.5,0.0,0.004577881887466479,0.348766906302655,0.006067467396109023,0.6405877444137692,0.8195559771301015
178,35.62374916611074,0.5,0.2,0.5,0.0,0.004631095157900618,0.34486445812390004,0.006185720176189803,0.6443187265420093,0.8195559771301015
179,35.82388258839226,0.5,0.2,0.5,0.0,0.004686644522479393,0.3411831465830064,0.006305661184192575,0.6478245477103213,0.8195559771301015
180,36.02401601067378,0.5,0.2,0.5,0.0,0.0047445063843652565,0.3377129095818662,0.006427325015404672,0.6511152590183635,0.8195559771301015
181,36.2241494329553,0.5,0.2,0.5,0.0,0.004804659560276481,0.3344438293089932,0.006550747085857145,0.6542007640448728,0.8195559771301015
182,36.424282855236825,0.5,0.2,0.5,0.0,0.0048670852049612955,0.3313661728426621,0.006675963583968581,0.6570907783684077,0.8195559771301015
183,36.62441627751834,0.5,0.2,0.5,0.0,0.004931766742496574,0.3284704340638306,0.006803011439601416,0.6597947877540711,0.8195559771301015
184,36.82454969979987,0.5,0.2,0.5,0.0,0.004998689797760525,0.3257473592499434,0.006931928285985691,0.6623220226663101,0.8195559771301015
185,37.024683122081385,0.5,0.2,0.5,0.0,0.005067842130207438,0.3231879677712974,0.00706275242265633,0.6646814376758385,0.8195559771301015
186,37.22481654436291,0.5,0.2,0.5,0.0,0.005139213571792506,0.32078358068975726,0.007195522785214742,0.6668816829532351,0.8195559771301015
187,37.42494996664443,0.5,0.2,0.5,0.0,0.005212795963115197,0.31852582115731987,0.007330278916349211,0.6689311039632154,0.8195559771301015
188,37.62508338892595,0.5,0.2,0.5,0.0,0.005288583094892982,0.3164066348266308,0.007467060938941898,0.670837721139534,0.8195559771301015
189,37.82521681120747,0.5,0.2,0.5,0.0,0.005366570650233012,0.3144182921537333,0.007605909531877364,0.6726092276641561,0.8195559771301015
190,38.02535023348899,0.5,0.2,0.5,0.0,0.005446756148661083,0.31255338624573525,0.00774686590843442,0.6742529916971689,0.8195559771301015
191,38.22548365577051,0.5,0.2,0.5,0.0,0.005529138892767551,0.31080484483968124,0.00788997179716664,0.6757760444703842,0.8195559771301015
192,38.425617078052035,0.5,0.2,0.5,0.0,0.005613719916748181,0.3091659149131337,0.008035269424967382,0.6771850957451504,0.8195559771301015
193,38.62575050033355,0.5,0.2,0.5,0.0,0.005700501937375482,0.30763016742961,0.008182801498897418,0.6784865291341168,0.8195559771301015
194,38.82588392261508,0.5,0.2,0.5,0.0,0.005789489306806513,0.30619148923183287,0.008332611192859581,0.6796864102685006,0.8195559771301015
195,39.026017344896594,0.5,0.2,0.5,0.0,0.005880687967213428,0.30484407144624737,0.008484742136656832,0.680790498449882,0.8195559771301015
196,39.22615076717812,0.5,0.2,0.5,0.0,0.005974105407053793,0.3035824096786459,0.008639238402718415,0.6818042465115816,0.8195559771301015
197,39.426284189459636,0.5,0.2,0.5,0.0,0.00606975062026202,0.3024012874683735,0.008796144498922681,0.6827328174124415,0.8195559771301015
198,39.62641761174116,0.5,0.2,0.5,0.0,0.006167634066398956,0.30129576836516236,0.00895550536018919,0.6835810922082493,0.8195559771301015
199,39.82655103402268,0.5,0.2,0.5,0.0,0.006267767632427308,0.30026118776370375,0.009117366341291039,0.6843536782625776,0.8195559771301015
200,40.0266844563042,0.5,0.2,0.5,0.0,0.006370164597335201,0.2992931438609234,0.009281773211342208,0.6850549183303989,0.8195559771301015
201,40.22681787858572,0.5,0.2,0.5,0.0,0.006474839597763528,0.298387481592684,0.009448772147055175,0.685688906662497,0.8195559771301015
202,40.426951300867245,0.5,0.2,0.5,0.0,0.006581808595579749,0.29754028167978647,0.009618409726832465,0.6862594999978011,0.8195559771301015
203,40.62708472314876,0.5,0.2,0.5,0.0,0.00669108884714234,0.29674785669814896,0.009790732926025357,0.686770321528683,0.8195559771301015
204,40.82721814543029,0.5,0.2,0.5,0.0,0.006802698873339305,0.29600673279545175,0.009965789120646452,0.6872247792105621,0.8195559771301015
205,41.027351567711804,0.5,0.2,0.5,0.0,0.00691665843204955,0.29531364233253155,0.010143626082579535,0.6876260731528391,0.8195559771301015
206,41.22748498999333,0.5,0.2,0.5,0.0,0.007032988491810174,0.29466551530644713,0.010324291976980116,0.6879772042247623,0.8195559771301015
207,41.427618412274846,0.5,0.2,0.5,0.0,0.007151711205884613,0.29405946556109336,0.010507835361838134,0.6882809878711835,0.8195559771301015
208,41.62775183455637,0.5,0.2,0.5,0.0,0.007272849888716318,0.2934927836120739,0.010694305188696284,0.6885400613105132,0.8195559771301015
209,41.82788525683789,0.5,0.2,0.5,0.0,0.007396428993703976,0.2929629268212725,0.010883750800764742,0.6887568933842585,0.8195559771301015
210,42.02801867911941,0.5,0.2,0.5,0.0,0.007522474093582731,0.2924675087477849,0.011076221926142027,0.6889337952324901,0.8195559771301015
211,42.22815210140093,0.5,0.2,0.5,0.0,0.007651011859562477,0.292004291759566,0.011271768679767749,0.6890729277011035,0.8195559771301015
212,42.428285523682455,0.5,0.2,0.5,0.0,0.007782070042112214,0.2915711781846751,0.011470441565000189,0.6891763102082122,0.8195559771301015
213,42.62841894596397,0.5,0.2,0.5,0.0,0.007915677452237395,0.291166202234331,0.011672291477491692,0.6892458288359397,0.8195559771301015
214,42.8285523682455,0.5,0.2,0.5,0.0,0.008051863945756743,0.29078752269631697,0.011877369699385203,0.6892832436585409,0.8195559771301015
215,43.028685790527014,0.5,0.2,0.5,0.0,0.008190660407952003,0.2904334149818849,0.012085727898020121,0.6892901967121428,0.8195559771301015
216,43.22881921280854,0.5,0.2,0.5,0.0,0.008332098738624281,0.29010226430731006,0.012297418125266756,0.6892682188287986,0.8195559771301015
217,43.428952635090056,0.5,0.2,0.5,0.0,0.008476211837895405,0.2897925594130367,0.012512492817967093,0.6892187359311005,0.8195559771301015
218,43.62908605737158,0.5,0.2,0.5,0.0,0.008623033593656177,0.2895028856780534,0.01273100479639132,0.6891430759318987,0.8195559771301015
219,43.8292194796531,0.5,0.2,0.5,0.0,0.008772598869307487,0.2892319198152092,0.012953007261406035,0.6890424740540769,0.8195559771301015
220,44.02935290193462,0.5,0.2,0.5,0.0,0.008924943492503582,0.28897842447697053,0.013178553791868788,0.6889180782386567,0.8195559771301015
221,44.22948632421614,0.5,0.2,0.5,0.0,0.009080104244153436,0.2887412425263018,0.013407698343649996,0.6887709548858943,0.8195559771301015
222,44.429619746497664,0.5,0.2,0.5,0.0,0.009238118847278386,0.2885192906741761,0.013640495251367974,0.6886020952271772,0.8195559771301015
223,44.62975316877918,0.5,0.2,0.5,0.0,0.009399025959605876,0.2883115570105979,0.013876999219103825,0.688412417810692,0.8195559771301015
224,44.829886591060706,0.5,0.2,0.5,0.0,0.009562865164688772,0.2881170962169143,0.014117265318789927,0.6882027732996067,0.8195559771301015
225,45.030020013342224,0.5,0.2,0.5,0.0,0.009729676962513334,0.287935024042097,0.014361348986061546,0.6879739500093278,0.8195559771301015
226,45.23015343562375,0.5,0.2,0.5,0.0,0.009899502762190333,0.2877645133894029,0.014609306015875853,0.6877266778325306,0.8195559771301015
227,45.430286857905266,0.5,0.2,0.5,0.0,0.01007238487696343,0.28760479222407076,0.014861192558125394,0.6874616303408401,0.8195559771301015
228,45.63042028018679,0.5,0.2,0.5,0.0,0.010248366517372026,0.2874551396002345,0.015117065112170178,0.6871794287702229,0.8195559771301015
229,45.83055370246831,0.5,0.2,0.5,0.0,0.010427491780426672,0.28731488083150614,0.015376980519205384,0.6868806468688614,0.8195559771301015
230,46.03068712474983,0.5,0.2,0.5,0.0,0.010609805648005339,0.28718338581367203,0.015640995957276724,0.6865658125810454,0.8195559771301015
231,46.23082054703135,0.5,0.2,0.5,0.0,0.010795353982623993,0.28706006653646743,0.015909168934694004,0.6862354105462142,0.8195559771301015
232,46.430953969312874,0.5,0.2,0.5,0.0,0.010984183521092313,0.28694437391469324,0.016181557281190802,0.6858898852830232,0.8195559771301015
233,46.63108739159439,0.5,0.2,0.5,0.0,0.011176341865850377,0.28683579379951973,0.016458219135296697,0.6855296451993328,0.8195559771301015
234,46.831220813875916,0.5,0.2,0.5,0.0,0.01137187748618152,0.2867338466406512,0.016739212940347973,0.6851550629328189,0.8195559771301015
235,47.03135423615743,0.5,0.2,0.5,0.0,0.011570839713362518,0.2866380849880866,0.017024597433551707,0.6847664778649988,0.8195559771301015
236,47.23148765843896,0.5,0.2,0.5,0.0,0.011773278734629463,0.28654809061371844,0.017314431633234366,0.6843641990184173,0.8195559771301015
237,47.431621080720475,0.5,0.2,0.5,0.0,0.011979245588595153,0.28646347221174834,0.017608774826389045,0.683948507373267,0.8195559771301015
238,47.631754503002,0.5,0.2,0.5,0.0,0.012188792165717383,0.2863838649878828,0.017907686559533318,0.683519656286866,0.8195559771301015
239,47.83188792528352,0.5,0.2,0.5,0.0,0.012401971204007104,0.28630892858154144,0.01821122662466646,0.6830778735897846,0.8195559771301015
240,48.03202134756504,0.5,0.2,0.5,0.0,0.01261883628191237,0.2862383443738699,0.01851945504380619,0.682623364300411,0.8195559771301015
241,48.23215476984656,0.5,0.2,0.5,0.0,0.012839441817934744,0.2861718147894038,0.018832432055571,0.68215631133709,0.8195559771301015
242,48.432288192128084,0.5,0.2,0.5,0.0,0.01306384306909585,0.2861090623480608,0.019150218100460317,0.6816768764823825,0.8195559771301015
243,48.6324216144096,0.5,0.2,0.5,0.0,0.013292096126922915,0.2860498280609444,0.019472873803796333,0.681185202008336,0.8195559771301015
244,48.832555036691126,0.5,0.2,0.5,0.0,0.013524257911372945,0.28599386919810443,0.01980045995496159,0.6806814129355606,0.8195559771301015
245,49.03268845897264,0.5,0.2,0.5,0.0,0.013760386171860766,0.2859409594148388,0.020133037493230924,0.680165616920069,0.8195559771301015
246,49.23282188125417,0.5,0.2,0.5,0.0,0.014000539484054497,0.2858908875830594,0.020470667488146906,0.6796379054447388,0.8195559771301015
247,49.432955303535685,0.5,0.2,0.5,0.0,0.01424477724533035,0.2858434564175123,0.020813411118359958,0.679098355218797,0.8195559771301015
248,49.63308872581721,0.5,0.2,0.5,0.0,0.014493159669530395,0.28579848103546,0.02116132964924842,0.6785470296457609,0.8195559771301015
249,49.83322214809873,0.5,0.2,0.5,0.0,0.014745747788141238,0.28575578913995453,0.02151448441364162,0.6779839786582623,0.8195559771301015
250,50.03335557038025,0.5,0.2,0.5,0.0,0.01500260344598888,0.2857152199662839,0.02187293678822829,0.6774092397994987,0.8195559771301015
251,50.23348899266177,0.5,0.2,0.5,0.0,0.015263789295088074,0.2856766229982531,0.02223674816794945,0.6768228395387091,0.8195559771301015
252,50.433622414943294,0.5,0.2,0.5,0.0,0.015529368791768569,0.28563985742188586,0.022605979941503578,0.6762247938448418,0.8195559771301015
253,50.63375583722481,0.5,0.2,0.5,0.0,0.015799406195191497,0.28560479193829097,0.022980693466806496,0.6756151083997108,0.8195559771301015
254,50.833889259506336,0.5,0.2,0.5,0.0,0.016073966562485168,0.2855713039879193,0.023360950043412102,0.6749937794061832,0.8195559771301015
255,51.03402268178785,0.5,0.2,0.5,0.0,0.016353115741392654,0.28553927861694794,0.023746810881690863,0.6743607947599682,0.8195559771301015
256,51.23415610406938,0.5,0.2,0.5,0.0,0.016636920368559897,0.2855086084563196,0.02413833707592796,0.6737161340991923,0.8195559771301015
257,51.4342895263509,0.5,0.2,0.5,0.0,0.016925447865268815,0.2854791933138635,0.02453558957436261,0.6730597692465048,0.8195559771301015
258,51.63442294863242,0.5,0.2,0.5,0.0,0.017218766431381073,0.28545093956983075,0.02493862914712514,0.6723916648516628,0.8195559771301015
259,51.834556370913944,0.5,0.2,0.5,0.0,0.017516945036817954,0.28542375934712794,0.02534751635207125,0.6717117792639826,0.8195559771301015
260,52.03468979319546,0.5,0.2,0.5,0.0,0.01782005341985564,0.28539757064917837,0.0257623115033547,0.6710200644276111,0.8195559771301015
261,52.234823215476986,0.5,0.2,0.5,0.0,0.018128162080341827,0.285372296904253,0.026183074636338777,0.6703164663790662,0.8195559771301015
262,52.4349566377585,0.5,0.2,0.5,0.0,0.018441342271436668,0.28534786643714233,0.026609865470793553,0.6696009258206272,0.8195559771301015
263,52.63509006004003,0.5,0.2,0.5,0.0,0.018759665991280226,0.2853242120046818,0.02704274337312517,0.6688733786309126,0.8195559771301015
264,52.835223482321545,0.5,0.2,0.5,0.0,0.019083205978987643,0.28530127086412693,0.027481767319985462,0.6681337558368997,0.8195559771301015
265,53.03535690460307,0.5,0.2,0.5,0.0,0.01941203570691673,0.28527898432130516,0.027926995861486135,0.6673819841102918,0.8195559771301015
266,53.23549032688459,0.5,0.2,0.5,0.0,0.019746229364147747,0.28525729756888063,0.028378487064105985,0.6666179860028655,0.8195559771301015
267,53.43562374916611,0.5,0.2,0.5,0.0,0.020085861859207247,0.2852361589143173,0.028836298498603013,0.6658416807278722,0.8195559771301015
268,53.63575717144763,0.5,0.2,0.5,0.0,0.02043100880257005,0.28521552028642416,0.029300487170814474,0.6650529837401912,0.8195559771301015
269,53.835890593729154,0.5,0.2,0.5,0.0,0.020781746499639302,0.2851953366895753,0.02977110948852861,0.6642518073222566,0.8195559771301015
270,54.03602401601067,0.5,0.2,0.5,0.0,0.021138151934507,0.28517556575320824,0.030248221213040275,0.6634380610992444,0.8195559771301015
271,54.236157438292196,0.5,0.2,0.5,0.0,0.021500302765692286,0.2851561679437501,0.03073187741505702,0.6626116518755005,0.8195559771301015
272,54.43629086057371,0.5,0.2,0.5,0.0,0.02186827731461779,0.28513710637492606,0.03122213242796746,0.6617724838824885,0.8195559771301015
273,54.63642428285524,0.5,0.2,0.5,0.0,0.022242154554139817,0.2851183466210383,0.03171903980112943,0.6609204590236923,0.8195559771301015
274,54.836557705136755,0.5,0.2,0.5,0.0,0.022622014081952746,0.28509985631100365,0.03222265223561642,0.660055477371427,0.8195559771301015
275,55.03669112741828,0.5,0.2,0.5,0.0,0.023007936104890905,0.28508160490162665,0.032733021532186685,0.6591774374612956,0.8195559771301015
276,55.2368245496998,0.5,0.2,0.5,0.0,0.02340000145079324,0.28506356390421894,0.033250198570166666,0.658286236074821,0.8195559771301015
277,55.43695797198132,0.5,0.2,0.5,0.0,0.023798291545817096,0.28504570654293443,0.033774233247582275,0.657381768663666,0.8195559771301015
278,55.63709139426284,0.5,0.2,0.5,0.0,0.024202888395621888,0.28502800766340314,0.03430517442268096,0.6564639295182939,0.8195559771301015
279,55.837224816544364,0.5,0.2,0.5,0.0,0.024613874516492513,0.285010444172722,0.03484306977789705,0.6555326115328883,0.8195559771301015
280,56.03735823882588,0.5,0.2,0.5,0.0,0.025031332983212928,0.2849929942417578,0.03538796586467002,0.6545877069103591,0.8195559771301015
281,56.237491661107406,0.5,0.2,0.5,0.0,0.025455347407501973,0.2849756372435725,0.03593990804069949,0.6536291073082259,0.8195559771301015
282,56.43762508338892,0.5,0.2,0.5,0.0,0.02588600191576563,0.2849583536990923,0.03649894040614148,0.6526567039790004,0.8195559771301015
283,56.63775850567045,0.5,0.2,0.5,0.0,0.026323381088193057,0.28494112564072893,0.037065105687270034,0.6516703875838079,0.8195559771301015
284,56.837891927951965,0.5,0.2,0.5,0.0,0.02676756992669243,0.2849239366651974,0.03763844516024643,0.6506700482478637,0.8195559771301015
285,57.03802535023349,0.5,0.2,0.5,0.0,0.02721865390986627,0.2849067710483277,0.03821899869593441,0.6496555763458716,0.8195559771301015
286,57.23815877251501,0.5,0.2,0.5,0.0,0.027676718942236018,0.28488961399953006,0.03880680465764765,0.6486268624005862,0.8195559771301015
287,57.43829219479653,0.5,0.2,0.5,0.0,0.028141851326173313,0.28487245162860847,0.039401899832362024,0.6475837972128563,0.8195559771301015
288,57.63842561707805,0.5,0.2,0.5,0.0,0.02861413765752747,0.2848552714033115,0.040004319270377175,0.646526271668784,0.8195559771301015
289,57.83855903935957,0.5,0.2,0.5,0.0,0.029093664896606072,0.2848380614779748,0.04061409633542042,0.6454541772899988,0.8195559771301015
290,58.03869246164109,0.5,0.2,0.5,0.0,0.029580520336934455,0.28482081068025306,0.04123126263207447,0.6443674063507381,0.8195559771301015
291,58.238825883922615,0.5,0.2,0.5,0.0,0.030074791571116262,0.28480350851651776,0.041855847929726096,0.64326585198264,0.8195559771301015
292,58.43895930620413,0.5,0.2,0.5,0.0,0.03057656641248671,0.28478614538617397,0.0424878800502962,0.6421494081510432,0.8195559771301015
293,58.63909272848566,0.5,0.2,0.5,0.0,0.031085932848056053,0.2847687126365754,0.04312738478416992,0.6410179697311987,0.8195559771301015
294,58.839226150767175,0.5,0.2,0.5,0.0,0.0316029791052969,0.28475120203797644,0.04377438590872744,0.6398714329479993,0.8195559771301015
295,59.0393595730487,0.5,0.2,0.5,0.0,0.032127793584523126,0.2847336059432101,0.0444289050857405,0.6387096953865263,0.8195559771301015
296,59.23949299533022,0.5,0.2,0.5,0.0,0.03266046481728164,0.2847159172868727,0.04509096178594876,0.637532656109897,0.8195559771301015
297,59.43962641761174,0.5,0.2,0.5,0.0,0.03320108131137618,0.2846981299498049,0.04576057313981082,0.6363402155990081,0.8195559771301015
298,59.63975983989326,0.5,0.2,0.5,0.0,0.03374973167982059,0.28468023820772104,0.04643775397328007,0.6351322761391783,0.8195559771301015
299,59.83989326217478,0.5,0.2,0.5,0.0,0.034306504590298,0.28466223675881963,0.047122516726612024,0.6339087419242704,0.8195559771301015
300,60.0400266844563,0.5,0.2,0.5,0.0,0.0348714887141983,0.2846441207527547,0.047814871372896445,0.6326695191601506,0.8195559771301015
301,60.240160106737825,0.5,0.2,0.5,0.0,0.035444772696780286,0.28462588575146663,0.048514825350355915,0.6314145162013972,0.8195559771301015
302,60.44029352901934,0.5,0.2,0.5,0.0,0.036026445000911074,0.2846075280073773,0.04922238344003926,0.6301436435516724,0.8195559771301015
303,60.64042695130087,0.5,0.2,0.5,0.0,0.036616593781381365,0.28458904466482987,0.049937547656721544,0.6288568138970673,0.8195559771301015
304,60.840560373582385,0.5,0.2,0.5,0.0,0.037215307150113036,0.2845704329802534,0.05066031730863925,0.6275539425609944,0.8195559771301015
305,61.04069379586391,0.5,0.2,0.5,0.0,0.037822673008318194,0.2845516906294297,0.05139068887018208,0.6262349474920701,0.8195559771301015
306,61.24082721814543,0.5,0.2,0.5,0.0,0.03843877900697452,0.28453281569264066,0.052128655910007315,0.6248997493903776,0.8195559771301015
307,61.44096064042695,0.5,0.2,0.5,0.0,0.039063712498650274,0.284513806649679,0.05287420901955728,0.6235482718321135,0.8195559771301015
308,61.64109406270847,0.5,0.2,0.5,0.0,0.03969756025451002,0.28449466272561497,0.05362733572351736,0.6221804412963577,0.8195559771301015
309,61.84122748498999,0.5,0.2,0.5,0.0,0.04034040865851664,0.2844753835237614,0.054388020426973965,0.620796187390748,0.8195559771301015
310,62.04136090727151,0.5,0.2,0.5,0.0,0.040992343698231314,0.2844559689624661,0.05515624434692905,0.6193954429923736,0.8195559771301015
311,62.241494329553035,0.5,0.2,0.5,0.0,0.04165345085820529,0.2844364193574058,0.055931985436323765,0.6179781443480652,0.8195559771301015
312,62.44162775183455,0.5,0.2,0.5,0.0,0.042323815076867534,0.2844167354090344,0.056715218312944966,0.6165442312011532,0.8195559771301015
313,62.64176117411608,0.5,0.2,0.5,0.0,0.04300352061892624,0.28439691828516367,0.057505914213530726,0.6150936468823793,0.8195559771301015
314,62.841894596397594,0.5,0.2,0.5,0.0,0.043692650845792866,0.2843769698183725,0.05830404097829081,0.6136263383575438,0.8195559771301015
315,63.04202801867912,0.5,0.2,0.5,0.0,0.044391288517228164,0.28435689210525195,0.05910956287698727,0.6121422565005326,0.8195559771301015
316,63.242161440960636,0.5,0.2,0.5,0.0,0.045099515618052824,0.2843366876404348,0.05992244057666696,0.6106413561648455,0.8195559771301015
317,63.44229486324216,0.5,0.2,0.5,0.0,0.04581741329578594,0.2843163593257185,0.060742631076309825,0.6091235963021857,0.8195559771301015
318,63.64242828552368,0.5,0.2,0.5,0.0,0.04654506180831276,0.28429591046741115,0.061570087639654936,0.6075889400846212,0.8195559771301015
319,63.8425617078052,0.5,0.2,0.5,0.0,0.047282540245268775,0.28427534498254353,0.062404759906454034,0.6060373548657337,0.8195559771301015
320,64.04269513008673,0.5,0.2,0.5,0.0,0.04802992661224948,0.2842546672701826,0.06324659371763316,0.6044688123999348,0.8195559771301015
321,64.24282855236824,0.5,0.2,0.5,0.0,0.04878729790646244,0.28423388209064326,0.06409553094720227,0.6028832890556921,0.8195559771301015
322,64.44296197464976,0.5,0.2,0.5,0.0,0.04955472996540952,0.284212994654201,0.06495150951313312,0.6012807658672564,0.8195559771301015
323,64.64309539693129,0.5,0.2,0.5,0.0,0.05033229741001193,0.28419201062263033,0.06581446331376706,0.5996612286535907,0.8195559771301015
324,64.84322881921281,0.5,0.2,0.5,0.0,0.05112007354070409,0.2841709361389932,0.0666843222289123,0.5980246680913904,0.8195559771301015
325,65.04336224149432,0.5,0.2,0.5,0.0,0.051918130055573684,0.2841497779643167,0.06756101236570419,0.5963710796144055,0.8195559771301015
326,65.24349566377585,0.5,0.2,0.5,0.0,0.052726537315096404,0.28412854328595405,0.06844445555266156,0.594700463846288,0.8195559771301015
327,65.44362908605737,0.5,0.2,0.5,0.0,0.05354536419771953,0.28410723977170577,0.06933456939650193,0.5930128266340728,0.8195559771301015
328,65.6437625083389,0.5,0.2,0.5,0.0,0.05437467801084099,0.2840858755906668,0.07023126726276543,0.5913081791357268,0.8195559771301015
329,65.8438959306204,0.5,0.2,0.5,0.0,0.05521454442751107,0.28406445941862357,0.07113445822105781,0.5895865379328076,0.8195559771301015
330,66.04402935290193,0.5,0.2,0.5,0.0,0.056065027280260436,0.28404300052475984,0.07204404730973249,0.5878479248852473,0.8195559771301015
331,66.24416277518345,0.5,0.2,0.5,0.0,0.056926188494968735,0.28402150877866533,0.07295993548746739,0.5860923672388986,0.8195559771301015
332,66.44429619746498,0.5,0.2,0.5,0.0,0.05779808822290537,0.28399999454456637,0.07388201914176927,0.584319898090759,0.8195559771301015
333,66.64442961974649,0.5,0.2,0.5,0.0,0.05868078466914797,0.2839784687483458,0.07481019027631722,0.582530556306189,0.8195559771301015
334,66.84456304202801,0.5,0.2,0.5,0.0,0.05957433402350173,0.28395694288623113,0.07574433646913534,0.5807243866211319,0.8195559771301015
335,67.04469646430954,0.5,0.2,0.5,0.0,0.060478790374576326,0.28393542904211455,0.07668434089213132,0.5789014396911778,0.8195559771301015
336,67.24482988659106,0.5,0.2,0.5,0.0,0.06139420546610958,0.2839139399857893,0.0776300829041511,0.5770617716439501,0.8195559771301015
337,67.44496330887257,0.5,0.2,0.5,0.0,0.06232062882861278,0.28389248907867465,0.07858143727954753,0.575205444813165,0.8195559771301015
338,67.6450967311541,0.5,0.2,0.5,0.0,0.0632581076883647,0.28387109029374447,0.07953827424620129,0.5733325277716895,0.8195559771301015
339,67.84523015343562,0.5,0.2,0.5,0.0,0.06420668686202749,0.2838497582428296,0.08050045957581052,0.5714430953193325,0.8195559771301015
340,68.04536357571715,0.5,0.2,0.5,0.0,0.06516640868307044,0.2838285081876058,0.08146785455854508,0.5695372285707787,0.8195559771301015
341,68.24549699799866,0.5,0.2,0.5,0.0,0.06613731287763677,0.2838073560747831,0.08244031632848317,0.5676150147190969,0.8195559771301015
342,68.44563042028018,0.5,0.2,0.5,0.0,0.06711943643905241,0.28378631857194536,0.08341769819847386,0.5656765467905284,0.8195559771301015
343,68.6457638425617,0.5,0.2,0.5,0.0,0.06811281368931334,0.2837654130138833,0.08439984869766151,0.5637219245991418,0.8195559771301015
344,68.84589726484323,0.5,0.2,0.5,0.0,0.0691174761451569,0.2837446574424733,0.08538661196489075,0.5617512544474791,0.8195559771301015
345,69.04603068712474,0.5,0.2,0.5,0.0,0.07013345243956562,0.28372407062002014,0.08637782775749524,0.559764649182919,0.8195559771301015
346,69.24616410940627,0.5,0.2,0.5,0.0,0.07116076824411788,0.2837036720427757,0.08737333148069569,0.5577622282324107,0.8195559771301015
347,69.44629753168779,0.5,0.2,0.5,0.0,0.07219944616154518,0.28368348198375526,0.08837295510923823,0.5557441167454613,0.8195559771301015
348,69.64643095396931,0.5,0.2,0.5,0.0,0.07324950567776166,0.2836635214770706,0.08937652632796642,0.5537104465172012,0.8195559771301015
349,69.84656437625083,0.5,0.2,0.5,0.0,0.07431096309098996,0.28364381232478564,0.0903838683583089,0.5516613562259154,0.8195559771301015
350,70.04669779853235,0.5,0.2,0.5,0.0,0.07538383142544049,0.2836243771189627,0.0913948002473738,0.5495969912082229,0.8195559771301015
351,70.24683122081387,0.5,0.2,0.5,0.0,0.07646812035412162,0.2836052392547282,0.09240913688356384,0.5475175035075863,0.8195559771301015
352,70.4469646430954,0.5,0.2,0.5,0.0,0.0775638361234642,0.2835864229432754,0.09342668906125705,0.5454230518720032,0.8195559771301015
353,70.64709806537691,0.5,0.2,0.5,0.0,0.0786709815246231,0.2835679532232282,0.09444726480832602,0.5433138004438226,0.8195559771301015
354,70.84723148765843,0.5,0.2,0.5,0.0,0.07978955577151374,0.28354985597527893,0.09547066819040252,0.5411899200628046,0.8195559771301015
355,71.04736490993996,0.5,0.2,0.5,0.0,0.08091955441489426,0.2835321579355606,0.09649669909035076,0.5390515885591943,0.8195559771301015
356,71.24749833222148,0.5,0.2,0.5,0.0,0.08206096928053853,0.28351488670817365,0.09752515363950208,0.5368989903717856,0.8195559771301015
357,71.44763175450299,0.5,0.2,0.5,0.0,0.0832137883931288,0.28349807077821443,0.09855582426254374,0.5347323165661129,0.8195559771301015
358,71.64776517678452,0.5,0.2,0.5,0.0,0.0843779959085935,0.28348173952325273,0.09958849977020096,0.5325517647979527,0.8195559771301015
359,71.84789859906604,0.5,0.2,0.5,0.0,0.08555357226256527,0.28346592318514047,0.10062296667502454,0.5303575378772697,0.8195559771301015
360,72.04803202134757,0.5,0.2,0.5,0.0,0.08674049388660002,0.2834506529211587,0.10165900806097868,0.5281498451312626,0.8195559771301015
361,72.24816544362908,0.5,0.2,0.5,0.0,0.08793873309204323,0.28343596082439276,0.10269640340180547,0.5259289026817584,0.8195559771301015
362,72.4482988659106,0.5,0.2,0.5,0.0,0.08914825806492699,0.2834218799237274,0.10373492900775215,0.5236949330035934,0.8195559771301015
363,72.64843228819213,0.5,0.2,0.5,0.0,0.09036903279487107,0.2834084441959553,0.10477435809880693,0.5214481649103666,0.8195559771301015
364,72.84856571047365,0.5,0.2,0.5,0.0,0.09160101701799314,0.2833956885747613,0.10581446092643167,0.5191888334808138,0.8195559771301015
365,73.04869913275516,0.5,0.2,0.5,0.0,0.09284416651628219,0.28338364888020323,0.10685500612935711,0.5169171784741574,0.8195559771301015
366,73.24883255503669,0.5,0.2,0.5,0.0,0.09409843270336798,0.2833723619073508,0.10789575961890877,0.5146334457703723,0.8195559771301015
367,73.44896597731821,0.5,0.2,0.5,0.0,0.09536376248804046,0.283361865452977,0.10893648442589363,0.5123378876330889,0.8195559771301015
368,73.64909939959973,0.5,0.2,0.5,0.0,0.09664009832005911,0.28335219830159175,0.10997694117856559,0.5100307621997834,0.8195559771301015
369,73.84923282188124,0.5,0.2,0.5,0.0,0.09792737812731456,0.28334340023570903,0.11101688820445821,0.507712333432518,0.8195559771301015
370,74.04936624416277,0.5,0.2,0.5,0.0,0.09922553527184476,0.2833355120411067,0.11205608167838849,0.5053828710086599,0.8195559771301015
371,74.2494996664443,0.5,0.2,0.5,0.0,0.1005344989829071,0.28332857538542283,0.11309427693870515,0.5030426486929647,0.8195559771301015
372,74.44963308872582,0.5,0.2,0.5,0.0,0.10185419383412093,0.28332263295056287,0.11413122746259846,0.5006919457527176,0.8195559771301015
373,74.64976651100733,0.5,0.2,0.5,0.0,0.10318453959397912,0.2833177284659724,0.11516668475573881,0.4983310471843095,0.8195559771301015
374,74.84989993328885,0.5,0.2,0.5,0.0,0.10452545131919476,0.2833139066774347,0.11620039883658384,0.4959602431667865,0.8195559771301015
375,75.05003335557038,0.5,0.2,0.5,0.0,0.10587683930291521,0.2833112133544026,0.11723211836527744,0.49357982897740454,0.8195559771301015
376,75.2501667778519,0.5,0.2,0.5,0.0,0.10723860904874954,0.2833096952911679,0.11826159081023642,0.49119010484984593,0.8195559771301015
377,75.45030020013341,0.5,0.2,0.5,0.0,0.10861066189423497,0.2833094001529934,0.11928856356293094,0.4887913743898405,0.8195559771301015
378,75.65043362241494,0.5,0.2,0.5,0.0,0.10999289433171171,0.28331037663320646,0.1203127831508556,0.486383945884226,0.8195559771301015
379,75.85056704469646,0.5,0.2,0.5,0.0,0.11138519783973252,0.28331267448841524,0.12133399519589147,0.4839681324759606,0.8195559771301015
380,76.05070046697799,0.5,0.2,0.5,0.0,0.11278745904352792,0.28331634449517046,0.12235194485309549,0.48154425160820596,0.8195559771301015
381,76.2508338892595,0.5,0.2,0.5,0.0,0.11419955967826477,0.28332143845370605,0.12336637696156462,0.4791126249064644,0.8195559771301015
382,76.45096731154102,0.5,0.2,0.5,0.0,0.11562137658258323,0.2833280091840796,0.12437703622350872,0.4766735780098283,0.8195559771301015
383,76.65110073382255,0.5,0.2,0.5,0.0,0.1170527824496258,0.2833361103321829,0.1253836680890394,0.4742274391291518,0.8195559771301015
384,76.85123415610407,0.5,0.2,0.5,0.0,0.11849364505730389,0.28334579655746284,0.12638601822414358,0.4717745401610895,0.8195559771301015
385,77.0513675783856,0.5,0.2,0.5,0.0,0.11994382709666444,0.2833571235705192,0.12738383253587604,0.46931521679694016,0.8195559771301015
386,77.2515010006671,0.5,0.2,0.5,0.0,0.12140318638228162,0.28337014807481486,0.12837685755346426,0.4668498079894391,0.8195559771301015
387,77.45163442294863,0.5,0.2,0.5,0.0,0.12287157583306038,0.2833849277660126,0.12936484059551848,0.4643786558054084,0.8195559771301015
388,77.65176784523015,0.5,0.2,0.5,0.0,0.12434884348686426,0.2834015213226671,0.13034752995310062,0.46190210523736785,0.8195559771301015
389,77.85190126751168,0.5,0.2,0.5,0.0,0.1258348333566295,0.28341998818186354,0.13132467546735171,0.45942050299415504,0.8195559771301015
390,78.05203468979319,0.5,0.2,0.5,0.0,0.12732938459548285,0.2834403887470144,0.1322960283142409,0.4569341983432617,0.8195559771301015
391,78.25216811207471,0.5,0.2,0.5,0.0,0.12883233132918948,0.28346278442511025,0.1332613411022139,0.45444354314348623,0.8195559771301015
392,78.45230153435624,0.5,0.2,0.5,0.0,0.13034350291101307,0.28348723755601724,0.13422036816790292,0.45194889136506666,0.8195559771301015
393,78.65243495663776,0.5,0.2,0.5,0.0,0.1318627239220062,0.2835138114068337,0.1351728657524732,0.4494505989186868,0.8195559771301015
394,78.85256837891927,0.5,0.2,0.5,0.0,0.1333898142079386,0.28354257015704476,0.1361185921790223,0.44694902345599424,0.8195559771301015
395,79.0527018012008,0.5,0.2,0.5,0.0,0.13492458982259492,0.28357357865604615,0.13705730805602478,0.44444452346533403,0.8195559771301015
396,79.25283522348232,0.5,0.2,0.5,0.0,0.13646686214795922,0.2836069026385357,0.13798877642838775,0.44193745878511725,0.8195559771301015
397,79.45296864576385,0.5,0.2,0.5,0.0,0.13801643773631653,0.28364260875859876,0.13891276294925184,0.4394281905558328,0.8195559771301015
398,79.65310206804536,0.5,0.2,0.5,0.0,0.13957311860521793,0.2836807645100578,0.13982903606480532,0.43691708081991887,0.8195559771301015
399,79.85323549032688,0.5,0.2,0.5,0.0,0.14113670225875694,0.2837214382155586,0.14073736719123378,0.4344044923344506,0.8195559771301015
400,80.0533689126084,0.5,0.2,0.5,0.0,0.14270698175073643,0.28376469900491397,0.14163753087626782,0.43189078836808187,0.8195559771301015
401,80.25350233488993,0.5,0.2,0.5,0.0,0.14428374675539954,0.28381061653508166,0.14252930459030538,0.4293763321192135,0.8195559771301015
402,80.45363575717144,0.5,0.2,0.5,0.0,0.1458667825338255,0.2838592612497498,0.143412469291183,0.4268614869252418,0.8195559771301015
403,80.65376917945296,0.5,0.2,0.5,0.0,0.14745586979948416,0.28391070440835386,0.14428680965837587,0.4243466161337862,0.8195559771301015
404,80.85390260173449,0.5,0.2,0.5,0.0,0.14905078507417918,0.28396501798934487,0.1451521141469077,0.4218320827895683,0.8195559771301015
405,81.05403602401601,0.5,0.2,0.5,0.0,0.15065130072695465,0.28402227467475466,0.14600817515781872,0.419318249440472,0.8195559771301015
406,81.25416944629752,0.5,0.2,0.5,0.0,0.15225718501300065,0.28408254783476106,0.1468547892086334,0.41680547794360495,0.8195559771301015
407,81.45430286857905,0.5,0.2,0.5,0.0,0.15386820247289715,0.2841459114186963,0.14769175684401853,0.41429412926438824,0.8195559771301015
408,81.65443629086057,0.5,0.2,0.5,0.0,0.1554841151997718,0.284212439620713,0.1485188819206578,0.4117845632588576,0.8195559771301015
409,81.8545697131421,0.5,0.2,0.5,0.0,0.15710468073913872,0.2842822074197297,0.1493359733200273,0.4092771385211045,0.8195559771301015
410,82.05470313542361,0.5,0.2,0.5,0.0,0.1587296528283358,0.2843552903821117,0.15014284461376706,0.4067722121757856,0.8195559771301015
411,82.25483655770513,0.5,0.2,0.5,0.0,0.16035878159057174,0.28443176460595676,0.15093931412228967,0.404270139681182,0.8195559771301015
412,82.45496997998666,0.5,0.2,0.5,0.0,0.16199181359810735,0.284511706699357,0.15172520506774442,0.40177127463479134,0.8195559771301015
413,82.65510340226818,0.5,0.2,0.5,0.0,0.1636284919354377,0.28459519375866127,0.15250034572698204,0.3992759685789191,0.8195559771301015
414,82.85523682454969,0.5,0.2,0.5,0.0,0.16526855705216922,0.28468230313798876,0.15326456858430987,0.39678457122553235,0.8195559771301015
415,83.05537024683122,0.5,0.2,0.5,0.0,0.16691174679264362,0.284773112436362,0.15401771052696117,0.39429743024403346,0.8195559771301015
416,83.25550366911274,0.5,0.2,0.5,0.0,0.1685577952740957,0.28486769978921916,0.15475961449898026,0.39181489043770507,0.8195559771301015
417,83.45563709139427,0.5,0.2,0.5,0.0,0.17020643361405743,0.28496614367109563,0.15549012881290064,0.3893372939019465,0.8195559771301015
418,83.65577051367578,0.5,0.2,0.5,0.0,0.17185739001479958,0.285068522868266,0.1562091072757814,0.3868649798411532,0.8195559771301015
419,83.8559039359573,0.5,0.2,0.5,0.0,0.17351038984636621,0.285174916451759,0.15691640931702797,0.384398284384847,0.8195559771301015
420,84.05603735823883,0.5,0.2,0.5,0.0,0.17516515579269715,0.28528540373264155,0.15761189999934905,0.3819375404753125,0.8195559771301015
421,84.25617078052035,0.5,0.2,0.5,0.0,0.17682140896561796,0.2854000639453015,0.15829544823690186,0.3794830788521789,0.8195559771301015
422,84.45630420280186,0.5,0.2,0.5,0.0,0.17847886782951558,0.28551897654599834,0.15896692906877927,0.377035226555707,0.8195559771301015
423,84.65643762508338,0.5,0.2,0.5,0.0,0.1801372482791919,0.2856422211873339,0.15962622379642735,0.3745943067370471,0.8195559771301015
424,84.85657104736491,0.5,0.2,0.5,0.0,0.18179626400079021,0.2857698776131696,0.16027321959671312,0.3721606387893273,0.8195559771301015
425,85.05670446964643,0.5,0.2,0.5,0.0,0.18345562657180162,0.2859020256268715,0.1609078096183075,0.36973453818301955,0.8195559771301015
426,85.25683789192794,0.5,0.2,0.5,0.0,0.18511504556107033,0.2860387450595553,0.16152989307806795,0.36731631630130657,0.8195559771301015
427,85.45697131420947,0.5,0.2,0.5,0.0,0.18677422887905376,0.2861801156619057,0.16213937470299553,0.3649062807560452,0.8195559771301015
428,85.657104736491,0.5,0.2,0.5,0.0,0.18843288349621815,0.28632621688357013,0.1627361632094951,0.3625047364107168,0.8195559771301015
429,85.85723815877252,0.5,0.2,0.5,0.0,0.1900907143374945,0.2864771282095686,0.16332017455233155,0.3601119829006056,0.8195559771301015
430,86.05737158105403,0.5,0.2,0.5,0.0,0.19174742482541998,0.2866329289932084,0.16389133086218977,0.3577283153191821,0.8195559771301015
431,86.25750500333555,0.5,0.2,0.5,0.0,0.19340271704781686,0.28679369840366276,0.1644495603650904,0.35535402418343015,0.8195559771301015
432,86.45763842561708,0.5,0.2,0.5,0.0,0.1950562918715635,0.2869595153900114,0.16499479744277337,0.35298939529565193,0.8195559771301015
433,86.6577718478986,0.5,0.2,0.5,0.0,0.1967078490564539,0.2871304586452488,0.16552698269271712,0.35063470960558035,0.8195559771301015
434,86.85790527018011,0.5,0.2,0.5,0.0,0.19835708776284902,0.28730660642282035,0.16604606134289815,0.3482902444714327,0.8195559771301015
435,87.05803869246164,0.5,0.2,0.5,0.0,0.20000370653102115,0.2874880365510053,0.16655198387381245,0.34595627304416127,0.8195559771301015
436,87.25817211474316,0.5,0.2,0.5,0.0,0.20164740297517372,0.28767482655415133,0.1670447078325751,0.34363306263810006,0.8195559771301015
437,87.45830553702469,0.5,0.2,0.5,0.0,0.2032878741613802,0.2878670535177868,0.16752419678961913,0.34132087553121404,0.8195559771301015
438,87.6584389593062,0.5,0.2,0.5,0.0,0.20492481673002855,0.28806479404941404,0.16799042036284417,0.3390199688577134,0.8195559771301015
439,87.85857238158772,0.5,0.2,0.5,0.0,0.20655792701826642,0.28826812423930226,0.16844335424176493,0.33673059450066656,0.8195559771301015
440,88.05870580386924,0.5,0.2,0.5,0.0,0.20818690120623343,0.28847711960745337,0.16888298002431787,0.33445299916199545,0.8195559771301015
441,88.25883922615077,0.5,0.2,0.5,0.0,0.20981143570882904,0.28869185490785265,0.1693092831200024,0.33218742626331604,0.8195559771301015
442,88.45897264843228,0.5,0.2,0.5,0.0,0.21143122696517477,0.2889124042828059,0.16972225539637778,0.3299341133556417,0.8195559771301015
443,88.6591060707138,0.5,0.2,0.5,0.0,0.21304597159384803,0.28913884120467426,0.1701218949449902,0.3276932922564877,0.8195559771301015
444,88.85923949299533,0.5,0.2,0.5,0.0,0.21465536657700574,0.289371238400816,0.17050820561977248,0.3254651894024059,0.8195559771301015
445,89.05937291527685,0.5,0.2,0.5,0.0,0.21625910938725404,0.2896096678118081,0.17088119702634835,0.32325002577458967,0.8195559771301015
446,89.25950633755836,0.5,0.2,0.5,0.0,0.21785689811451728,0.2898542005496668,0.17124088451133637,0.3210480168244797,0.8195559771301015
447,89.45963975983989,0.5,0.2,0.5,0.0,0.2194484316047344,0.29010490681208234,0.1715872884653019,0.31885937311788143,0.8195559771301015
448,89.65977318212141,0.5,0.2,0.5,0.0,0.22103340960721996,0.29036185576442275,0.17192043312281588,0.3166843015055415,0.8195559771301015
449,89.85990660440294,0.5,0.2,0.5,0.0,0.22261153285544621,0.2906251156693671,0.17224034922637266,0.3145230022488141,0.8195559771301015
450,90.06004002668445,0.5,0.2,0.5,0.0,0.22418250321255895,0.29089475377577445,0.17254707293355748,0.3123756700781092,0.8195559771301015
451,90.26017344896597,0.5,0.2,0.5,0.0,0.2257460238002259,0.29117083626954465,0.1728406456915074,0.310242494238722,0.8195559771301015
452,90.4603068712475,0.5,0.2,0.5,0.0,0.22730179912604573,0.29145342822983056,0.17312111419486303,0.3081236584492607,0.8195559771301015
453,90.66044029352902,0.5,0.2,0.5,0.0,0.2288495352102234,0.2917425935849337,0.17338853033798723,0.30601934086685567,0.8195559771301015
454,90.86057371581053,0.5,0.2,0.5,0.0,0.23038893954588144,0.29203839499660966,0.17364294986819445,0.30392971558931436,0.8195559771301015
455,91.06070713809206,0.5,0.2,0.5,0.0,0.23191972132195537,0.29234089385737005,0.1738844330892654,0.30185495173140914,0.8195559771301015
456,91.26084056037358,0.5,0.2,0.5,0.0,0.23344159167325507,0.2926501502994746,0.1741130457770865,0.29979521225018374,0.8195559771301015
457,91.4609739826551,0.5,0.2,0.5,0.0,0.23495426371769473,0.29296622311233694,0.17432885843346527,0.297750654736503,0.8195559771301015
458,91.66110740493662,0.5,0.2,0.5,0.0,0.23645745268039214,0.2932891696973116,0.17453194621823798,0.2957214314040582,0.8195559771301015
459,91.86124082721814,0.5,0.2,0.5,0.0,0.23795087601776865,0.293619046022482,0.1747223888813773,0.293707689078372,0.8195559771301015
460,92.06137424949966,0.5,0.2,0.5,0.0,0.23943425349681466,0.29395590656982895,0.1749002705492468,0.2917095693841095,0.8195559771301015
461,92.26150767178119,0.5,0.2,0.5,0.0,0.24090730695468776,0.2942998042280783,0.17506567847090057,0.28972721034633336,0.8195559771301015
462,92.4616410940627,0.5,0.2,0.5,0.0,0.24236976091478646,0.29465079033109,0.17521870455069646,0.28776074420342707,0.8195559771301015
463,92.66177451634422,0.5,0.2,0.5,0.0,0.2438213426238904,0.2950089145978691,0.17535944499750403,0.2858102977807364,0.8195559771301015
464,92.86190793862575,0.5,0.2,0.5,0.0,0.24526178210508076,0.2953742250752574,0.1754880000252517,0.2838759927944101,0.8195559771301015
465,93.06204136090727,0.5,0.2,0.5,0.0,0.24669081227575154,0.2957467680916865,0.17560447376522742,0.28195794586733447,0.8195559771301015
466,93.26217478318878,0.5,0.2,0.5,0.0,0.2481081690656207,0.2961265882109307,0.17570897417837916,0.28005626854506943,0.8195559771301015
467,93.46230820547031,0.5,0.2,0.5,0.0,0.2495135913206993,0.29651372816855953,0.17580161261942304,0.278171067891318,0.8195559771301015
468,93.66244162775183,0.5,0.2,0.5,0.0,0.25090682067765474,0.29690822880599715,0.1758825033527902,0.27630244716355784,0.8195559771301015
469,93.86257505003336,0.5,0.2,0.5,0.0,0.2522876023510119,0.2973101290783644,0.17595176455353173,0.274450504017092,0.8195559771301015
470,94.06270847231487,0.5,0.2,0.5,0.0,0.2536556849563815,0.2977194659844051,0.17600951774008164,0.27261533131913174,0.8195559771301015
471,94.26284189459639,0.5,0.2,0.5,0.0,0.2550108206067273,0.2981362745184815,0.17605588765118474,0.27079701722360644,0.8195559771301015
472,94.46297531687792,0.5,0.2,0.5,0.0,0.25635276502214116,0.2985605876236619,0.17609100214480108,0.2689956452093959,0.8195559771301015
473,94.66310873915944,0.5,0.2,0.5,0.0,0.2576812776325856,0.2989924361446585,0.1761149920919179,0.26721129413083794,0.8195559771301015
474,94.86324216144095,0.5,0.2,0.5,0.0,0.2589961211508448,0.2994318487695647,0.1761279908868169,0.2654440391927735,0.8195559771301015
475,95.06337558372248,0.5,0.2,0.5,0.0,0.2602970620852223,0.29987885199146164,0.17613013463767585,0.2636939512856401,0.8195559771301015
476,95.263509006004,0.5,0.2,0.5,0.0,0.2615838711089538,0.30033347006699534,0.17612156225343858,0.2619610965706122,0.8195559771301015
477,95.46364242828552,0.5,0.2,0.5,0.0,0.2628563229322367,0.3007957249644371,0.17610241517060163,0.26024553693272445,0.8195559771301015
478,95.66377585056703,0.5,0.2,0.5,0.0,0.2641141964021738,0.301265636316563,0.17607283724500025,0.25854733003626285,0.8195559771301015
479,95.86390927284856,0.5,0.2,0.5,0.0,0.265357274602717,0.3017432213735334,0.17603297464359485,0.25686652938015464,0.8195559771301015
480,96.06404269513008,0.5,0.2,0.5,0.0,0.26658534485041907,0.3022284949590859,0.175982975720801,0.2552031844696939,0.8195559771301015
481,96.26417611741161,0.5,0.2,0.5,0.0,0.2677981981738923,0.3027214694431494,0.17592299081823115,0.253557341564727,0.8195559771301015
482,96.46430953969312,0.5,0.2,0.5,0.0,0.26899563032607615,0.30322215466570723,0.17585317229181774,0.25192904271639877,0.8195559771301015
483,96.66444296197464,0.5,0.2,0.5,0.0,0.27017744166611357,0.30373055789661213,0.1757736743712505,0.25031832606602367,0.8195559771301015
484,96.86457638425617,0.5,0.2,0.5,0.0,0.2713434371557094,0.3042466837917603,0.17568465303639672,0.24872522601613345,0.8195559771301015
485,97.06470980653769,0.5,0.2,0.5,0.0,0.2724934264483204,0.3047705343463127,0.17558626590749213,0.2471497732978746,0.8195559771301015
486,97.2648432288192,0.5,0.2,0.5,0.0,0.273627223978345,0.30530210884791664,0.17547867213533203,0.24559199503840617,0.8195559771301015
487,97.46497665110073,0.5,0.2,0.5,0.0,0.274744648704085,0.3058414038648926,0.17536203238561537,0.24405191504540685,0.8195559771301015
488,97.66511007338225,0.5,0.2,0.5,0.0,0.2758455239715667,0.3063884132222151,0.17523650879042274,0.24252955401579537,0.8195559771301015
489,97.86524349566378,0.5,0.2,0.5,0.0,0.2769296784596706,0.30694312786829375,0.17510226460564263,0.24102492906639292,0.8195559771301015
490,98.06537691794529,0.5,0.2,0.5,0.0,0.27799694586055546,0.30750553586947577,0.17495946421232245,0.2395380540576462,0.8195559771301015
491,98.26551034022681,0.5,0.2,0.5,0.0,0.27904716494776244,0.3080756223653969,0.17480827301259352,0.23806893967424708,0.8195559771301015
492,98.46564376250834,0.5,0.2,0.5,0.0,0.28008017965404924,0.3086533695233492,0.1746488573229499,0.23661759349965156,0.8195559771301015
493,98.66577718478986,0.5,0.2,0.5,0.0,0.28109583913156155,0.3092387564960714,0.17448138427767557,0.23518402009469136,0.8195559771301015
494,98.86591060707137,0.5,0.2,0.5,0.0,0.28209399715006667,0.30983175950776254,0.17430602211256593,0.23376822122960472,0.8195559771301015
495,99.0660440293529,0.5,0.2,0.5,0.0,0.28307451278518697,0.31043235169020994,0.17412293970752205,0.23237019581708093,0.8195559771301015
496,99.26617745163442,0.5,0.2,0.5,0.0,0.28403725069025343,0.3110405029995736,0.17393230636836218,0.23098993994181066,0.8195559771301015
497,99.46631087391594,0.5,0.2,0.5,0.0,0.2849820809237135,0.31165618021926494,0.17373429186397557,0.22962744699304585,0.8195559771301015
498,99.66644429619745,0.5,0.2,0.5,0.0,0.28590887901519146,0.31227934691659576,0.17352906632636578,0.22828270774184695,0.8195559771301015
499,99.86657771847898,0.5,0.2,0.5,0.0,0.28681752603154864,0.31290996339942734,0.1733168001506943,0.22695571041832957,0.8195559771301015
500,100.0667111407605,0.5,0.2,0.5,0.0,0.2877079084676197,0.3135479867278882,0.1730976640311782,0.22564644077331386,0.8195559771301015
501,100.26684456304203,0.5,0.2,0.5,0.0,0.28857991757523915,0.3141933709025225,0.17287182943224072,0.22435488208999763,0.8195559771301015
502,100.46697798532354,0.5,0.2,0.5,0.0,0.28943345070069265,0.31484606642160007,0.17263946750338877,0.2230810153743185,0.8195559771301015
503,100.66711140760506,0.5,0.2,0.5,0.0,0.29026841096558026,0.3155060203587547,0.17240074927773513,0.2218248193979299,0.8195559771301015
504,100.86724482988659,0.5,0.2,0.5,0.0,0.29108470722498114,0.3161731763535221,0.17215584565564732,0.2205862707658494,0.8195559771301015
505,101.06737825216811,0.5,0.2,0.5,0.0,0.29188225412390384,0.31684747457100804,0.17190492731223775,0.21936534399285035,0.8195559771301015
506,101.26751167444962,0.5,0.2,0.5,0.0,0.29266097215373615,0.3175288516615557,0.17164816460485405,0.2181620115798541,0.8195559771301015
507,101.46764509673115,0.5,0.2,0.5,0.0,0.29342078770869534,0.31821724072041346,0.1713857274805694,0.21697624409032173,0.8195559771301015
508,101.66777851901267,0.5,0.2,0.5,0.0,0.2941616322363614,0.31891257163923376,0.17111778615699058,0.21580800996741437,0.8195559771301015
509,101.8679119412942,0.5,0.2,0.5,0.0,0.2948834424103839,0.3196147710154564,0.1708445109305077,0.2146572756436521,0.8195559771301015
510,102.0680453635757,0.5,0.2,0.5,0.0,0.29558616156537343,0.32032376151576675,0.17056607090710574,0.2135240060117542,0.8195559771301015
511,102.26817878585723,0.5,0.2,0.5,0.0,0.2962697389576396,0.32103946217992835,0.17028263458909842,0.21240816427333373,0.8195559771301015
512,102.46831220813876,0.5,0.2,0.5,0.0,0.2969341298041919,0.32176178838799735,0.16999436979751364,0.21130971201029716,0.8195559771301015
513,102.66844563042028,0.5,0.2,0.5,0.0,0.29757929532355537,0.3224906518267528,0.1697014435929298,0.21022860925676215,0.8195559771301015
514,102.8685790527018,0.5,0.2,0.5,0.0,0.29820520277658524,0.32322596045612645,0.16940402219631268,0.20916481457097572,0.8195559771301015
515,103.06871247498331,0.5,0.2,0.5,0.0,0.2988118253990207,0.3239676185433808,0.1691022710060695,0.20811828505152916,0.8195559771301015
516,103.26884589726484,0.5,0.2,0.5,0.0,0.2993991411483071,0.3247155274392872,0.1687963556689173,0.2070889757434885,0.8195559771301015
517,103.46897931954636,0.5,0.2,0.5,0.0,0.2999671344227041,0.3254695844943224,0.1684864405091426,0.20607684057383108,0.8195559771301015
518,103.66911274182789,0.5,0.2,0.5,0.0,0.3005157959402756,0.32622968312636413,0.1681726885932591,0.20508183234010124,0.8195559771301015
519,103.8692461641094,0.5,0.2,0.5,0.0,0.30104512246254916,0.32699571298559027,0.16785526193271613,0.20410390261914454,0.8195559771301015
520,104.06937958639092,0.5,0.2,0.5,0.0,0.3015551168205745,0.3277675599301426,0.1675343214178499,0.20314300183143308,0.8195559771301015
521,104.26951300867245,0.5,0.2,0.5,0.0,0.30204578794098236,0.32854510600179127,0.16721002675183488,0.20219907930539163,0.8195559771301015
522,104.46964643095397,0.5,0.2,0.5,0.0,0.30251715087204345,0.32932822940159867,0.166882536384635,0.20127208334172297,0.8195559771301015
523,104.66977985323548,0.5,0.2,0.5,0.0,0.30296922623529654,0.33011680491885764,0.1665520079184928,0.20036196092735303,0.8195559771301015
524,104.869913275517,0.5,0.2,0.5,0.0,0.30340203952725364,0.3309107044783309,0.16621859863648697,0.1994686573579285,0.8195559771301015
525,105.07004669779853,0.5,0.2,0.5,0.0,0.3038156231621083,0.33170979552461083,0.16588246378105959,0.19859211753222128,0.8195559771301015
526,105.27018012008006,0.5,0.2,0.5,0.0,0.3042100156170317,0.332513941692779,0.16554375721096687,0.19773228547922242,0.8195559771301015
527,105.47031354236157,0.5,0.2,0.5,0.0,0.3045852613916801,0.33332300283658495,0.16520263138986088,0.1968891043818741,0.8195559771301015
528,105.67044696464309,0.5,0.2,0.5,0.0,0.3049414110180433,0.33413683501690167,0.1648592373335475,0.1960625166315075,0.8195559771301015
529,105.87058038692462,0.5,0.2,0.5,0.0,0.30527852107029374,0.33495529049018075,0.16451372455724422,0.19525246388228126,0.8195559771301015
530,106.07071380920614,0.5,0.2,0.5,0.0,0.30559665414861886,0.33577821772084504,0.16416624104153177,0.19445888708900425,0.8195559771301015
531,106.27084723148765,0.5,0.2,0.5,0.0,0.30589587740486157,0.33660546273535863,0.16381693424608812,0.19368172561369162,0.8195559771301015
532,106.47098065376917,0.5,0.2,0.5,0.0,0.30617626386978497,0.3374368678985326,0.1634659501103184,0.19292091812136392,0.8195559771301015
533,106.6711140760507,0.5,0.2,0.5,0.0,0.3064378930436631,0.338272271367642,0.16311343258332173,0.1921764030053731,0.8195559771301015
534,106.87124749833222,0.5,0.2,0.5,0.0,0.30668085027027364,0.3391115076659295,0.16275952402804242,0.19144811803575432,0.8195559771301015
535,107.07138092061373,0.5,0.2,0.5,0.0,0.3069052267284586,0.3399544076878881,0.16240436518166865,0.19073600040198455,0.8195559771301015
536,107.27151434289526,0.5,0.2,0.5,0.0,0.3071111194236846,0.34080079870454316,0.1620480951160314,0.19003998675574074,0.8195559771301015
537,107.47164776517678,0.5,0.2,0.5,0.0,0.30729863117960365,0.3416505043687344,0.16169085119800314,0.18936001325365862,0.8195559771301015
538,107.67178118745831,0.5,0.2,0.5,0.0,0.3074678702730315,0.3425033450990007,0.1613327692620065,0.1886960153659611,0.8195559771301015
539,107.87191460973982,0.5,0.2,0.5,0.0,0.3076189489917074,0.3433591396072037,0.16097398442329686,0.1880479269777919,0.8195559771301015
540,108.07204803202134,0.5,0.2,0.5,0.0,0.30775198613371824,0.3442177022410793,0.1606146295465802,0.18741568207862205,0.8195559771301015
541,108.27218145430287,0.5,0.2,0.5,0.0,0.3078671062227556,0.3450788438137623,0.1602548356681897,0.18679921429529223,0.8195559771301015
542,108.47231487658439,0.5,0.2,0.5,0.0,0.307964439294394,0.3459423718270275,0.15989473207859448,0.18619845679998395,0.8195559771301015
543,108.6724482988659,0.5,0.2,0.5,0.0,0.3080441208687303,0.3468080904966613,0.15953444629405364,0.1856133423405547,0.8195559771301015
544,108.87258172114743,0.5,0.2,0.5,0.0,0.30810629192302325,0.347675800777834,0.15917410402826998,0.18504380327087264,0.8195559771301015
545,109.07271514342895,0.5,0.2,0.5,0.0,0.3081510988643328,0.3485453003904714,0.15881382916404416,0.18448977158115157,0.8195559771301015
546,109.27284856571048,0.5,0.2,0.5,0.0,0.3081786924238817,0.3494163850807427,0.15845374425755668,0.18395117823781887,0.8195559771301015
547,109.47298198799199,0.5,0.2,0.5,0.0,0.3081892277437794,0.3502888485156488,0.15809397045366858,0.1834279532869032,0.8195559771301015
548,109.67311541027351,0.5,0.2,0.5,0.0,0.3081828659148233,0.35116248051412274,0.15773462668444432,0.18292002688660958,0.8195559771301015
549,109.87324883255503,0.5,0.2,0.5,0.0,0.3081597730538979,0.35203706809868773,0.15737583008302075,0.18242732876439352,0.8195559771301015
550,110.07338225483656,0.5,0.2,0.5,0.0,0.3081201202512241,0.3529123955499353,0.15701769596780257,0.1819497882310379,0.8195559771301015
551,110.27351567711807,0.5,0.2,0.5,0.0,0.30806408351898695,0.35378824445942386,0.1566603378259771,0.181487334195612,0.8195559771301015
552,110.4736490993996,0.5,0.2,0.5,0.0,0.30799184373746863,0.3546643937857794,0.15630386729789392,0.18103989517885793,0.8195559771301015
553,110.67378252168112,0.5,0.2,0.5,0.0,0.30790358575671994,0.355540620994792,0.15594839445425993,0.180607398794228,0.8195559771301015
554,110.87391594396264,0.5,0.2,0.5,0.0,0.30779949880783,0.3564167015184424,0.15559402761923388,0.18018977205449363,0.8195559771301015
555,111.07404936624415,0.5,0.2,0.5,0.0,0.30767977713224093,0.35729240793403355,0.15524087311791468,0.17978694181581079,0.8195559771301015
556,111.27418278852568,0.5,0.2,0.5,0.0,0.30754461944473377,0.35816751064048546,0.15488903542825116,0.17939883448652952,0.8195559771301015
557,111.4743162108072,0.5,0.2,0.5,0.0,0.3073942288666067,0.3590417779310648,0.15453861716991416,0.1790253760324143,0.8195559771301015
558,111.67444963308873,0.5,0.2,0.5,0.0,0.3072288128588538,0.35991497606611444,0.15418971909316784,0.17866649198186388,0.8195559771301015
559,111.87458305537024,0.5,0.2,0.5,0.0,0.30704858313351624,0.36078686937321247,0.15384244007563197,0.1783221074176392,0.8195559771301015
560,112.07471647765176,0.5,0.2,0.5,0.0,0.30685375436739337,0.3616572218523445,0.1534968775519795,0.17799214622828258,0.8195559771301015
561,112.27484989993329,0.5,0.2,0.5,0.0,0.30664454515594175,0.3625257959659456,0.15315312713382728,0.17767653174428533,0.8195559771301015
562,112.47498332221481,0.5,0.2,0.5,0.0,0.30642117842692207,0.3633923521078503,0.15281128242492353,0.17737518704030403,0.8195559771301015
563,112.67511674449632,0.5,0.2,0.5,0.0,0.30618388086811027,0.3642566493112177,0.15247143519274087,0.1770880346279311,0.8195559771301015
564,112.87525016677785,0.5,0.2,0.5,0.0,0.3059328828408492,0.36511844534592475,0.15213367536444286,0.17681499644878315,0.8195559771301015
565,113.07538358905937,0.5,0.2,0.5,0.0,0.3056684182936013,0.3659774968159588,0.15179809102285072,0.1765559938675891,0.8195559771301015
566,113.2755170113409,0.5,0.2,0.5,0.0,0.3053907246272929,0.36683355932189027,0.1514647684156411,0.17631094763517566,0.8195559771301015
567,113.4756504336224,0.5,0.2,0.5,0.0,0.30510004152544445,0.367686389020849,0.1511337922486819,0.17607977720502457,0.8195559771301015
568,113.67578385590393,0.5,0.2,0.5,0.0,0.304796612012152,0.3685357411789762,0.15080524536788464,0.17586240144098708,0.8195559771301015
569,113.87591727818545,0.5,0.2,0.5,0.0,0.3044806824826085,0.3693813701109127,0.1504792087230663,0.1756587386834124,0.8195559771301015
570,114.07605070046698,0.5,0.2,0.5,0.0,0.30415250228105956,0.3702230297302366,0.1501557614560276,0.17546870653267618,0.8195559771301015
571,114.27618412274849,0.5,0.2,0.5,0.0,0.3038123235980358,0.37106047366888706,0.14983498090099878,0.1752922218320783,0.8195559771301015
572,114.47631754503001,0.5,0.2,0.5,0.0,0.3034604013675855,0.3718934553965889,0.14951694258508524,0.17512920065074025,0.8195559771301015
573,114.67645096731154,0.5,0.2,0.5,0.0,0.30309699308939453,0.3727217284502328,0.14920172024448233,0.17497955821589026,0.8195559771301015
574,114.87658438959306,0.5,0.2,0.5,0.0,0.3027223578427653,0.3735450478462818,0.1488893860103481,0.1748432083006047,0.8195559771301015
575,115.07671781187457,0.5,0.2,0.5,0.0,0.3023367572852344,0.3743631685878933,0.1485800101780283,0.17472006394884387,0.8195559771301015
576,115.2768512341561,0.5,0.2,0.5,0.0,0.3019404554485409,0.37517584593258274,0.14827366122876093,0.17461003739011535,0.8195559771301015
577,115.47698465643762,0.5,0.2,0.5,0.0,0.30153371842754334,0.37598283581659747,0.14797040587385527,0.17451303988200384,0.8195559771301015
578,115.67711807871915,0.5,0.2,0.5,0.0,0.3011168142643495,0.3767838949935222,0.14767030905788828,0.17442898168423993,0.8195559771301015
579,115.87725150100066,0.5,0.2,0.5,0.0,0.3006900128324467,0.37757878117288324,0.14737343396190103,0.17435777203276898,0.8195559771301015
580,116.07738492328218,0.5,0.2,0.5,0.0,0.30025358561744914,0.3783672533030028,0.14707984203412486,0.17429931904542312,0.8195559771301015
581,116.2775183455637,0.5,0.2,0.5,0.0,0.29980780489319875,0.3791490726975159,0.14678959318172047,0.1742535292275648,0.8195559771301015
582,116.47765176784523,0.5,0.2,0.5,0.0,0.2993529446245669,0.379924001752624,0.14650274550271028,0.17422030812009873,0.8195559771301015
583,116.67778519012674,0.5,0.2,0.5,0.0,0.298889280133261,0.3806918043903258,0.1462193553473128,0.17419956012910026,0.8195559771301015
584,116.87791861240827,0.5,0.2,0.5,0.0,0.29841708785352034,0.38145224637622643,0.14593947735533977,0.17419118841491335,0.8195559771301015
585,117.07805203468979,0.5,0.2,0.5,0.0,0.2979366452053581,0.38220509547333364,0.14566316446229222,0.17419509485901585,0.8195559771301015
586,117.27818545697131,0.5,0.2,0.5,0.0,0.29744823046780344,0.38295012159585506,0.14539046790545626,0.17421118003088515,0.8195559771301015
587,117.47831887925283,0.5,0.2,0.5,0.0,0.2969521225704339,0.3836870970875967,0.1451214372504366,0.1742393430915327,0.8195559771301015
588,117.67845230153435,0.5,0.2,0.5,0.0,0.2964486006288917,0.38441579739077364,0.14485612048172686,0.1742794814986077,0.8195559771301015
589,117.87858572381587,0.5,0.2,0.5,0.0,0.29593794438065246,0.3851360003419841,0.14459456386810218,0.17433149140926119,0.8195559771301015
590,118.0787191460974,0.5,0.2,0.5,0.0,0.29542043388876016,0.38584748658449514,0.14433681201111329,0.1743952675156313,0.8195559771301015
591,118.27885256837891,0.5,0.2,0.5,0.0,0.2948963493676493,0.38655003979435226,0.14408290786304342,0.17447070297495496,0.8195559771301015
592,118.47898599066043,0.5,0.2,0.5,0.0,0.29436597105066825,0.38724344684289647,0.14383289273443448,0.17455768937200075,0.8195559771301015
593,118.67911941294196,0.5,0.2,0.5,0.0,0.29382957905760304,0.3879274979592813,0.14358680630161316,0.17465611668150252,0.8195559771301015
594,118.87925283522348,0.5,0.2,0.5,0.0,0.2932874532456828,0.38860198691519676,0.1433446866316933,0.1747658732074271,0.8195559771301015
595,119.07938625750499,0.5,0.2,0.5,0.0,0.2927398730366992,0.38926671124170686,0.14310657023285042,0.17488684548874348,0.8195559771301015
596,119.27951967978652,0.5,0.2,0.5,0.0,0.29218711736500674,0.38992147228357193,0.14287249197670202,0.17501891837471925,0.8195559771301015
597,119.47965310206804,0.5,0.2,0.5,0.0,0.29162946451527877,0.3905660754017859,0.14264248513732905,0.17516197494560623,0.8195559771301015
598,119.67978652434957,0.5,0.2,0.5,0.0,0.29106719198558445,0.3912003301420713,0.14241658140350597,0.17531589646883824,0.8195559771301015
599,119.87991994663108,0.5,0.2,0.5,0.0,0.2905005763540935,0.3918240503984973,0.14219481088709374,0.1754805623603154,0.8195559771301015
600,120.0800533689126,0.5,0.2,0.5,0.0,0.28992989314577994,0.39243705457709877,0.14197720213143272,0.17565585014568855,0.8195559771301015
601,120.28018679119413,0.5,0.2,0.5,0.0,0.2893554168082174,0.3930391655580827,0.14176378213843258,0.17584163549526735,0.8195559771301015
602,120.48032021347565,0.5,0.2,0.5,0.0,0.28877742072132423,0.39363021059535236,0.1415545764014812,0.17603779228184224,0.8195559771301015
603,120.68045363575716,0.5,0.2,0.5,0.0,0.2881961766910864,0.3942100221687553,0.141349608849912,0.17624419229024643,0.8195559771301015
604,120.88058705803869,0.5,0.2,0.5,0.0,0.2876119549767516,0.3947784378513915,0.14114890188490326,0.1764607052869537,0.8195559771301015
605,121.08072048032021,0.5,0.2,0.5,0.0,0.2870250241705443,0.3953353004492118,0.14095247639010106,0.17668719899014296,0.8195559771301015
606,121.28085390260173,0.5,0.2,0.5,0.0,0.2864356510683849,0.39588045815722234,0.14076035174070012,0.17692353903369273,0.8195559771301015
607,121.48098732488324,0.5,0.2,0.5,0.0,0.2858441005406101,0.39641376471568934,0.14057254581252515,0.1771695889311755,0.8195559771301015
608,121.68112074716477,0.5,0.2,0.5,0.0,0.2852506357191666,0.39693507899061703,0.14038907500119244,0.177425210289024,0.8195559771301015
609,121.8812541694463,0.5,0.2,0.5,0.0,0.28465551803247763,0.3974442648313386,0.1402099542364195,0.17769026289976442,0.8195559771301015
610,122.08138759172782,0.5,0.2,0.5,0.0,0.2840590063429258,0.39794119256061833,0.14003519696775057,0.1779646041287054,0.8195559771301015
611,122.28152101400933,0.5,0.2,0.5,0.0,0.2834613571768496,0.3984257384772639,0.13986481518508193,0.1782480891608047,0.8195559771301015
612,122.48165443629085,0.5,0.2,0.5,0.0,0.2828628246115885,0.39889778498263195,0.13969881942826265,0.17854057097751705,0.8195559771301015
613,122.68178785857238,0.5,0.2,0.5,0.0,0.2822636601556507,0.39935722071964574,0.13953721879647696,0.17884190032822675,0.8195559771301015
614,122.8819212808539,0.5,0.2,0.5,0.0,0.28166411263306357,0.3998039407038133,0.13938002095773686,0.17915192570538635,0.8195559771301015
615,123.08205470313541,0.5,0.2,0.5,0.0,0.28106442876978704,0.4002378451117384,0.1392272321769395,0.1794704939415352,0.8195559771301015
616,123.28218812541694,0.5,0.2,0.5,0.0,0.2804648526318716,0.4006588402653626,0.13907885731356132,0.17979744978920462,0.8195559771301015
617,123.48232154769846,0.5,0.2,0.5,0.0,0.27986562503028684,0.4010668396799432,0.13893489981847038,0.18013263547129973,0.8195559771301015
618,123.68245496997999,0.5,0.2,0.5,0.0,0.27926698376757353,0.40146176350226626,0.13879536175299947,0.18047589097716085,0.8195559771301015
619,123.8825883922615,0.5,0.2,0.5,0.0,0.27866916353103993,0.40184353862475,0.13866024379867295,0.18082705404553728,0.8195559771301015
620,124.08272181454302,0.5,0.2,0.5,0.0,0.27807239578595816,0.4022120987995478,0.13852954526693298,0.18118596014756122,0.8195559771301015
621,124.28285523682455,0.5,0.2,0.5,0.0,0.2774769087377496,0.4025673846147658,0.13840326411083212,0.18155244253665262,0.8195559771301015
622,124.48298865910607,0.5,0.2,0.5,0.0,0.2768829282801338,0.40290934150006186,0.1382813969648193,0.18192633325498522,0.8195559771301015
623,124.68312208138758,0.5,0.2,0.5,0.0,0.2762906766705356,0.4032379222747098,0.13816393911976715,0.18230746193498756,0.8195559771301015
624,124.8832555036691,0.5,0.2,0.5,0.0,0.27570037244475315,0.4035530872187886,0.13805088453331035,0.18269565580314803,0.8195559771301015
625,125.08338892595063,0.5,0.2,0.5,0.0,0.27511223058818823,0.40385480363158655,0.1379422258474945,0.18309073993273084,0.8195559771301015
626,125.28352234823215,0.5,0.2,0.5,0.0,0.27452646244552714,0.40414304591275774,0.1378379543989723,0.18349253724274295,0.8195559771301015
627,125.48365577051366,0.5,0.2,0.5,0.0,0.2739432756304218,0.4044177956434777,0.13773806022920002,0.18390086849690063,0.8195559771301015
628,125.68378919279519,0.5,0.2,0.5,0.0,0.2733628741761745,0.4046790411673181,0.137642532102826,0.1843155525536815,0.8195559771301015
629,125.88392261507671,0.5,0.2,0.5,0.0,0.27278545951911043,0.4049267754426088,0.1375513575543853,0.18473640748389558,0.8195559771301015
630,126.08405603735824,0.5,0.2,0.5,0.0,0.27221122867525793,0.4051609997209975,0.13746452283958568,0.18516324876415902,0.8195559771301015
631,126.28418945963975,0.5,0.2,0.5,0.0,0.2716403746510358,0.4053817225886049,0.13738201296253497,0.18559588979782446,0.8195559771301015
632,126.48432288192127,0.5,0.2,0.5,0.0,0.27107308650852296,0.40558895972420594,0.13730381169122602,0.1860341420760452,0.8195559771301015
633,126.6844563042028,0.5,0.2,0.5,0.0,0.2705095492938958,0.4057827339414514,0.13722990156837075,0.18647781519628218,0.8195559771301015
634,126.88458972648432,0.5,0.2,0.5,0.0,0.26994994396586497,0.4059630752310898,0.137160263922234,0.1869267168808114,0.8195559771301015
635,127.08472314876583,0.5,0.2,0.5,0.0,0.26939444785627387,0.4061300196557115,0.13709487890435332,0.18738065358366154,0.8195559771301015
636,127.28485657104736,0.5,0.2,0.5,0.0,0.2688432352292797,0.40628360803192237,0.13703372553223975,0.1878394312065584,0.8195559771301015
637,127.48498999332888,0.5,0.2,0.5,0.0,0.26829647549624275,0.40642388966741944,0.13697678161363902,0.18830285322269907,0.8195559771301015
638,127.6851234156104,0.5,0.2,0.5,0.0,0.26775433389444514,0.40655092078540994,0.13692402379527147,0.18877072152487373,0.8195559771301015
639,127.88525683789192,0.5,0.2,0.5,0.0,0.26721697147201556,0.40666476444503136,0.13687542757651985,0.18924283650643348,0.8195559771301015
640,128.08539026017345,0.5,0.2,0.5,0.0,0.26668454503616956,0.40676549054087224,0.1368309673212637,0.1897189971016948,0.8195559771301015
641,128.28552368245496,0.5,0.2,0.5,0.0,0.2661572074923551,0.4068531749437512,0.13679061629442413,0.19019900126946981,0.8195559771301015
642,128.48565710473648,0.5,0.2,0.5,0.0,0.26563510691883285,0.4069279014194966,0.13675434661857122,0.1906826450430996,0.8195559771301015
643,128.685790527018,0.5,0.2,0.5,0.0,0.26511838943688254,0.406989755209483,0.13672212947046578,0.1911697258831689,0.8195559771301015
644,128.88592394929952,0.5,0.2,0.5,0.0,0.264607195463642,0.4070388311482219,0.1366939348592949,0.19166003852884145,0.8195559771301015
645,129.08605737158106,0.5,0.2,0.5,0.0,0.2641016611921329,0.4070752302978497,0.13666973173533567,0.19215337677468194,0.8195559771301015
646,129.28619079386257,0.5,0.2,0.5,0.0,0.26360191854685927,0.40709905993148626,0.13664948800225468,0.19264953351939998,0.8195559771301015
647,129.48632421614408,0.5,0.2,0.5,0.0,0.2631080951423397,0.4071104335101445,0.13663317052959303,0.19314830081792306,0.8195559771301015
648,129.68645763842562,0.5,0.2,0.5,0.0,0.26262031428367266,0.4071094705671906,0.1366207451687206,0.19364946998041632,0.8195559771301015
649,129.88659106070713,0.5,0.2,0.5,0.0,0.2621386960238673,0.40709629426825245,0.13661217685748783,0.19415283285039267,0.8195559771301015
650,130.08672448298864,0.5,0.2,0.5,0.0,0.2616633560755372,0.40707103369087927,0.136607429544603,0.1946581806889807,0.8195559771301015
651,130.28685790527018,0.5,0.2,0.5,0.0,0.2611944056027312,0.4070338241681814,0.13660646618787195,0.19516530404121565,0.8195559771301015
652,130.4869913275517,0.5,0.2,0.5,0.0,0.2607319515730804,0.40698480639995116,0.13660924879943775,0.1956739932275309,0.8195559771301015
653,130.68712474983323,0.5,0.2,0.5,0.0,0.2602760967698343,0.4069241263119319,0.13661573846239383,0.19618403845584018,0.8195559771301015
654,130.88725817211474,0.5,0.2,0.5,0.0,0.25982693980882626,0.40685193490425553,0.13662589534774944,0.19669522993916896,0.8195559771301015
655,131.08739159439625,0.5,0.2,0.5,0.0,0.2593845751603651,0.40676838808904897,0.13663967873174837,0.19720735801883774,0.8195559771301015
656,131.2875250166778,0.5,0.2,0.5,0.0,0.2589490931929008,0.4066736465189687,0.13665704701483564,0.19772021327329506,0.8195559771301015
657,131.4876584389593,0.5,0.2,0.5,0.0,0.2585205802648513,0.4065678754094185,0.13667795774430067,0.1982335865814297,0.8195559771301015
658,131.6877918612408,0.5,0.2,0.5,0.0,0.2580991186594982,0.4064512443330351,0.13670236762482976,0.19874726938263718,0.8195559771301015
659,131.88792528352235,0.5,0.2,0.5,0.0,0.25768478666099054,0.4063239270175618,0.1367302325398808,0.199261053781567,0.8195559771301015
660,132.08805870580386,0.5,0.2,0.5,0.0,0.25727765860963814,0.40618610113021536,0.13676150757144018,0.19977473268870652,0.8195559771301015
661,132.2881921280854,0.5,0.2,0.5,0.0,0.2568778049556845,0.4060379480505469,0.13679614701963647,0.2002880999741323,0.8195559771301015
662,132.4883255503669,0.5,0.2,0.5,0.0,0.25648529231813477,0.4058796526324861,0.13683410442271693,0.20080095062666237,0.8195559771301015
663,132.68845897264842,0.5,0.2,0.5,0.0,0.2561001835486358,0.4057114029555668,0.1368753325773867,0.20131308091841088,0.8195559771301015
664,132.88859239492996,0.5,0.2,0.5,0.0,0.2557225369306346,0.40553339205232014,0.1369197835854409,0.2018242874316045,0.8195559771301015
665,133.08872581721147,0.5,0.2,0.5,0.0,0.255352406268669,0.40534581760290717,0.13696740887437267,0.2023343672540513,0.8195559771301015
666,133.28885923949298,0.5,0.2,0.5,0.0,0.2549898422660215,0.40514887868723953,0.13701815918008436,0.20284311986665476,0.8195559771301015
667,133.48899266177452,0.5,0.2,0.5,0.0,0.25463489184840815,0.404942777230067,0.13707198459134684,0.20335034633017812,0.8195559771301015
668,133.68912608405603,0.5,0.2,0.5,0.0,0.2542875982092791,0.40472771779828615,0.13712883457325858,0.2038558494191763,0.8195559771301015
669,133.88925950633757,0.5,0.2,0.5,0.0,0.25394800085958363,0.4045039073887746,0.13718865799108515,0.20435943376055665,0.8195559771301015
670,134.08939292861908,0.5,0.2,0.5,0.0,0.2536161356802184,0.4042715552108271,0.13725140313453155,0.20486090597442308,0.8195559771301015
671,134.2895263509006,0.5,0.2,0.5,0.0,0.2532920349470607,0.4040308725638491,0.13731701773295282,0.20536007475613743,0.8195559771301015
672,134.48965977318213,0.5,0.2,0.5,0.0,0.2529757269043757,0.40378207422916057,0.1373854488276586,0.20585675003880521,0.8195559771301015
673,134.68979319546364,0.5,0.2,0.5,0.0,0.25266723636586824,0.403525376428248,0.1374566429680375,0.20635074423784638,0.8195559771301015
674,134.88992661774515,0.5,0.2,0.5,0.0,0.2523665847680598,0.40326099661637255,0.13753054623447147,0.20684187238109625,0.8195559771301015
675,135.09006004002669,0.5,0.2,0.5,0.0,0.2520737900994077,0.4029891536953479,0.13760710422163286,0.20732995198361157,0.8195559771301015
676,135.2901934623082,0.5,0.2,0.5,0.0,0.2517888669533115,0.40271006781553004,0.13768626206045592,0.2078148031707026,0.8195559771301015
677,135.49032688458973,0.5,0.2,0.5,0.0,0.2515118265829413,0.402423960175279,0.13776796444027098,0.20829624880150877,0.8195559771301015
678,135.69046030687124,0.5,0.2,0.5,0.0,0.25124267695789115,0.4021310528178931,0.13785215563110084,0.20877411459311496,0.8195559771301015
679,135.89059372915276,0.5,0.2,0.5,0.0,0.2509814227487215,0.4018315687562255,0.13793877949462285,0.20924822900043016,0.8195559771301015
680,136.0907271514343,0.5,0.2,0.5,0.0,0.25072806521170654,0.4015257325486421,0.13802777947949102,0.20971842276016037,0.8195559771301015
681,136.2908605737158,0.5,0.2,0.5,0.0,0.25048260259345223,0.40121376855866187,0.13811909869737937,0.2101845301505065,0.8195559771301015
682,136.49099399599731,0.5,0.2,0.5,0.0,0.25024503006144344,0.40089590133758496,0.1382126799251843,0.21064638867578725,0.8195559771301015
683,136.69112741827885,0.5,0.2,0.5,0.0,0.25001533974747997,0.40057235550853504,0.13830846562466012,0.21110383911932484,0.8195559771301015
684,136.89126084056036,0.5,0.2,0.5,0.0,0.24979352080738101,0.4002433555834566,0.1384063979644635,0.21155672564469882,0.8195559771301015
685,137.0913942628419,0.5,0.2,0.5,0.0,0.2495795594820854,0.39990912577949284,0.13850641884229395,0.21200489589612778,0.8195559771301015
686,137.2915276851234,0.5,0.2,0.5,0.0,0.2493734391599129,0.3995698898352946,0.1386084699072126,0.2124482010975798,0.8195559771301015
687,137.49166110740492,0.5,0.2,0.5,0.0,0.24917514010472253,0.3992258716114333,0.13871249269992778,0.21288649558391629,0.8195559771301015
688,137.69179452968646,0.5,0.2,0.5,0.0,0.24898463965154322,0.3988772946000541,0.13881842862942986,0.21331963711897275,0.8195559771301015
689,137.89192795196797,0.5,0.2,0.5,0.0,0.24880191259483925,0.39852438098660803,0.13892621888253465,0.21374748753601802,0.8195559771301015
690,138.09206137424948,0.5,0.2,0.5,0.0,0.24862693103551833,0.39816735198021597,0.13903580452417258,0.21416991246009306,0.8195559771301015
691,138.29219479653102,0.5,0.2,0.5,0.0,0.2484596644365815,0.39780642765867225,0.1391471265249622,0.21458678137978401,0.8195559771301015
692,138.49232821881253,0.5,0.2,0.5,0.0,0.2483000796793922,0.3974418268146451,0.13926012578915253,0.2149979677168101,0.8195559771301015
693,138.69246164109407,0.5,0.2,0.5,0.0,0.24814814112056538,0.3970737668030734,0.13937474318293402,0.2154033488934272,0.8195559771301015
694,138.89259506337558,0.5,0.2,0.5,0.0,0.2480038106474902,0.39670246346615634,0.1394909195394617,0.21580280634689178,0.8195559771301015
695,139.0927284856571,0.5,0.2,0.5,0.0,0.24786704771619286,0.39632813176271575,0.13960859544650378,0.21619622507458763,0.8195559771301015
696,139.29286190793863,0.5,0.2,0.5,0.0,0.24773780943555515,0.39595098463937617,0.13972771157926261,0.2165834943458061,0.8195559771301015
697,139.49299533022014,0.5,0.2,0.5,0.0,0.24761605062307787,0.3955712330213949,0.13984820868722753,0.21696450766829975,0.8195559771301015
698,139.69312875250165,0.5,0.2,0.5,0.0,0.24750172386015817,0.39518908584722057,0.1399700275682261,0.21733916272439519,0.8195559771301015
699,139.8932621747832,0.5,0.2,0.5,0.0,0.2473947795520433,0.3948047499482028,0.14009310909116493,0.217707361408589,0.8195559771301015
700,140.0933955970647,0.5,0.2,0.5,0.0,0.2472951659883677,0.39441842993088183,0.14021739421871046,0.21806900986204003,0.8195559771301015
701,140.29352901934624,0.5,0.2,0.5,0.0,0.24720282940427413,0.39403032806185734,0.14034282402991052,0.21842401850395807,0.8195559771301015
702,140.49366244162775,0.5,0.2,0.5,0.0,0.24711771395089802,0.39364064438581564,0.14046933973967482,0.21877230192361155,0.8195559771301015
703,140.69379586390926,0.5,0.2,0.5,0.0,0.24703976162165128,0.39324957695933715,0.14059688271668364,0.21911377870232793,0.8195559771301015
704,140.8939292861908,0.5,0.2,0.5,0.0,0.24696891263699908,0.39285732092982634,0.14072539451670285,0.2194483719164717,0.8195559771301015
705,141.0940627084723,0.5,0.2,0.5,0.0,0.24690510536722943,0.392464068786313,0.14085481690021512,0.21977600894624244,0.8195559771301015
706,141.29419613075382,0.5,0.2,0.5,0.0,0.24684827638046797,0.392070010297726,0.1409850918542019,0.22009662146760406,0.8195559771301015
707,141.49432955303536,0.5,0.2,0.5,0.0,0.2467983604995405,0.3916753324328586,0.14111616161414506,0.22041014545345575,0.8195559771301015
708,141.69446297531687,0.5,0.2,0.5,0.0,0.2467552908590001,0.3912802192839724,0.14124796868595446,0.220716521171073,0.8195559771301015
709,141.8945963975984,0.5,0.2,0.5,0.0,0.24671899896068164,0.39088485199647055,0.14138045586796014,0.22101569317488765,0.8195559771301015
710,142.09472981987992,0.5,0.2,0.5,0.0,0.2466894145285788,0.39048940900040996,0.14151356628974887,0.22130761018126233,0.8195559771301015
711,142.29486324216143,0.5,0.2,0.5,0.0,0.24666646569875209,0.3900940657484605,0.14164724342271895,0.2215922251300684,0.8195559771301015
712,142.49499666444297,0.5,0.2,0.5,0.0,0.24665007919464405,0.38969899447941503,0.14178143109180388,0.22186949523413702,0.8195559771301015
713,142.69513008672448,0.5,0.2,0.5,0.0,0.24664018028232212,0.38930436431233323,0.14191607350567498,0.22213938189966967,0.8195559771301015
714,142.89526350900599,0.5,0.2,0.5,0.0,0.24663669282107692,0.3889103412029906,0.1420511152788515,0.22240185069708107,0.8195559771301015
715,143.09539693128752,0.5,0.2,0.5,0.0,0.2466395393137701,0.38851708790458206,0.14218650145377182,0.22265687132787607,0.8195559771301015
716,143.29553035356903,0.5,0.2,0.5,0.0,0.24664864095693312,0.38812476393268,0.14232217752282594,0.22290441758756108,0.8195559771301015
717,143.49566377585057,0.5,0.2,0.5,0.0,0.24666391769578275,0.38773352553030926,0.14245808942589316,0.22314446734801502,0.8195559771301015
718,143.69579719813208,0.5,0.2,0.5,0.0,0.24668528830893796,0.38734352561330265,0.14259418340608607,0.22337700267167346,0.8195559771301015
719,143.8959306204136,0.5,0.2,0.5,0.0,0.2467126704085608,0.38695491378741126,0.14273040626456404,0.22360200953946407,0.8195559771301015
720,144.09606404269513,0.5,0.2,0.5,0.0,0.2467459805007941,0.38656783632120245,0.14286670532874518,0.22381947784925843,0.8195559771301015
721,144.29619746497664,0.5,0.2,0.5,0.0,0.24678513404139568,0.3861824361268581,0.1430030284420319,0.2240294013897145,0.8195559771301015
722,144.49633088725815,0.5,0.2,0.5,0.0,0.24683004548551143,0.3857988527497176,0.14313932398005577,0.22423177778471529,0.8195559771301015
723,144.6964643095397,0.5,0.2,0.5,0.0,0.24688062833726285,0.38541722236202475,0.14327554086657943,0.22442660843413306,0.8195559771301015
724,144.8965977318212,0.5,0.2,0.5,0.0,0.24693679519914882,0.3850376777608769,0.1434116285890547,0.22461389845091967,0.8195559771301015
725,145.09673115410274,0.5,0.2,0.5,0.0,0.24699845774357704,0.38466034829878754,0.14354753722764052,0.22479365672999502,0.8195559771301015
726,145.29686457638425,0.5,0.2,0.5,0.0,0.24706552669869764,0.3842853598318037,0.1436832174813031,0.22496589598819572,0.8195559771301015
727,145.49699799866576,0.5,0.2,0.5,0.0,0.24713791210244426,0.3839128349191557,0.14381862064588746,0.2251306323325127,0.8195559771301015
728,145.6971314209473,0.5,0.2,0.5,0.0,0.2472155232516624,0.38354289274629716,0.14395369864598676,0.22528788535605382,0.8195559771301015
729,145.8972648432288,0.5,0.2,0.5,0.0,0.24729826874254848,0.38317564913646274,0.14408840405021217,0.2254376780707767,0.8195559771301015
730,146.09739826551032,0.5,0.2,0.5,0.0,0.2473860565135552,0.38281121656887274,0.14422269008564872,0.22558003683192343,0.8195559771301015
731,146.29753168779186,0.5,0.2,0.5,0.0,0.247478793887822,0.38244970420087393,0.14435651065201882,0.22571499125928535,0.8195559771301015
732,146.49766511007337,0.5,0.2,0.5,0.0,0.24757638761418246,0.382091217886678,0.14448982033488916,0.22584257416425052,0.8195559771301015
733,146.6977985323549,0.5,0.2,0.5,0.0,0.24767874386631458,0.3817358598798549,0.14462257438957263,0.225962821864258,0.8195559771301015
734,146.89793195463642,0.5,0.2,0.5,0.0,0.2477857683198802,0.3813837291468543,0.14475472877975004,0.22607577375351556,0.8195559771301015
735,147.09806537691793,0.5,0.2,0.5,0.0,0.24789736620613811,0.3810349215061072,0.14488624019963836,0.22618147208811645,0.8195559771301015
736,147.29819879919947,0.5,0.2,0.5,0.0,0.24801344233502412,0.38068952953849966,0.1450170660747934,0.22627996205168294,0.8195559771301015
737,147.49833222148098,0.5,0.2,0.5,0.0,0.2481339011332962,0.3803476426220182,0.14514716457351537,0.22637129167117037,0.8195559771301015
738,147.6984656437625,0.5,0.2,0.5,0.0,0.24825864668212513,0.3800093469697118,0.145276494617907,0.22645551173025616,0.8195559771301015
739,147.89859906604403,0.5,0.2,0.5,0.0,0.24838758275413,0.37967472567097227,0.14540501589458374,0.22653267568031404,0.8195559771301015
740,148.09873248832554,0.5,0.2,0.5,0.0,0.2485206128612689,0.3793438586456239,0.14553268884751724,0.22660283964559,0.8195559771301015
741,148.29886591060708,0.5,0.2,0.5,0.0,0.2486576403434729,0.37901682227373706,0.14565947460712406,0.226666062775666,0.8195559771301015
742,148.4989993328886,0.5,0.2,0.5,0.0,0.24879856832158445,0.3786936901007543,0.1457853351264967,0.2267224064511645,0.8195559771301015
743,148.6991327551701,0.5,0.2,0.5,0.0,0.24894329975683394,0.3783745326964258,0.14591023315286,0.22677193439388021,0.8195559771301015
744,148.89926617745164,0.5,0.2,0.5,0.0,0.24909173749366,0.37805941764478646,0.14603413222340117,0.22681471263815225,0.8195559771301015
745,149.09939959973315,0.5,0.2,0.5,0.0,0.24924378429530736,0.3777484095903423,0.14615699667098925,0.22685080944336103,0.8195559771301015
746,149.29953302201466,0.5,0.2,0.5,0.0,0.24939934287897297,0.3774415702867548,0.14627879162938842,0.22688029520488376,0.8195559771301015
747,149.4996664442962,0.5,0.2,0.5,0.0,0.24955831595050085,0.377138958648025,0.14639948303796502,0.22690324236350903,0.8195559771301015
748,149.6997998665777,0.5,0.2,0.5,0.0,0.2497206061837917,0.3768406305296594,0.14651903768507477,0.2269197256014741,0.8195559771301015
749,149.89993328885924,0.5,0.2,0.5,0.0,0.24988611624380633,0.3765466387312336,0.14663742321946716,0.22692982180549284,0.8195559771301015
750,150.10006671114076,0.5,0.2,0.5,0.0,0.2500547489258454,0.3762570335815914,0.1467546080777626,0.22693360941480054,0.8195559771301015
751,150.30020013342227,0.5,0.2,0.5,0.0,0.25022640713056155,0.37597186271238164,0.14687056152849606,0.22693116862856072,0.8195559771301015
752,150.5003335557038,0.5,0.2,0.5,0.0,0.2504009938936439,0.3756911711080611,0.14698525367625878,0.22692258132203624,0.8195559771301015
753,150.70046697798531,0.5,0.2,0.5,0.0,0.25057841241549594,0.375415001160606,0.14709865546501621,0.22690793095888187,0.8195559771301015
754,150.90060040026682,0.5,0.2,0.5,0.0,0.25075856609034874,0.3751433927261586,0.1472107386810009,0.22688730250249178,0.8195559771301015
755,151.10073382254836,0.5,0.2,0.5,0.0,0.25094135853480837,0.3748763831836097,0.14732147595517966,0.22686078232640236,0.8195559771301015
756,151.30086724482987,0.5,0.2,0.5,0.0,0.25112669361828005,0.37461400740356393,0.1474308407632839,0.22682845821487221,0.8195559771301015
757,151.5010006671114,0.5,0.2,0.5,0.0,0.2513144755096028,0.3743562970902176,0.14753880741159178,0.2267904199885879,0.8195559771301015
758,151.70113408939292,0.5,0.2,0.5,0.0,0.2515046086767293,0.3741032818646492,0.14764535106051052,0.22674675839811104,0.8195559771301015
759,151.90126751167443,0.5,0.2,0.5,0.0,0.2516969979185261,0.37385498912446197,0.14775044772080076,0.22669756523621118,0.8195559771301015
760,152.10140093395597,0.5,0.2,0.5,0.0,0.25189154839452454,0.37361144396098156,0.1478540742505983,0.2266429333938956,0.8195559771301015
761,152.30153435623748,0.5,0.2,0.5,0.0,0.25208816565054915,0.3733726692117883,0.14795620835494175,0.22658295678272083,0.8195559771301015
762,152.501667778519,0.5,0.2,0.5,0.0,0.2522867556438052,0.3731386855142955,0.14805682858485567,0.22651773025704358,0.8195559771301015
763,152.70180120080053,0.5,0.2,0.5,0.0,0.2524872247674248,0.3729095113603749,0.14815591433598874,0.2264473495362115,0.8195559771301015
764,152.90193462308204,0.5,0.2,0.5,0.0,0.2526894798744713,0.3726851631520279,0.1482534458468071,0.2263719111266937,0.8195559771301015
765,153.10206804536358,0.5,0.2,0.5,0.0,0.2528934283448101,0.3724656548947475,0.14834940419069292,0.2262915125697495,0.8195559771301015
766,153.3022014676451,0.5,0.2,0.5,0.0,0.2530989781016731,0.372250998308499,0.14844377127407563,0.2262062523157523,0.8195559771301015
767,153.5023348899266,0.5,0.2,0.5,0.0,0.25330603757202297,0.3720412034056643,0.1485365298413638,0.22611622918094898,0.8195559771301015
768,153.70246831220814,0.5,0.2,0.5,0.0,0.2535145157458491,0.37183627823735543,0.14862766346648376,0.22602154255031176,0.8195559771301015
769,153.90260173448965,0.5,0.2,0.5,0.0,0.2537243221990344,0.37163622894118453,0.1487171565486448,0.22592229231113634,0.8195559771301015
770,154.1027351567712,0.5,0.2,0.5,0.0,0.25393536711570347,0.37144105978989517,0.14880499430765695,0.2258185787867445,0.8195559771301015
771,154.3028685790527,0.5,0.2,0.5,0.0,0.2541475613101067,0.37125077324038774,0.1488911627787936,0.2257105026707121,0.8195559771301015
772,154.5030020013342,0.5,0.2,0.5,0.0,0.25436081624804163,0.3710653699831381,0.14897564880719932,0.22559816496162108,0.8195559771301015
773,154.70313542361575,0.5,0.2,0.5,0.0,0.25457504405949793,0.3708848489292155,0.14905844005706712,0.22548166695421956,0.8195559771301015
774,154.90326884589726,0.5,0.2,0.5,0.0,0.2547901575114846,0.3707092069004167,0.1491395250924345,0.22536111049566437,0.8195559771301015
775,155.10340226817877,0.5,0.2,0.5,0.0,0.25500607010152865,0.3705384392348301,0.14921889323567714,0.22523659742796426,0.8195559771301015
776,155.3035356904603,0.5,0.2,0.5,0.0,0.25522269605788145,0.3703725396915762,0.1492965345955556,0.22510822965498686,0.8195559771301015
777,155.50366911274182,0.5,0.2,0.5,0.0,0.2554399503500085,0.3702115004371191,0.14937244007512568,0.22497610913774682,0.8195559771301015
778,155.70380253502336,0.5,0.2,0.5,0.0,0.25565774870600827,0.37005531208781406,0.14944660136565505,0.22484033784052268,0.8195559771301015
779,155.90393595730487,0.5,0.2,0.5,0.0,0.2558760076295062,0.36990396375238505,0.1495190109401975,0.22470101767791129,0.8195559771301015
780,156.10406937958638,0.5,0.2,0.5,0.0,0.2560946444160242,0.3697574430743328,0.14958966204682458,0.2245582504628184,0.8195559771301015
781,156.30420280186792,0.5,0.2,0.5,0.0,0.2563135771688569,0.369615736274177,0.1496585487015099,0.2244121378554562,0.8195559771301015
782,156.50433622414943,0.5,0.2,0.5,0.0,0.2565327248823534,0.36947882798168286,0.14972566567115203,0.22426278146481168,0.8195559771301015
783,156.70446964643094,0.5,0.2,0.5,0.0,0.25675200742711723,0.3693467013695286,0.1497910084699255,0.22411028273342873,0.8195559771301015
784,156.90460306871248,0.5,0.2,0.5,0.0,0.25697134549662626,0.3692193384045156,0.14985457336062158,0.22395474273823665,0.8195559771301015
785,157.104736490994,0.5,0.2,0.5,0.0,0.2571906606675952,0.36909671974555663,0.1499163573396344,0.22379626224721383,0.8195559771301015
786,157.30486991327552,0.5,0.2,0.5,0.0,0.2574098754152831,0.36897882477922006,0.14997635812784454,0.2236349416776524,0.8195559771301015
787,157.50500333555703,0.5,0.2,0.5,0.0,0.2576289131283826,0.36886563165487346,0.15003457416114488,0.2234708810555992,0.8195559771301015
788,157.70513675783855,0.5,0.2,0.5,0.0,0.25784769812349256,0.36875711731942645,0.15009100458060878,0.22330417997647237,0.8195559771301015
789,157.90527018012008,0.5,0.2,0.5,0.0,0.2580661556591725,0.36865325755167266,0.15014564922230084,0.22313493756685415,0.8195559771301015
790,158.1054036024016,0.5,0.2,0.5,0.0,0.2582842119499307,0.3685540269685417,0.15019850862071696,0.2229632524608108,0.8195559771301015
791,158.3055370246831,0.5,0.2,0.5,0.0,0.25850179418091884,0.3684593989422577,0.15024958405666977,0.22278922282015387,0.8195559771301015
792,158.50567044696464,0.5,0.2,0.5,0.0,0.25871883051824424,0.36836934582996533,0.15029887744677148,0.22261294620501915,0.8195559771301015
793,158.70580386924615,0.5,0.2,0.5,0.0,0.258935250122137,0.3682838389447229,0.15034639136300468,0.2224345195701357,0.8195559771301015
794,158.9059372915277,0.5,0.2,0.5,0.0,0.2591509831591482,0.3682028485695967,0.1503921290299605,0.22225403924129483,0.8195559771301015
795,159.1060707138092,0.5,0.2,0.5,0.0,0.25936596081374064,0.36812634398639726,0.1504360943141203,0.222071600885742,0.8195559771301015
796,159.3062041360907,0.5,0.2,0.5,0.0,0.25958011529946323,0.3680542935038546,0.1504782917128607,0.22188729948382171,0.8195559771301015
797,159.50633755837225,0.5,0.2,0.5,0.0,0.2597933798697105,0.3679866644852323,0.15051872634318178,0.22170122930187564,0.8195559771301015
798,159.70647098065376,0.5,0.2,0.5,0.0,0.26000568882795844,0.36792342337531037,0.15055740393054193,0.22151348386618952,0.8195559771301015
799,159.90660440293527,0.5,0.2,0.5,0.0,0.260216977517506,0.3678645357136128,0.15059433086869747,0.22132415590018403,0.8195559771301015
800,160.1067378252168,0.5,0.2,0.5,0.0,0.26042718234423273,0.3678099661690422,0.15062951416058082,0.22113333732614449,0.8195559771301015
801,160.30687124749832,0.5,0.2,0.5,0.0,0.26063624079922193,0.36775967857413827,0.15066296135790502,0.22094111926873508,0.8195559771301015
802,160.50700466977986,0.5,0.2,0.5,0.0,0.2608440914562743,0.36771363594254847,0.150694680588156,0.2207475920130215,0.8195559771301015
803,160.70713809206137,0.5,0.2,0.5,0.0,0.2610506739796131,0.3676718004929086,0.15072468054365343,0.22055284498382519,0.8195559771301015
804,160.90727151434288,0.5,0.2,0.5,0.0,0.261255929131145,0.3676341336721423,0.15075297047043681,0.2203569667262762,0.8195559771301015
805,161.10740493662442,0.5,0.2,0.5,0.0,0.2614597987772767,0.36760059617818186,0.1507795601569771,0.22016004488756463,0.8195559771301015
806,161.30753835890593,0.5,0.2,0.5,0.0,0.2616622258952873,0.36757114798210827,0.1508044599227135,0.21996216619989123,0.8195559771301015
807,161.50767178118744,0.5,0.2,0.5,0.0,0.2618631545967301,0.3675457483504052,0.15082768060756843,0.2197634164452966,0.8195559771301015
808,161.70780520346898,0.5,0.2,0.5,0.0,0.2620625301864048,0.3675243558680609,0.15084923356366473,0.21956388038186989,0.8195559771301015
809,161.9079386257505,0.5,0.2,0.5,0.0,0.26226029906730236,0.3675069284549998,0.15086913063673346,0.2193636418409647,0.8195559771301015
810,162.10807204803203,0.5,0.2,0.5,0.0,0.2624564087810655,0.367493423387326,0.15088738415631883,0.21916278367529005,0.8195559771301015
811,162.30820547031354,0.5,0.2,0.5,0.0,0.2626508080194817,0.3674837973168558,0.15090400692392605,0.2189613877397368,0.8195559771301015
812,162.50833889259505,0.5,0.2,0.5,0.0,0.262843446629818,0.3674780062898441,0.1509190122006175,0.21875953487972072,0.8195559771301015
813,162.7084723148766,0.5,0.2,0.5,0.0,0.26303427561979253,0.3674760057651339,0.15093241369443963,0.21855730492063438,0.8195559771301015
814,162.9086057371581,0.5,0.2,0.5,0.0,0.2632232471621824,0.36747775063172894,0.1509442255476805,0.2183547766584085,0.8195559771301015
815,163.1087391594396,0.5,0.2,0.5,0.0,0.26341031459872655,0.3674831952269078,0.1509544623250013,0.21815202784936483,0.8195559771301015
816,163.30887258172115,0.5,0.2,0.5,0.0,0.26359543242089334,0.36749229342782114,0.15096313907055622,0.21794913508072977,0.8195559771301015
817,163.50900600400266,0.5,0.2,0.5,0.0,0.2637785562925701,0.3675049986049857,0.15097027123652063,0.21774617386592407,0.8195559771301015
818,163.7091394262842,0.5,0.2,0.5,0.0,0.263959643063,0.3675212636057367,0.1509758746399628,0.21754321869130094,0.8195559771301015
819,163.9092728485657,0.5,0.2,0.5,0.0,0.26413865075905624,0.3675410408031322,0.15097996548120438,0.21734034295660762,0.8195559771301015
820,164.10940627084722,0.5,0.2,0.5,0.0,0.26431553858707296,0.3675642821120143,0.15098256033188107,0.2171376189690321,0.8195559771301015
821,164.30953969312876,0.5,0.2,0.5,0.0,0.2644902669342828,0.3675909390045933,0.1509836761229267,0.21693511793819764,0.8195559771301015
822,164.50967311541027,0.5,0.2,0.5,0.0,0.2646627973698606,0.36762096252555476,0.15098333013248094,0.21673290997210415,0.8195559771301015
823,164.70980653769178,0.5,0.2,0.5,0.0,0.26483309264557375,0.3676543033066895,0.1509815399737205,0.2165310640740167,0.8195559771301015
824,164.90993995997331,0.5,0.2,0.5,0.0,0.2650011166956157,0.36769091160860085,0.1509783235990693,0.21632964809671465,0.8195559771301015
825,165.11007338225482,0.5,0.2,0.5,0.0,0.2651668346355459,0.3677307373944961,0.15097369932377724,0.21612872864618127,0.8195559771301015
826,165.31020680453636,0.5,0.2,0.5,0.0,0.26533021276371604,0.3677737302159097,0.15096768573739558,0.21592837128297912,0.8195559771301015
827,165.51034022681787,0.5,0.2,0.5,0.0,0.26549121855956626,0.3678198392761849,0.15096030172161548,0.21572864044263387,0.8195559771301015
828,165.71047364909938,0.5,0.2,0.5,0.0,0.2656498206821942,0.3678690134500725,0.15095156644210941,0.21552959942562436,0.8195559771301015
829,165.91060707138092,0.5,0.2,0.5,0.0,0.2658059889686113,0.3679212012976074,0.15094149933716358,0.2153313103966182,0.8195559771301015
830,166.11074049366243,0.5,0.2,0.5,0.0,0.26595969443160267,0.367976351077613,0.15093012010629606,0.2151338343844888,0.8195559771301015
831,166.31087391594394,0.5,0.2,0.5,0.0,0.26611090925719316,0.3680344107608326,0.15091744869886162,0.21493723128311315,0.8195559771301015
832,166.51100733822548,0.5,0.2,0.5,0.0,0.2662596068030762,0.3680953280445819,0.15090350530274513,0.21474155984959725,0.8195559771301015
833,166.711140760507,0.5,0.2,0.5,0.0,0.26640576164262225,0.36815905043106556,0.15088831033651715,0.2145468775897955,0.8195559771301015
834,166.91127418278853,0.5,0.2,0.5,0.0,0.2665493495150715,0.3682255251751992,0.15087188443451258,0.2143532408752172,0.8195559771301015
835,167.11140760507004,0.5,0.2,0.5,0.0,0.2666903473106876,0.36829469928130637,0.150854248434569,0.21416070497343748,0.8195559771301015
836,167.31154102735155,0.5,0.2,0.5,0.0,0.2668287330842209,0.3683665195394238,0.15083542336792077,0.21396932400843502,0.8195559771301015
837,167.5116744496331,0.5,0.2,0.5,0.0,0.26696448605117074,0.36844093253782756,0.1508154304478092,0.21377915096319297,0.8195559771301015
838,167.7118078719146,0.5,0.2,0.5,0.0,0.26709758658371274,0.36851788467527025,0.15079429105808334,0.2135902376829341,0.8195559771301015
839,167.9119412941961,0.5,0.2,0.5,0.0,0.2672280162062903,0.3685973221729286,0.15077202674179113,0.2134026348789904,0.8195559771301015
840,168.11207471647765,0.5,0.2,0.5,0.0,0.26735575759086966,0.36867919108606173,0.15074865918976177,0.2132163921333072,0.8195559771301015
841,168.31220813875916,0.5,0.2,0.5,0.0,0.2674807945419401,0.3687634373503965,0.150724210253403,0.21303155785426087,0.8195559771301015
842,168.5123415610407,0.5,0.2,0.5,0.0,0.2676031119763486,0.36885000684526786,0.15069870196928073,0.21284817920910326,0.8195559771301015
843,168.7124749833222,0.5,0.2,0.5,0.0,0.2677226959544466,0.3689388452741652,0.15067215645756946,0.21266630231381922,0.8195559771301015
844,168.91260840560372,0.5,0.2,0.5,0.0,0.2678395336579137,0.3690298982320228,0.15064459594988494,0.21248597216017912,0.8195559771301015
845,169.11274182788526,0.5,0.2,0.5,0.0,0.2679536133816657,0.36912311122132213,0.15061604278189486,0.2123072326151179,0.8195559771301015
846,169.31287525016677,0.5,0.2,0.5,0.0,0.2680649245264609,0.3692184296642532,0.15058651938339454,0.2121301264258919,0.8195559771301015
847,169.51300867244828,0.5,0.2,0.5,0.0,0.26817345759114003,0.3693157989146976,0.15055604826844954,0.2119546952257134,0.8195559771301015
848,169.71314209472982,0.5,0.2,0.5,0.0,0.2682792041644977,0.36941516427003296,0.15052465202560622,0.2117809795398637,0.8195559771301015
849,169.91327551701133,0.5,0.2,0.5,0.0,0.2683821570591463,0.3695164710320307,0.150492353272674,0.2116090186361495,0.8195559771301015
850,170.11340893929287,0.5,0.2,0.5,0.0,0.2684823096893547,0.3696196643622941,0.15045917482640844,0.21143885112194333,0.8195559771301015
851,170.31354236157438,0.5,0.2,0.5,0.0,0.2685796571454501,0.3697246896003341,0.15042513939068355,0.21127051386353274,0.8195559771301015
852,170.5136757838559,0.5,0.2,0.5,0.0,0.2686741952957015,0.36983149197793086,0.15039026977358458,0.2111040429527836,0.8195559771301015
853,170.71380920613743,0.5,0.2,0.5,0.0,0.26876592106422303,0.36994001674018806,0.15035458881111363,0.2109394733844758,0.8195559771301015
854,170.91394262841894,0.5,0.2,0.5,0.0,0.2688548324193977,0.3700502091569789,0.1503181193586518,0.21077683906497213,0.8195559771301015
855,171.11407605070045,0.5,0.2,0.5,0.0,0.26894092836230116,0.37016201453439146,0.15028088428242142,0.2106161728208865,0.8195559771301015
856,171.314209472982,0.5,0.2,0.5,0.0,0.26902420891512496,0.3702753782261748,0.1502429064509482,0.21045750640775254,0.8195559771301015
857,171.5143428952635,0.5,0.2,0.5,0.0,0.26910467510960057,0.3703902456451841,0.15020420872652343,0.21030087051869242,0.8195559771301015
858,171.71447631754504,0.5,0.2,0.5,0.0,0.2691823289983671,0.37050656229420476,0.15016481395796816,0.21014629474946053,0.8195559771301015
859,171.91460973982655,0.5,0.2,0.5,0.0,0.269257173661268,0.37062427379249263,0.15012474497310968,0.20999380757313021,0.8195559771301015
860,172.11474316210806,0.5,0.2,0.5,0.0,0.26932921312409974,0.3707433258283749,0.1500840245662897,0.20984343648123624,0.8195559771301015
861,172.3148765843896,0.5,0.2,0.5,0.0,0.2693984523802743,0.3708636641987679,0.15004267549171285,0.20969520792924548,0.8195559771301015
862,172.5150100066711,0.5,0.2,0.5,0.0,0.2694648973808878,0.3709852348220119,0.15000072045500218,0.2095491473420987,0.8195559771301015
863,172.71514342895262,0.5,0.2,0.5,0.0,0.2695285550235196,0.37110798374963433,0.14995818210468256,0.2094052791221641,0.8195559771301015
864,172.91527685123415,0.5,0.2,0.5,0.0,0.2695894331410319,0.37123185717811297,0.1499150830236643,0.20926362665719142,0.8195559771301015
865,173.11541027351566,0.5,0.2,0.5,0.0,0.2696475404903697,0.37135680146063865,0.14987144572072666,0.20912421232826553,0.8195559771301015
866,173.3155436957972,0.5,0.2,0.5,0.0,0.26970288674135995,0.371482763118879,0.14982729262200126,0.2089870575177603,0.8195559771301015
867,173.5156771180787,0.5,0.2,0.5,0.0,0.26975548244447584,0.3716096889031101,0.14978264611693642,0.20885218253547816,0.8195559771301015
868,173.71581054036022,0.5,0.2,0.5,0.0,0.26980533902685977,0.37173752578737035,0.14973752853107278,0.20871960665469763,0.8195559771301015
869,173.91594396264176,0.5,0.2,0.5,0.0,0.2698524688091011,0.3718662209168899,0.14969196204506344,0.20858934822894604,0.8195559771301015
870,174.11607738492327,0.5,0.2,0.5,0.0,0.2698968849764648,0.3719957216602569,0.14964596873166605,0.20846142463161274,0.8195559771301015
871,174.31621080720478,0.5,0.2,0.5,0.0,0.26993860156745747,0.3721259756217174,0.14959957054783127,0.2083358522629943,0.8195559771301015
872,174.51634422948632,0.5,0.2,0.5,0.0,0.2699776334624022,0.37225693065345516,0.1495527893267677,0.20821264655737534,0.8195559771301015
873,174.71647765176783,0.5,0.2,0.5,0.0,0.27001399637201384,0.3723885348678706,0.14950564677000672,0.20809182199010925,0.8195559771301015
874,174.91661107404937,0.5,0.2,0.5,0.0,0.27004770682597395,0.37252073664986013,0.14945816443946727,0.20797339208469903,0.8195559771301015
875,175.11674449633088,0.5,0.2,0.5,0.0,0.2700787821585671,0.3726534846690616,0.14941036375156586,0.20785736942080582,0.8195559771301015
876,175.3168779186124,0.5,0.2,0.5,0.0,0.27010724033022276,0.3727867278902095,0.14936226608550862,0.20774376569405953,0.8195559771301015
877,175.51701134089393,0.5,0.2,0.5,0.0,0.2701331000771579,0.3729204155872695,0.14931389266328005,0.207632591672293,0.8195559771301015
878,175.71714476317544,0.5,0.2,0.5,0.0,0.2701563809625216,0.37305449735643853,0.14926526449816963,0.20752385718287075,0.8195559771301015
879,175.91727818545695,0.5,0.2,0.5,0.0,0.2701771032904919,0.3731889231275661,0.14921640243866138,0.20741757114328116,0.8195559771301015
880,176.1174116077385,0.5,0.2,0.5,0.0,0.27019528809349835,0.373323643176418,0.14916732716143974,0.20731374156864446,0.8195559771301015
881,176.31754503002,0.5,0.2,0.5,0.0,0.2702109571194447,0.37345860813693993,0.14911805916439555,0.20721237557922034,0.8195559771301015
882,176.51767845230154,0.5,0.2,0.5,0.0,0.27022413281893126,0.37359376901352137,0.14906861875963212,0.20711347940791577,0.8195559771301015
883,176.71781187458305,0.5,0.2,0.5,0.0,0.27023483833247763,0.37372907719325904,0.14901902606647105,0.2070170584077928,0.8195559771301015
884,176.91794529686456,0.5,0.2,0.5,0.0,0.27024309746271646,0.3738644844543507,0.1489693010156144,0.20692311706731892,0.8195559771301015
885,177.1180787191461,0.5,0.2,0.5,0.0,0.27024893446608933,0.373999942928011,0.14891946348729165,0.20683165911860854,0.8195559771301015
886,177.3182121414276,0.5,0.2,0.5,0.0,0.2702523743032395,0.374135405178501,0.14886953310891218,0.20674268740934776,0.8195559771301015
887,177.51834556370912,0.5,0.2,0.5,0.0,0.27025344260284656,0.37427082420936997,0.14881952926543254,0.20665620392235137,0.8195559771301015
888,177.71847898599066,0.5,0.2,0.5,0.0,0.27025216559665516,0.3744061534622789,0.148769471131106,0.20657220980996036,0.8195559771301015
889,177.91861240827217,0.5,0.2,0.5,0.0,0.2702485701052229,0.3745413468288843,0.1487193776635836,0.20649070540230963,0.8195559771301015
890,178.1187458305537,0.5,0.2,0.5,0.0,0.27024268352366704,0.3746763586627223,0.14866926759801524,0.20641169021559577,0.8195559771301015
891,178.31887925283522,0.5,0.2,0.5,0.0,0.27023453380741236,0.37481114379109215,0.14861915944115084,0.20633516296034501,0.8195559771301015
892,178.51901267511673,0.5,0.2,0.5,0.0,0.27022414945793805,0.37494565752694026,0.14856907146544127,0.2062611215496808,0.8195559771301015
893,178.71914609739827,0.5,0.2,0.5,0.0,0.27021155947962766,0.37507985566542373,0.1485190217329709,0.20618956312197798,0.8195559771301015
894,178.91927951967978,0.5,0.2,0.5,0.0,0.2701967932252515,0.3752136944214328,0.14846902823435665,0.20612048411895934,0.8195559771301015
895,179.1194129419613,0.5,0.2,0.5,0.0,0.27017988062612064,0.37534713057104707,0.1484191086305435,0.20605388017228904,0.8195559771301015
896,179.31954636424283,0.5,0.2,0.5,0.0,0.27016085210734264,0.375480121426048,0.14836928031967572,0.20598974614693388,0.8195559771301015
897,179.51967978652434,0.5,0.2,0.5,0.0,0.2701397385502528,0.3756126248334417,0.14831956045526717,0.20592807616103853,0.8195559771301015
898,179.71981320880587,0.5,0.2,0.5,0.0,0.27011657127698274,0.37574459918671804,0.14826996594151937,0.20586886359478004,0.8195559771301015
899,179.91994663108738,0.5,0.2,0.5,0.0,0.2700913820350289,0.37587600343710925,0.14822051342863937,0.20581210109922268,0.8195559771301015
900,180.1200800533689,0.5,0.2,0.5,0.0,0.2700642029818208,0.37600679710484897,0.14817121930815788,0.20575778060517252,0.8195559771301015
901,180.32021347565043,0.5,0.2,0.5,0.0,0.27003506666928984,0.3761369402904309,0.14812209970824733,0.2057058933320321,0.8195559771301015
902,180.52034689793194,0.5,0.2,0.5,0.0,0.2700040060008631,0.37626639364057046,0.14807317054031152,0.2056564298182551,0.8195559771301015
903,180.72048032021348,0.5,0.2,0.5,0.0,0.26997105416695416,0.3763951182788413,0.14802444758555924,0.20560937996864542,0.8195559771301015
904,180.920613742495,0.5,0.2,0.5,0.0,0.2699362447525903,0.376523076019088,0.1479759462615063,0.20556473296681552,0.8195559771301015
905,181.1207471647765,0.5,0.2,0.5,0.0,0.2698996116711645,0.376650229293206,0.1479276817117822,0.20552247732384746,0.8195559771301015
906,181.32088058705804,0.5,0.2,0.5,0.0,0.269861189143782,0.3767765411538233,0.14787966881115688,0.20548260089123796,0.8195559771301015
907,181.52101400933955,0.5,0.2,0.5,0.0,0.2698210116832246,0.37690197528456565,0.14783192216198335,0.20544509087022655,0.8195559771301015
908,181.72114743162106,0.5,0.2,0.5,0.0,0.26977911407791394,0.37702649601032195,0.1477844560906401,0.20540993382112416,0.8195559771301015
909,181.9212808539026,0.5,0.2,0.5,0.0,0.2697355313758754,0.37715006830750986,0.14773728464397348,0.20537711567264139,0.8195559771301015
910,182.1214142761841,0.5,0.2,0.5,0.0,0.26969029886870166,0.377272657814341,0.14769042158574047,0.205346621731217,0.8195559771301015
911,182.32154769846565,0.5,0.2,0.5,0.0,0.2696434520682078,0.3773942307629113,0.14764388045313326,0.20531843671574784,0.8195559771301015
912,182.52168112074716,0.5,0.2,0.5,0.0,0.2695950266872294,0.37751475395561285,0.14759767457924053,0.2052925447779174,0.8195559771301015
913,182.72181454302867,0.5,0.2,0.5,0.0,0.2695450586395953,0.3776341949466242,0.14755181695789293,0.2052689294558877,0.8195559771301015
914,182.9219479653102,0.5,0.2,0.5,0.0,0.2694935840161139,0.37775252196685316,0.1475063203056813,0.20524757371135183,0.8195559771301015
915,183.12208138759172,0.5,0.2,0.5,0.0,0.26944063906819643,0.3778697039305613,0.14746119706119726,0.20522845994004524,0.8195559771301015
916,183.32221480987323,0.5,0.2,0.5,0.0,0.26938626019160633,0.3779857104433354,0.14741645938323894,0.20521156998181958,0.8195559771301015
917,183.52234823215477,0.5,0.2,0.5,0.0,0.26933048391072406,0.37810051180947185,0.14737211914905052,0.20519688513075376,0.8195559771301015
918,183.72248165443628,0.5,0.2,0.5,0.0,0.2692733469000019,0.3782140789970559,0.14732818795500108,0.20518438614794135,0.8195559771301015
919,183.92261507671782,0.5,0.2,0.5,0.0,0.26921488593878967,0.3783263836788345,0.14728467711289317,0.20517405326948288,0.8195559771301015
920,184.12274849899933,0.5,0.2,0.5,0.0,0.26915513787731654,0.37843739826039957,0.14724159764700315,0.20516586621528088,0.8195559771301015
921,184.32288192128084,0.5,0.2,0.5,0.0,0.2690941396370351,0.3785470958692815,0.14719896029337534,0.20515980420030822,0.8195559771301015
922,184.52301534356238,0.5,0.2,0.5,0.0,0.26903192819503424,0.378655450362165,0.1471567754980713,0.20515584594472958,0.8195559771301015
923,184.7231487658439,0.5,0.2,0.5,0.0,0.2689685405684522,0.37876243633210577,0.14711505341541903,0.2051539696840231,0.8195559771301015
924,184.9232821881254,0.5,0.2,0.5,0.0,0.2689040138009202,0.3788680291030893,0.14707380391391503,0.20515415318207555,0.8195559771301015
925,185.12341561040694,0.5,0.2,0.5,0.0,0.2688383849656308,0.37897220462097425,0.14703303664477527,0.20515637376861975,0.8195559771301015
926,185.32354903268845,0.5,0.2,0.5,0.0,0.26877169112522603,0.37907493961356387,0.146992760947764,0.20516060831344618,0.8195559771301015
927,185.52368245497,0.5,0.2,0.5,0.0,0.2687039693198963,0.37917621157484954,0.1469529858633329,0.2051668332419213,0.8195559771301015
928,185.7238158772515,0.5,0.2,0.5,0.0,0.2686352565556774,0.3792759987480191,0.14691372014550705,0.2051750245507966,0.8195559771301015
929,185.923949299533,0.5,0.2,0.5,0.0,0.2685655897891614,0.3793742801308136,0.14687497226125834,0.20518515781876678,0.8195559771301015
930,186.12408272181455,0.5,0.2,0.5,0.0,0.2684950059122085,0.37947103548088434,0.14683675038987898,0.20519720821702833,0.8195559771301015
931,186.32421614409606,0.5,0.2,0.5,0.0,0.26842354175597094,0.37956624528540117,0.1467990624330992,0.20521115052552888,0.8195559771301015
932,186.52434956637757,0.5,0.2,0.5,0.0,0.26835123412031464,0.3796598906836505,0.14676191603933428,0.2052269591567007,0.8195559771301015
933,186.7244829886591,0.5,0.2,0.5,0.0,0.26827811966862725,0.3797519536388038,0.14672531855304224,0.20524460813952689,0.8195559771301015
934,186.92461641094062,0.5,0.2,0.5,0.0,0.2682042349462686,0.3798424168808226,0.14668927703286733,0.20526407114004175,0.8195559771301015
935,187.12474983322215,0.5,0.2,0.5,0.0,0.26812961637006344,0.3799312639029651,0.14665379825367336,0.20528532147329837,0.8195559771301015
936,187.32488325550366,0.5,0.2,0.5,0.0,0.26805430021400223,0.38001847896531166,0.14661888870646791,0.20530833211421845,0.8195559771301015
937,187.52501667778517,0.5,0.2,0.5,0.0,0.2679783225949421,0.38010404709828977,0.14658455459832595,0.20533307570844248,0.8195559771301015
938,187.7251501000667,0.5,0.2,0.5,0.0,0.2679017195049315,0.3801879540251262,0.14655080187462036,0.20535952459532225,0.8195559771301015
939,187.92528352234822,0.5,0.2,0.5,0.0,0.26782452679853863,0.3802701861625425,0.14651763621972438,0.2053876508191948,0.8195559771301015
940,188.12541694462973,0.5,0.2,0.5,0.0,0.2677467801026804,0.38035073075621134,0.14648506302063613,0.2054174261204725,0.8195559771301015
941,188.32555036691127,0.5,0.2,0.5,0.0,0.2676685148438897,0.38042957581200276,0.14645308738678925,0.20544882195731867,0.8195559771301015
942,188.52568378919278,0.5,0.2,0.5,0.0,0.26758976623534825,0.38050671009719395,0.14642171415061397,0.20548180951684422,0.8195559771301015
943,188.72581721147432,0.5,0.2,0.5,0.0,0.26751056926375866,0.3805821231419571,0.14639094786802165,0.205516359726263,0.8195559771301015
944,188.92595063375583,0.5,0.2,0.5,0.0,0.26743095867814254,0.3806558052375247,0.14636079281998293,0.20555244326435018,0.8195559771301015
945,189.12608405603734,0.5,0.2,0.5,0.0,0.267350969045543,0.3807277473188996,0.146331253052115,0.20559003058344272,0.8195559771301015
946,189.32621747831888,0.5,0.2,0.5,0.0,0.2672706346743267,0.3807979410760441,0.14630233233905152,0.205629091910578,0.8195559771301015
947,189.5263509006004,0.5,0.2,0.5,0.0,0.26718998958306833,0.3808663789864094,0.1462740341747079,0.20566959725581457,0.8195559771301015
948,189.7264843228819,0.5,0.2,0.5,0.0,0.2671090675123031,0.3809330542734891,0.14624636178690026,0.20571151642730776,0.8195559771301015
949,189.92661774516344,0.5,0.2,0.5,0.0,0.2670279019125426,0.3809979609063333,0.14621931813847958,0.20575481904264473,0.8195559771301015
950,190.12675116744495,0.5,0.2,0.5,0.0,0.2669465259322915,0.38106109359906254,0.14619290592846607,0.2057994745401801,0.8195559771301015
951,190.3268845897265,0.5,0.2,0.5,0.0,0.26686497242336055,0.3811224477859357,0.14616712759886138,0.20584545219184258,0.8195559771301015
952,190.527018012008,0.5,0.2,0.5,0.0,0.2667832740362388,0.3811820194691344,0.146141985371024,0.20589272112360305,0.8195559771301015
953,190.7271514342895,0.5,0.2,0.5,0.0,0.2667014630383772,0.3812398054581657,0.14611748119108636,0.20594125031237095,0.8195559771301015
954,190.92728485657105,0.5,0.2,0.5,0.0,0.2666195713433424,0.3812958033112355,0.14609361674459312,0.20599100860082922,0.8195559771301015
955,191.12741827885256,0.5,0.2,0.5,0.0,0.2665376305184573,0.38135001130702645,0.1460703934640775,0.20604196471043904,0.8195559771301015
956,191.32755170113407,0.5,0.2,0.5,0.0,0.26645567177388446,0.3814024284427042,0.1460478125305456,0.20609408725286596,0.8195559771301015
957,191.5276851234156,0.5,0.2,0.5,0.0,0.2663737259517088,0.38145305443192434,0.14602587487496105,0.2061473447414061,0.8195559771301015
958,191.72781854569712,0.5,0.2,0.5,0.0,0.2662918235150207,0.3815018897028381,0.14600458117972936,0.2062017056024121,0.8195559771301015
959,191.92795196797866,0.5,0.2,0.5,0.0,0.2662099945510767,0.3815489353773584,0.14598393188437894,0.20625713818718622,0.8195559771301015
960,192.12808539026017,0.5,0.2,0.5,0.0,0.266128268966616,0.3815941929946142,0.145963927248525,0.20631361079024496,0.8195559771301015
961,192.32821881254168,0.5,0.2,0.5,0.0,0.2660466762150594,0.3816376648575946,0.14594456727528488,0.2063710916520613,0.8195559771301015
962,192.52835223482322,0.5,0.2,0.5,0.0,0.26596524529875554,0.38167935401363096,0.14592585171668657,0.20642954897092716,0.8195559771301015
963,192.72848565710473,0.5,0.2,0.5,0.0,0.26588400481462626,0.38171926417710395,0.1459077800920147,0.20648895091625524,0.8195559771301015
964,192.92861907938624,0.5,0.2,0.5,0.0,0.26580298294518495,0.38175739972487405,0.14589035168987186,0.2065492656400693,0.8195559771301015
965,193.12875250166778,0.5,0.2,0.5,0.0,0.2657222074495541,0.3817937656917117,0.14587356557023995,0.20661046128849436,0.8195559771301015
966,193.3288859239493,0.5,0.2,0.5,0.0,0.265641705654484,0.38182836776572776,0.14585742056654138,0.20667250601324696,0.8195559771301015
967,193.52901934623083,0.5,0.2,0.5,0.0,0.2655615044489929,0.3818612122796591,0.14584191528864146,0.2067353679827066,0.8195559771301015
968,193.72915276851234,0.5,0.2,0.5,0.0,0.2654816304605541,0.3818923059944534,0.14582704817300457,0.20679901537198792,0.8195559771301015
969,193.92928619079385,0.5,0.2,0.5,0.0,0.2654021098705802,0.3819216562955222,0.14581281743916305,0.20686341639473452,0.8195559771301015
970,194.12941961307538,0.5,0.2,0.5,0.0,0.26532296834033897,0.38194927126265227,0.1457992210748692,0.2069285393221395,0.8195559771301015
971,194.3295530353569,0.5,0.2,0.5,0.0,0.2652442310805515,0.38197515957553535,0.14578625685856658,0.20699435248534648,0.8195559771301015
972,194.5296864576384,0.5,0.2,0.5,0.0,0.2651659228442674,0.38199933050707363,0.14577392236193368,0.20706082428672523,0.8195559771301015
973,194.72981987991994,0.5,0.2,0.5,0.0,0.26508806791973966,0.3820217939166856,0.14576221495242767,0.20712792321114698,0.8195559771301015
974,194.92995330220145,0.5,0.2,0.5,0.0,0.2650106901233003,0.38204256024361166,0.14575113179582785,0.20719561783726004,0.8195559771301015
975,195.130086724483,0.5,0.2,0.5,0.0,0.2649338127922655,0.38206164050018976,0.14574066985878592,0.20726387684875872,0.8195559771301015
976,195.3302201467645,0.5,0.2,0.5,0.0,0.2648574589344231,0.3820790461103265,0.14573082594370587,0.2073326690115444,0.8195559771301015
977,195.530353569046,0.5,0.2,0.5,0.0,0.26478165114754815,0.38209478897532967,0.14572159667614107,0.20740196320098103,0.8195559771301015
978,195.73048699132755,0.5,0.2,0.5,0.0,0.2647064114453244,0.38210888163227275,0.14571297847286577,0.20747172844953699,0.8195559771301015
979,195.93062041360906,0.5,0.2,0.5,0.0,0.2646317613614666,0.38212133713731633,0.14570496756738863,0.20754193393382833,0.8195559771301015
980,196.13075383589057,0.5,0.2,0.5,0.0,0.2645577219445317,0.3821321690570995,0.1456975600128962,0.20761254898547252,0.8195559771301015
981,196.3308872581721,0.5,0.2,0.5,0.0,0.26448431375272996,0.38214139146013165,0.14569075168519627,0.20768354310194204,0.8195559771301015
982,196.53102068045362,0.5,0.2,0.5,0.0,0.2644115568487363,0.38214901890818387,0.1456845382856614,0.2077548859574184,0.8195559771301015
983,196.73115410273516,0.5,0.2,0.5,0.0,0.26433947079450126,0.38215506644768077,0.14567891534417216,0.20782654741364576,0.8195559771301015
984,196.93128752501667,0.5,0.2,0.5,0.0,0.2642680747548556,0.3821595495150189,0.14567387823804762,0.20789849749207787,0.8195559771301015
985,197.13142094729818,0.5,0.2,0.5,0.0,0.2641973875319883,0.3821624838965748,0.14566942220081786,0.20797070637061899,0.8195559771301015
986,197.33155436957972,0.5,0.2,0.5,0.0,0.26412742730644806,0.38216388592090256,0.14566554228787026,0.2080431444847791,0.8195559771301015
987,197.53168779186123,0.5,0.2,0.5,0.0,0.2640582117617203,0.38216377234745896,0.1456622333984618,0.20811578249235896,0.8195559771301015
988,197.73182121414274,0.5,0.2,0.5,0.0,0.26398975808331654,0.38216216035461026,0.14565949027929126,0.20818859128278192,0.8195559771301015
989,197.93195463642428,0.5,0.2,0.5,0.0,0.263922082955487,0.38215906752951995,0.1456573075277219,0.2082615419872711,0.8195559771301015
990,198.1320880587058,0.5,0.2,0.5,0.0,0.2638552025579332,0.3821545118580356,0.1456556795950044,0.20833460598902676,0.8195559771301015
991,198.33222148098733,0.5,0.2,0.5,0.0,0.2637891325625203,0.38214851171457664,0.14565460078949957,0.20840775493340347,0.8195559771301015
992,198.53235490326884,0.5,0.2,0.5,0.0,0.26372388819769327,0.38214108581166245,0.14565406528870126,0.20848096070194314,0.8195559771301015
993,198.73248832555035,0.5,0.2,0.5,0.0,0.2636594843588354,0.38213225312205373,0.14565406715723075,0.20855419536188016,0.8195559771301015
994,198.9326217478319,0.5,0.2,0.5,0.0,0.26359593532093933,0.38212203303796133,0.14565460031314018,0.20862743132795925,0.8195559771301015
995,199.1327551701134,0.5,0.2,0.5,0.0,0.2635332548531761,0.3821104452906771,0.14565565854645404,0.20870064130969282,0.8195559771301015
996,199.3328885923949,0.5,0.2,0.5,0.0,0.26347145622710055,0.3820975099336107,0.14565723552388604,0.20877379831540283,0.8195559771301015
997,199.53302201467645,0.5,0.2,0.5,0.0,0.26341055221514825,0.3820832473311128,0.1456593247922937,0.20884687566144539,0.8195559771301015
998,199.73315543695796,0.5,0.2,0.5,0.0,0.2633505550891325,0.38206767814729914,0.14566191978213314,0.2089198469814354,0.8195559771301015
999,199.9332888592395,0.5,0.2,0.5,0.0,0.2632914766187414,0.3820508233348737,0.14566501381091385,0.20899268623547124,0.8195559771301015
1000,200.133422281521,0.5,0.2,0.5,0.0,0.26323332812425476,0.3820327041057376,0.1456686000906635,0.20906536767934433,0.8195559771301015
1001,200.33355570380252,0.5,0.2,0.5,0.0,0.2631761206756506,0.382013341852418,0.14567267174621953,0.20913786572571208,0.8195559771301015
1002,200.53368912608406,0.5,0.2,0.5,0.0,0.26311986468803106,0.381992758272303,0.1456772217888731,0.2092101552507931,0.8195559771301015
1003,200.73382254836557,0.5,0.2,0.5,0.0,0.2630645700566198,0.3819709753106079,0.1456822431299195,0.20928221150285303,0.8195559771301015
1004,200.93395597064708,0.5,0.2,0.5,0.0,0.2630102461867141,0.38194801513863186,0.1456877285864391,0.20935401008821525,0.8195559771301015
1005,201.13408939292862,0.5,0.2,0.5,0.0,0.2629569019932376,0.38192390014222644,0.14569367088483023,0.20942552697970604,0.8195559771301015
1006,201.33422281521013,0.5,0.2,0.5,0.0,0.2629045459002933,0.3818986529102648,0.14570006266434204,0.2094967385251002,0.8195559771301015
1007,201.53435623749166,0.5,0.2,0.5,0.0,0.262853185840716,0.38187229622311053,0.14570689648060733,0.20956762145556643,0.8195559771301015
1008,201.73448965977317,0.5,0.2,0.5,0.0,0.2628028292556256,0.3818448530410866,0.1457141648091754,0.20963815289411275,0.8195559771301015
1009,201.93462308205469,0.5,0.2,0.5,0.0,0.2627534830939795,0.38181634649294416,0.14572186004904478,0.20970831036403192,0.8195559771301015
1010,202.13475650433622,0.5,0.2,0.5,0.0,0.2627051538121256,0.38178679986433156,0.1457299745261962,0.20977807179734695,0.8195559771301015
1011,202.33488992661773,0.5,0.2,0.5,0.0,0.2626578476104447,0.38175623654732194,0.1457385005054758,0.20984741533675802,0.8195559771301015
1012,202.53502334889924,0.5,0.2,0.5,0.0,0.2626115705569777,0.3817246800085032,0.14574743019849748,0.209916319236022,0.8195559771301015
1013,202.73515677118078,0.5,0.2,0.5,0.0,0.26256632790707113,0.3816921538891199,0.1457567557432299,0.20998476246057948,0.8195559771301015
1014,202.9352901934623,0.5,0.2,0.5,0.0,0.262522124448477,0.38165868193678704,0.14576646921969916,0.2100527243950372,0.8195559771301015
1015,203.13542361574383,0.5,0.2,0.5,0.0,0.2624789645138438,0.3816242879918337,0.1457765626539774,0.21012018484034553,0.8195559771301015
1016,203.33555703802534,0.5,0.2,0.5,0.0,0.2624368519823681,0.38158899597542745,0.1457870280217896,0.21018712402041526,0.8195559771301015
1017,203.53569046030685,0.5,0.2,0.5,0.0,0.2623957902814474,0.3815528298776983,0.1457978572521204,0.21025352258873434,0.8195559771301015
1018,203.7358238825884,0.5,0.2,0.5,0.0,0.2623557823883322,0.38151581374586274,0.14580904223082072,0.2103193616349848,0.8195559771301015
1019,203.9359573048699,0.5,0.2,0.5,0.0,0.26231683083177826,0.3814779716723479,0.1458205748042147,0.21038462269165953,0.8195559771301015
1020,204.1360907271514,0.5,0.2,0.5,0.0,0.2622789376936992,0.3814393277829156,0.14583244678270643,0.21044928774067917,0.8195559771301015
1021,204.33622414943295,0.5,0.2,0.5,0.0,0.26224210461215075,0.38139990622522923,0.14584464994432936,0.2105133392182911,0.8195559771301015
1022,204.53635757171446,0.5,0.2,0.5,0.0,0.2622063330962735,0.3813597312611329,0.14585717602484644,0.2105767596177476,0.8195559771301015
1023,204.736490993996,0.5,0.2,0.5,0.0,0.2621716242708918,0.38131882716931653,0.14587001673243927,0.21063953182735287,0.8195559771301015
1024,204.9366244162775,0.5,0.2,0.5,0.0,0.2621379786577953,0.381277218160177,0.14588316376081495,0.21070163942121317,0.8195559771301015
1025,205.13675783855902,0.5,0.2,0.5,0.0,0.2621053963691177,0.3812349284276825,0.14589660878454758,0.2107630664186527,0.8195559771301015
1026,205.33689126084056,0.5,0.2,0.5,0.0,0.2620738771105795,0.381191982138025,0.14591034346261628,0.21082379728877976,0.8195559771301015
1027,205.53702468312207,0.5,0.2,0.5,0.0,0.26204342018473054,0.38114840341827355,0.14592435944194349,0.210883816955053,0.8195559771301015
1028,205.7371581054036,0.5,0.2,0.5,0.0,0.262014024494193,0.3811042163450268,0.14593864836093315,0.21094311079984765,0.8195559771301015
1029,205.93729152768512,0.5,0.2,0.5,0.0,0.261985688544904,0.38105944493306587,0.14595320185300903,0.21100166466902168,0.8195559771301015
1030,206.13742494996663,0.5,0.2,0.5,0.0,0.2619584104493585,0.38101411312400735,0.14596801155015274,0.211059464876482,0.8195559771301015
1031,206.33755837224817,0.5,0.2,0.5,0.0,0.26193218792985196,0.3809682447749558,0.14598306908644212,0.21111649820875078,0.8195559771301015
1032,206.53769179452968,0.5,0.2,0.5,0.0,0.2619070183442738,0.3809218636666321,0.14599836609834937,0.21117275189074527,0.8195559771301015
1033,206.7378252168112,0.5,0.2,0.5,0.0,0.261882898983977,0.3808749937464697,0.14601389418594832,0.21122821308360568,0.8195559771301015
1034,206.93795863909273,0.5,0.2,0.5,0.0,0.26185982665553614,0.3808276587532677,0.14602964497701007,0.2112828696141868,0.8195559771301015
1035,207.13809206137424,0.5,0.2,0.5,0.0,0.261837797728398,0.38077988224419457,0.1460456101241609,0.21133670990324724,0.8195559771301015
1036,207.33822548365578,0.5,0.2,0.5,0.0,0.2618168082216394,0.38073168765556625,0.14606178129642133,0.21138972282637372,0.8195559771301015
1037,207.5383589059373,0.5,0.2,0.5,0.0,0.26179685380849077,0.3806830982926046,0.1460781501825603,0.21144189771634506,0.8195559771301015
1038,207.7384923282188,0.5,0.2,0.5,0.0,0.26177792982085907,0.3806341373191961,0.14609470849444936,0.2114932243654962,0.8195559771301015
1039,207.93862575050034,0.5,0.2,0.5,0.0,0.2617600312538509,0.38058482774765046,0.1461114479704171,0.21154369302808226,0.8195559771301015
1040,208.13875917278185,0.5,0.2,0.5,0.0,0.26174315277029575,0.3805351924284591,0.14612836037860324,0.21159329442264257,0.8195559771301015
1041,208.33889259506336,0.5,0.2,0.5,0.0,0.2617272887052693,0.3804852540400539,0.146145437520313,0.21164201973436458,0.8195559771301015
1042,208.5390260173449,0.5,0.2,0.5,0.0,0.2617124330706161,0.3804350350785654,0.1461626712333712,0.211689860617448,0.8195559771301015
1043,208.7391594396264,0.5,0.2,0.5,0.0,0.26169857961201703,0.3803845579362042,0.14618005337503723,0.21173680907674222,0.8195559771301015
1044,208.93929286190794,0.5,0.2,0.5,0.0,0.26168572197778345,0.38033384516808344,0.14619757576145778,0.21178285709267602,0.8195559771301015
1045,209.13942628418945,0.5,0.2,0.5,0.0,0.2616738533737696,0.3802829188923142,0.14621523030701938,0.21182799742689754,0.8195559771301015
1046,209.33955970647096,0.5,0.2,0.5,0.0,0.261662966693985,0.3802318009924294,0.1462330089786541,0.21187222333493216,0.8195559771301015
1047,209.5396931287525,0.5,0.2,0.5,0.0,0.26165305454895804,0.3801805131473527,0.14625090378991978,0.2119155285137701,0.8195559771301015
1048,209.739826551034,0.5,0.2,0.5,0.0,0.2616441092711753,0.3801290768227018,0.14626890680399815,0.21195790710212528,0.8195559771301015
1049,209.93995997331552,0.5,0.2,0.5,0.0,0.2616361229205208,0.38007751326209294,0.14628701013669243,0.2119993536806944,0.8195559771301015
1050,210.14009339559706,0.5,0.2,0.5,0.0,0.2616290872897151,0.38002584347844404,0.1463052059594254,0.21203986327241597,0.8195559771301015
1051,210.34022681787857,0.5,0.2,0.5,0.0,0.261622993909755,0.37997408824527895,0.14632348650223714,0.21207943134272944,0.8195559771301015
1052,210.5403602401601,0.5,0.2,0.5,0.0,0.26161783405535244,0.379922268088031,0.146341844056783,0.21211805379983403,0.8195559771301015
1053,210.74049366244162,0.5,0.2,0.5,0.0,0.2616135987503741,0.37987040327534705,0.14636027097933135,0.212155726994948,0.8195559771301015
1054,210.94062708472313,0.5,0.2,0.5,0.0,0.2616102789049627,0.3798185142554948,0.1463787595978745,0.2121924472416684,0.8195559771301015
1055,211.14076050700467,0.5,0.2,0.5,0.0,0.26160786504727296,0.37976662072251177,0.14639730241442925,0.21222821181578644,0.8195559771301015
1056,211.34089392928618,0.5,0.2,0.5,0.0,0.26160634766275215,0.3797147427359382,0.14641589186494136,0.21226301773636871,0.8195559771301015
1057,211.5410273515677,0.5,0.2,0.5,0.0,0.2616057169004861,0.3796628997011448,0.14643452054007436,0.2122968628582951,0.8195559771301015
1058,211.74116077384923,0.5,0.2,0.5,0.0,0.26160596269774605,0.37961111076323595,0.14645318110147695,0.21232974543754143,0.8195559771301015
1059,211.94129419613074,0.5,0.2,0.5,0.0,0.26160707478559614,0.3795593947989229,0.14647186628465814,0.21236166413082322,0.8195559771301015
1060,212.14142761841228,0.5,0.2,0.5,0.0,0.26160904269455193,0.3795077704085674,0.1464905689018257,0.21239261799505535,0.8195559771301015
1061,212.3415610406938,0.5,0.2,0.5,0.0,0.2616118557602886,0.37945625590839566,0.14650928184468814,0.21242260648662806,0.8195559771301015
1062,212.5416944629753,0.5,0.2,0.5,0.0,0.2616155031294001,0.37940486932288187,0.14652799808721967,0.21245162946049884,0.8195559771301015
1063,212.74182788525684,0.5,0.2,0.5,0.0,0.261619973765208,0.37935362837730296,0.14654671068838887,0.2124796871691006,0.8195559771301015
1064,212.94196130753835,0.5,0.2,0.5,0.0,0.2616252564539373,0.3793025504934915,0.14656541279410548,0.2125067802584661,0.8195559771301015
1065,213.14209472981986,0.5,0.2,0.5,0.0,0.26163133984893694,0.3792516531502604,0.146584097549478,0.21253290945132505,0.8195559771301015
1066,213.3422281521014,0.5,0.2,0.5,0.0,0.26163821244203467,0.379200953544485,0.14660275818308635,0.2125580758303943,0.8195559771301015
1067,213.5423615743829,0.5,0.2,0.5,0.0,0.26164586254842326,0.3791504683816843,0.14662138805940883,0.2125822810104839,0.8195559771301015
1068,213.74249499666445,0.5,0.2,0.5,0.0,0.2616542783339818,0.37910021407338446,0.14663998063120154,0.21260552696143256,0.8195559771301015
1069,213.94262841894596,0.5,0.2,0.5,0.0,0.2616634478217466,0.37905020673414236,0.14665852944115865,0.21262781600295272,0.8195559771301015
1070,214.14276184122747,0.5,0.2,0.5,0.0,0.26167335889844573,0.37900046217886835,0.14667702812350458,0.21264915079918165,0.8195559771301015
1071,214.342895263509,0.5,0.2,0.5,0.0,0.26168399932109726,0.3789509959204467,0.14669547040551803,0.2126695343529383,0.8195559771301015
1072,214.54302868579052,0.5,0.2,0.5,0.0,0.2616953567236714,0.3789018231676556,0.14671385010898724,0.2126889699996861,0.8195559771301015
1073,214.74316210807203,0.5,0.2,0.5,0.0,0.26170741862381597,0.37885295882338516,0.1467321611515976,0.21270746140120153,0.8195559771301015
1074,214.94329553035357,0.5,0.2,0.5,0.0,0.26172017242964635,0.3788044174831545,0.14675039754825067,0.21272501253894868,0.8195559771301015
1075,215.14342895263508,0.5,0.2,0.5,0.0,0.2617336054465984,0.3787562134339274,0.1467685534123149,0.21274162770715954,0.8195559771301015
1076,215.34356237491662,0.5,0.2,0.5,0.0,0.2617477048843457,0.3787083606532261,0.14678662295680828,0.21275731150562016,0.8195559771301015
1077,215.54369579719813,0.5,0.2,0.5,0.0,0.26176245780555796,0.37866087284616207,0.1468046004710932,0.21277206887718694,0.8195559771301015
1078,215.74382921947964,0.5,0.2,0.5,0.0,0.26177785115955277,0.3786137634279567,0.14682248033308185,0.21278590507940884,0.8195559771301015
1079,215.94396264176117,0.5,0.2,0.5,0.0,0.2617938718634817,0.3785670454760891,0.1468402570412839,0.21279882561914543,0.8195559771301015
1080,216.14409606404269,0.5,0.2,0.5,0.0,0.26181050675937784,0.37852073176299095,0.14685792519469265,0.21281083628293868,0.8195559771301015
1081,216.3442294863242,0.5,0.2,0.5,0.0,0.261827742620708,0.3784748347570952,0.14687547949333993,0.21282194312885697,0.8195559771301015
1082,216.54436290860573,0.5,0.2,0.5,0.0,0.2618455661589798,0.37842936662418997,0.14689291473877825,0.21283215247805207,0.8195559771301015
1083,216.74449633088724,0.5,0.2,0.5,0.0,0.26186396403038703,0.37838433922908693,0.14691022583448488,0.21284147090604125,0.8195559771301015
1084,216.94462975316878,0.5,0.2,0.5,0.0,0.26188292284249415,0.3783397641376045,0.14692740778618668,0.21284990523371478,0.8195559771301015
1085,217.1447631754503,0.5,0.2,0.5,0.0,0.26190242916095935,0.37829565261886594,0.14694445570210643,0.21285746251806834,0.8195559771301015
1086,217.3448965977318,0.5,0.2,0.5,0.0,0.2619224695162965,0.3782520156479123,0.14696136479313043,0.21286415004266085,0.8195559771301015
1087,217.54503002001334,0.5,0.2,0.5,0.0,0.26194303041067585,0.37820886390862973,0.1469781303728972,0.21286997530779733,0.8195559771301015
1088,217.74516344229485,0.5,0.2,0.5,0.0,0.2619640983247632,0.3781662077969923,0.1469947478578076,0.212874946020437,0.8195559771301015
1089,217.94529686457636,0.5,0.2,0.5,0.0,0.26198565962607945,0.3781240572112798,0.1470112127987478,0.21287907036389297,0.8195559771301015
1090,218.1454302868579,0.5,0.2,0.5,0.0,0.26200770055516037,0.3780824215110011,0.14702752088763982,0.21288235704619873,0.8195559771301015
1091,218.3455637091394,0.5,0.2,0.5,0.0,0.262030207463676,0.3780413100216579,0.14704366788262027,0.2128848146320458,0.8195559771301015
1092,218.54569713142095,0.5,0.2,0.5,0.0,0.26205316669484635,0.3780007317651443,0.14705964964858176,0.21288645189142763,0.8195559771301015
1093,218.74583055370246,0.5,0.2,0.5,0.0,0.26207656458673656,0.37796069545646904,0.14707546215799544,0.21288727779879899,0.8195559771301015
1094,218.94596397598397,0.5,0.2,0.5,0.0,0.2621003874777913,0.37792120950555635,0.14709110149094487,0.21288730152570762,0.8195559771301015
1095,219.1460973982655,0.5,0.2,0.5,0.0,0.2621246217123512,0.37788228201924035,0.14710656383509937,0.2128865324333092,0.8195559771301015
1096,219.34623082054702,0.5,0.2,0.5,0.0,0.26214925364615344,0.37784392080345425,0.1471218454856264,0.21288498006476608,0.8195559771301015
1097,219.54636424282853,0.5,0.2,0.5,0.0,0.2621742696518143,0.3778061333656132,0.14713694284504322,0.21288265413752946,0.8195559771301015
1098,219.74649766511007,0.5,0.2,0.5,0.0,0.26219965612429563,0.3777689269171914,0.14715185242300785,0.21287956453550533,0.8195559771301015
1099,219.94663108739158,0.5,0.2,0.5,0.0,0.2622253994863538,0.3777323083764935,0.14716657083604925,0.2128757213011037,0.8195559771301015
1100,220.14676450967312,0.5,0.2,0.5,0.0,0.262251486193972,0.3776962843716199,0.14718109480723676,0.21287113462717164,0.8195559771301015
1101,220.34689793195463,0.5,0.2,0.5,0.0,0.26227790270300155,0.37766086116305536,0.1471954211865502,0.21286581494739312,0.8195559771301015
1102,220.54703135423614,0.5,0.2,0.5,0.0,0.2623046354293241,0.37762604455302196,0.1472095469746499,0.2128597730430043,0.8195559771301015
1103,220.74716477651768,0.5,0.2,0.5,0.0,0.26233167090189985,0.37759184019587705,0.14722346924329474,0.21285301965892858,0.8195559771301015
1104,220.9472981987992,0.5,0.2,0.5,0.0,0.26235899569964893,0.37755825345954835,0.14723718517143827,0.21284556566936472,0.8195559771301015
1105,221.1474316210807,0.5,0.2,0.5,0.0,0.2623865964517749,0.3775252894190305,0.14725069204728428,0.21283742208191056,0.8195559771301015
1106,221.34756504336224,0.5,0.2,0.5,0.0,0.26241445984226874,0.37749295285879786,0.14726398726803427,0.21282860003089943,0.8195559771301015
1107,221.54769846564375,0.5,0.2,0.5,0.0,0.2624425726143653,0.3774612482753485,0.1472770683395903,0.21281911077069623,0.8195559771301015
1108,221.7478318879253,0.5,0.2,0.5,0.0,0.26247092157495344,0.37743017987987987,0.14728993287621325,0.21280896566895377,0.8195559771301015
1109,221.9479653102068,0.5,0.2,0.5,0.0,0.2624994935989385,0.3773997516010965,0.14730257860013626,0.21279817619982908,0.8195559771301015
1110,222.1480987324883,0.5,0.2,0.5,0.0,0.26252827563355796,0.3773699670881489,0.14731500334113365,0.21278675393715982,0.8195559771301015
1111,222.34823215476985,0.5,0.2,0.5,0.0,0.26255725470265023,0.3773408297137041,0.14732720503604527,0.2127747105476007,0.8195559771301015
1112,222.54836557705136,0.5,0.2,0.5,0.0,0.2625864179108762,0.37731234257714835,0.1473391817282558,0.21276205778371993,0.8195559771301015
1113,222.74849899933287,0.5,0.2,0.5,0.0,0.26261575243231866,0.3772845084815205,0.14735093157128265,0.21274880751487849,0.8195559771301015
1114,222.9486324216144,0.5,0.2,0.5,0.0,0.2626452454736631,0.37725732986757216,0.14736245283908286,0.21273497181968212,0.8195559771301015
1115,223.14876584389592,0.5,0.2,0.5,0.0,0.26267488437035724,0.37723080897344113,0.1473737439008494,0.21272056275535253,0.8195559771301015
1116,223.34889926617745,0.5,0.2,0.5,0.0,0.2627046565550948,0.37720494777812225,0.1473848032297899,0.21270559243699327,0.8195559771301015
1117,223.54903268845896,0.5,0.2,0.5,0.0,0.262734549556123,0.3771797479957024,0.14739562940389736,0.21269007304427742,0.8195559771301015
1118,223.74916611074048,0.5,0.2,0.5,0.0,0.2627645510007034,0.37715521107854094,0.14740622110528928,0.21267401681546658,0.8195559771301015
1119,223.949299533022,0.5,0.2,0.5,0.0,0.2627946486185077,0.37713133822055295,0.147416577119507,0.21265743604143253,0.8195559771301015
1120,224.14943295530352,0.5,0.2,0.5,0.0,0.2628248302449501,0.37710813036059354,0.14742669633477498,0.21264034305968152,0.8195559771301015
1121,224.34956637758503,0.5,0.2,0.5,0.0,0.262855083824454,0.37708558818594523,0.14743657774122013,0.2126227502483808,0.8195559771301015
1122,224.54969979986657,0.5,0.2,0.5,0.0,0.26288539741365485,0.37706371213590617,0.14744622043005112,0.21260467002038796,0.8195559771301015
1123,224.74983322214808,0.5,0.2,0.5,0.0,0.26291575918453824,0.3770425024054814,0.14745562359269776,0.2125861148172828,0.8195559771301015
1124,224.94996664442962,0.5,0.2,0.5,0.0,0.26294615742751337,0.3770219589491751,0.14746478651991032,0.21256709710340133,0.8195559771301015
1125,225.15010006671113,0.5,0.2,0.5,0.0,0.2629765805557275,0.3770020814708336,0.14747370859761344,0.2125476293758257,0.8195559771301015
1126,225.35023348899264,0.5,0.2,0.5,0.0,0.26300701711464736,0.37698286935616665,0.14748238928962165,0.21252772423956448,0.8195559771301015
1127,225.55036691127418,0.5,0.2,0.5,0.0,0.26303745577295007,0.3769643218059569,0.1474908281660696,0.21250739425502363,0.8195559771301015
1128,225.7505003335557,0.5,0.2,0.5,0.0,0.26306788532888886,0.3769464378020229,0.1474990248936294,0.212486651975459,0.8195559771301015
1129,225.9506337558372,0.5,0.2,0.5,0.0,0.2630982947142771,0.3769292160982498,0.14750697923138245,0.2124655099560909,0.8195559771301015
1130,226.15076717811874,0.5,0.2,0.5,0.0,0.26312867299723675,0.37691265522432066,0.14751469102952536,0.2124439807489175,0.8195559771301015
1131,226.35090060040025,0.5,0.2,0.5,0.0,0.26315900938488546,0.37689675348952617,0.1475221602280303,0.21242207689755838,0.8195559771301015
1132,226.5510340226818,0.5,0.2,0.5,0.0,0.26318929322596063,0.3768815089866509,0.14752938685525976,0.21239981093212898,0.8195559771301015
1133,226.7511674449633,0.5,0.2,0.5,0.0,0.26321951401338206,0.37686691959593727,0.14753637102653558,0.21237719536414543,0.8195559771301015
1134,226.9513008672448,0.5,0.2,0.5,0.0,0.2632496613867514,0.3768529829891264,0.14754311294266256,0.21235424268146,0.8195559771301015
1135,227.15143428952635,0.5,0.2,0.5,0.0,0.2632797251347902,0.37683969663357686,0.14754961288840615,0.21233096534322712,0.8195559771301015
1136,227.35156771180786,0.5,0.2,0.5,0.0,0.2633096951977154,0.37682705779646003,0.14755587123092484,0.21230737577490008,0.8195559771301015
1137,227.55170113408937,0.5,0.2,0.5,0.0,0.2633395619560488,0.37681506335428044,0.14756188851724408,0.21228348617242704,0.8195559771301015
1138,227.7518345563709,0.5,0.2,0.5,0.0,0.2633693148854491,0.37680371053671785,0.14756766512811728,0.21225930944971613,0.8195559771301015
1139,227.95196797865242,0.5,0.2,0.5,0.0,0.2633989448073666,0.37679299567896346,0.14757320186361986,0.21223485765005046,0.8195559771301015
1140,228.15210140093396,0.5,0.2,0.5,0.0,0.263428442239718,0.37678291524756097,0.14757849943998877,0.21221014307273262,0.8195559771301015
1141,228.35223482321547,0.5,0.2,0.5,0.0,0.2634577978609532,0.3767734655202669,0.1475835586549602,0.21218517796382005,0.8195559771301015
1142,228.55236824549698,0.5,0.2,0.5,0.0,0.26348700251082624,0.3767646425904748,0.1475883803862408,0.21215997451245847,0.8195559771301015
1143,228.75250166777852,0.5,0.2,0.5,0.0,0.2635160471911667,0.37675644237163897,0.14759296558997917,0.21213454484721547,0.8195559771301015
1144,228.95263509006003,0.5,0.2,0.5,0.0,0.26354492306665095,0.3767488606016981,0.14759731529923714,0.21210890103241414,0.8195559771301015
1145,229.15276851234154,0.5,0.2,0.5,0.0,0.26357362146557306,0.37674189284749965,0.1476014306224612,0.21208305506446637,0.8195559771301015
1146,229.35290193462308,0.5,0.2,0.5,0.0,0.2636021338806166,0.37673553450922326,0.1476053127419538,0.2120570188682066,0.8195559771301015
1147,229.5530353569046,0.5,0.2,0.5,0.0,0.26363045196962537,0.3767297808248049,0.14760896291234477,0.21203080429322524,0.8195559771301015
1148,229.75316877918613,0.5,0.2,0.5,0.0,0.2636585675563749,0.37672462687436065,0.14761238245906264,0.21200442311020212,0.8195559771301015
1149,229.95330220146764,0.5,0.2,0.5,0.0,0.2636864726311215,0.37672006758284804,0.14761557277770782,0.21197788700832293,0.8195559771301015
1150,230.15343562374915,0.5,0.2,0.5,0.0,0.26371415934623527,0.3767160976837002,0.14761853535339511,0.21195120761666972,0.8195559771301015
1151,230.35356904603069,0.5,0.2,0.5,0.0,0.2637416200224742,0.3767127117669334,0.14762127173687317,0.21192439647371952,0.8195559771301015
1152,230.5537024683122,0.5,0.2,0.5,0.0,0.26376884715033544,0.3767099042881766,0.14762378354063935,0.21189746502084886,0.8195559771301015
1153,230.75383589059373,0.5,0.2,0.5,0.0,0.26379583338919815,0.37670766956016594,0.14762607244402662,0.21187042460660957,0.8195559771301015
1154,230.95396931287524,0.5,0.2,0.5,0.0,0.2638225715680248,0.37670600175661634,0.14762814019195752,0.2118432864834016,0.8195559771301015
1155,231.15410273515675,0.5,0.2,0.5,0.0,0.26384905468606296,0.3767048949160934,0.1476299885936981,0.2118160618041458,0.8195559771301015
1156,231.3542361574383,0.5,0.2,0.5,0.0,0.2638752759136962,0.37670434294583116,0.14763161952146056,0.2117887616190123,0.8195559771301015
1157,231.5543695797198,0.5,0.2,0.5,0.0,0.2639012286243824,0.3767043396144467,0.1476330348774564,0.21176139688371462,0.8195559771301015
1158,231.75450300200131,0.5,0.2,0.5,0.0,0.263926906375633,0.37670487856285645,0.14763423661266592,0.21173397844884484,0.8195559771301015
1159,231.95463642428285,0.5,0.2,0.5,0.0,0.26395230288740695,0.3767059533161152,0.14763522674823085,0.21170651704824714,0.8195559771301015
1160,232.15476984656436,0.5,0.2,0.5,0.0,0.2639774120598315,0.3767075572812095,0.1476360073569369,0.21167902330202223,0.8195559771301015
1161,232.3549032688459,0.5,0.2,0.5,0.0,0.2640022279743997,0.37670968375075153,0.1476365805614641,0.21165150771338478,0.8195559771301015
1162,232.5550366911274,0.5,0.2,0.5,0.0,0.2640267448951685,0.37671232590667364,0.14763694853263715,0.21162398066552082,0.8195559771301015
1163,232.75517011340892,0.5,0.2,0.5,0.0,0.26405095726995653,0.37671547682392265,0.1476371134876758,0.21159645241844516,0.8195559771301015
1164,232.95530353569046,0.5,0.2,0.5,0.0,0.2640748596846449,0.3767191294807065,0.14763707771289825,0.2115689331217505,0.8195559771301015
1165,233.15543695797197,0.5,0.2,0.5,0.0,0.264098446854985,0.3767232767635007,0.14763684356686765,0.21154143281464682,0.8195559771301015
1166,233.35557038025348,0.5,0.2,0.5,0.0,0.26412171371886956,0.37672791145801793,0.14763641343115522,0.21151396139195744,0.8195559771301015
1167,233.55570380253502,0.5,0.2,0.5,0.0,0.2641446553896329,0.37673302625959465,0.14763578973356525,0.21148652861720735,0.8195559771301015
1168,233.75583722481653,0.5,0.2,0.5,0.0,0.2641672671557202,0.37673861377709905,0.14763497494718245,0.21145914411999847,0.8195559771301015
1169,233.95597064709807,0.5,0.2,0.5,0.0,0.26418954448081433,0.3767446665367749,0.1476339715891809,0.21143181739323005,0.8195559771301015
1170,234.15610406937958,0.5,0.2,0.5,0.0,0.26421148300396263,0.3767511769860856,0.14763278221963286,0.21140455779031905,0.8195559771301015
1171,234.3562374916611,0.5,0.2,0.5,0.0,0.2642330785350653,0.3767581374916566,0.14763140943404876,0.21137737453922953,0.8195559771301015
1172,234.55637091394263,0.5,0.2,0.5,0.0,0.26425432704744967,0.3767655403335109,0.14762985585198024,0.2113502767670594,0.8195559771301015
1173,234.75650433622414,0.5,0.2,0.5,0.0,0.26427522469611886,0.3767733777319684,0.1476281241403183,0.21132327343159463,0.8195559771301015
1174,234.95663775850565,0.5,0.2,0.5,0.0,0.2642957678103986,0.3767816418419739,0.14762621700199396,0.21129637334563375,0.8195559771301015
1175,235.1567711807872,0.5,0.2,0.5,0.0,0.26431595289333704,0.3767903247560159,0.14762413717380457,0.2112695851768426,0.8195559771301015
1176,235.3569046030687,0.5,0.2,0.5,0.0,0.264335776621663,0.3767994185077561,0.14762188742499474,0.21124291744558632,0.8195559771301015
1177,235.55703802535024,0.5,0.2,0.5,0.0,0.2643552358457439,0.3768089150756585,0.14761947055583702,0.2112163785227608,0.8195559771301015
1178,235.75717144763175,0.5,0.2,0.5,0.0,0.2643743275846372,0.3768188063844469,0.14761688939483686,0.21118997663607925,0.8195559771301015
1179,235.95730486991326,0.5,0.2,0.5,0.0,0.26439304900470273,0.37682908429928585,0.14761414679132723,0.21116371990468435,0.8195559771301015
1180,236.1574382921948,0.5,0.2,0.5,0.0,0.26441139745515996,0.37683974064516745,0.14761124562403277,0.21113761627563996,0.8195559771301015
1181,236.3575717144763,0.5,0.2,0.5,0.0,0.2644293704575369,0.37685076720588906,0.1476081887967035,0.21111167353987068,0.8195559771301015
1182,236.55770513675782,0.5,0.2,0.5,0.0,0.2644469657025124,0.3768621557263034,0.1476049792358219,0.21108589933536245,0.8195559771301015
1183,236.75783855903936,0.5,0.2,0.5,0.0,0.2644641810495528,0.3768738979158057,0.14760161988909343,0.21106030114554808,0.8195559771301015
1184,236.95797198132087,0.5,0.2,0.5,0.0,0.2644810145265491,0.3768859854518209,0.14759811372393755,0.21103488629769251,0.8195559771301015
1185,237.1581054036024,0.5,0.2,0.5,0.0,0.26449746420929726,0.37689841040047517,0.14759446356815342,0.2110096618220742,0.8195559771301015
1186,237.35823882588392,0.5,0.2,0.5,0.0,0.2645135287050077,0.3769111633169209,0.1475906728474479,0.21098463513062352,0.8195559771301015
1187,237.55837224816543,0.5,0.2,0.5,0.0,0.26452920628980914,0.37692423655973034,0.14758674430426505,0.2109598128461955,0.8195559771301015
1188,237.75850567044697,0.5,0.2,0.5,0.0,0.264544495634244,0.37693762166085065,0.14758268100224292,0.21093520170266247,0.8195559771301015
1189,237.95863909272848,0.5,0.2,0.5,0.0,0.2645593955631018,0.3769513101534853,0.14757848601352927,0.21091080826988362,0.8195559771301015
1190,238.15877251500999,0.5,0.2,0.5,0.0,0.2645739050554193,0.37696529357209413,0.14757416241878182,0.2108866389537048,0.8195559771301015
1191,238.35890593729152,0.5,0.2,0.5,0.0,0.2645880232444803,0.3769795634523929,0.1475697133071681,0.21086269999595875,0.8195559771301015
1192,238.55903935957303,0.5,0.2,0.5,0.0,0.2646017494168692,0.37699411133124455,0.14756514177603922,0.21083899747584703,0.8195559771301015
1193,238.75917278185457,0.5,0.2,0.5,0.0,0.2646150829775179,0.377008928742621,0.14756045091888165,0.21081553736097944,0.8195559771301015
1194,238.95930620413608,0.5,0.2,0.5,0.0,0.26462802349014464,0.37702400722227486,0.1475556438392564,0.21079232544832407,0.8195559771301015
1195,239.1594396264176,0.5,0.2,0.5,0.0,0.264640570685218,0.37703933830865927,0.14755072365354419,0.21076936735257853,0.8195559771301015
1196,239.35957304869913,0.5,0.2,0.5,0.0,0.26465272444556787,0.3770549135412658,0.14754569348598542,0.21074666852718094,0.8195559771301015
1197,239.55970647098064,0.5,0.2,0.5,0.0,0.2646644848063854,0.37707072446062434,0.14754055646868047,0.2107242342643098,0.8195559771301015
1198,239.75983989326215,0.5,0.2,0.5,0.0,0.2646758519552232,0.3770867626083032,0.14753531574158946,0.2107020696948842,0.8195559771301015
1199,239.9599733155437,0.5,0.2,0.5,0.0,0.2646868262319951,0.37710301952690906,0.14752997445253233,0.2106801797885636,0.8195559771301015
1200,240.1601067378252,0.5,0.2,0.5,0.0,0.26469740812897624,0.37711948676008694,0.14752453575718888,0.21065856935374797,0.8195559771301015
1201,240.36024016010674,0.5,0.2,0.5,0.0,0.2647075982725406,0.37713615587527854,0.14751900280804853,0.2106372430441323,0.8195559771301015
1202,240.56037358238825,0.5,0.2,0.5,0.0,0.2647173972543589,0.3771530186740778,0.1475133786522726,0.21061620541929066,0.8195559771301015
1203,240.76050700466976,0.5,0.2,0.5,0.0,0.2647268058963888,0.37717006686200855,0.14750766639203308,0.21059546084956954,0.8195559771301015
1204,240.9606404269513,0.5,0.2,0.5,0.0,0.26473582520440736,0.377187292106431,0.1475018691563961,0.2105750135327655,0.8195559771301015
1205,241.1607738492328,0.5,0.2,0.5,0.0,0.26474445632758187,0.37720468608692326,0.14749599007685957,0.21055486750863528,0.8195559771301015
1206,241.36090727151432,0.5,0.2,0.5,0.0,0.26475270055847,0.3772222404952811,0.14749003228735305,0.21053502665889584,0.8195559771301015
1207,241.56104069379586,0.5,0.2,0.5,0.0,0.26476055933301973,0.377239947035518,0.1474839989242379,0.21051549470722433,0.8195559771301015
1208,241.76117411607737,0.5,0.2,0.5,0.0,0.26476803423056944,0.37725779742386517,0.1474778931263072,0.21049627521925812,0.8195559771301015
1209,241.9613075383589,0.5,0.2,0.5,0.0,0.264775126973848,0.3772757833887715,0.1474717180347857,0.21047737160259478,0.8195559771301015
1210,242.16144096064042,0.5,0.2,0.5,0.0,0.2647818393565153,0.3772938967759176,0.14746547674961616,0.21045878711795085,0.8195559771301015
1211,242.36157438292193,0.5,0.2,0.5,0.0,0.2647881730092112,0.37731212988727897,0.14745917218831883,0.21044052491519089,0.8195559771301015
1212,242.56170780520347,0.5,0.2,0.5,0.0,0.26479412989785595,0.3773304747589448,0.14745280738661093,0.21042258795658822,0.8195559771301015
1213,242.76184122748498,0.5,0.2,0.5,0.0,0.2647997121497019,0.37734892341321924,0.14744638539346544,0.2104049790436133,0.8195559771301015
1214,242.9619746497665,0.5,0.2,0.5,0.0,0.2648049220198671,0.3773674679071239,0.14743990925092124,0.21038770082208766,0.8195559771301015
1215,243.16210807204803,0.5,0.2,0.5,0.0,0.26480976189133526,0.3773861003323977,0.14743338199408304,0.2103707557821838,0.8195559771301015
1216,243.36224149432954,0.5,0.2,0.5,0.0,0.26481423427495576,0.37740481281549737,0.14742680665112137,0.21035414625842533,0.8195559771301015
1217,243.56237491661108,0.5,0.2,0.5,0.0,0.26481834180944347,0.377423597517597,0.14742018624327255,0.2103378744296868,0.8195559771301015
1218,243.7625083388926,0.5,0.2,0.5,0.0,0.264822087261379,0.3774424466345882,0.14741352378483877,0.21032194231919385,0.8195559771301015
1219,243.9626417611741,0.5,0.2,0.5,0.0,0.26482547337295814,0.37746135257254787,0.14740682220889115,0.21030635184560262,0.8195559771301015
1220,244.16277518345564,0.5,0.2,0.5,0.0,0.26482850273548614,0.3774803080935358,0.14740008430553614,0.21029110486544172,0.8195559771301015
1221,244.36290860573715,0.5,0.2,0.5,0.0,0.2648311783063251,0.3774993057198149,0.14739331297418115,0.21027620299967872,0.8195559771301015
1222,244.56304202801866,0.5,0.2,0.5,0.0,0.26483350316417803,0.37751833801588514,0.14738651110411555,0.2102616477158211,0.8195559771301015
1223,244.7631754503002,0.5,0.2,0.5,0.0,0.2648354804976257,0.3775373976016953,0.14737968156891643,0.2102474403317624,0.8195559771301015
1224,244.9633088725817,0.5,0.2,0.5,0.0,0.264837113605126,0.37755647715264307,0.14737282722644857,0.21023358201578218,0.8195559771301015
1225,245.16344229486324,0.5,0.2,0.5,0.0,0.26483840589501434,0.377575569399575,0.14736595091886456,0.21022007378654597,0.8195559771301015
1226,245.36357571714476,0.5,0.2,0.5,0.0,0.2648393608855035,0.37759466712878637,0.14735905547260467,0.21020691651310536,0.8195559771301015
1227,245.56370913942627,0.5,0.2,0.5,0.0,0.26483998220468374,0.37761376318202133,0.1473521436983969,0.2101941109148979,0.8195559771301015
1228,245.7638425617078,0.5,0.2,0.5,0.0,0.26484027386943415,0.3776328502013899,0.14734521850100582,0.21018165742817,0.8195559771301015
1229,245.96397598398931,0.5,0.2,0.5,0.0,0.2648402379721935,0.3776519227449698,0.14733828196900062,0.21016955731383596,0.8195559771301015
1230,246.16410940627082,0.5,0.2,0.5,0.0,0.2648398791952401,0.37767097315819725,0.14733133715107777,0.21015781049548485,0.8195559771301015
1231,246.36424282855236,0.5,0.2,0.5,0.0,0.2648392013451554,0.3776899947433305,0.14732438669240813,0.210146417219106,0.8195559771301015
1232,246.56437625083387,0.5,0.2,0.5,0.0,0.26483820833191474,0.37770898086400617,0.14731743321989924,0.21013537758417988,0.8195559771301015
1233,246.7645096731154,0.5,0.2,0.5,0.0,0.2648369041667032,0.37772792494723717,0.1473104793413355,0.21012469154472413,0.8195559771301015
1234,246.96464309539692,0.5,0.2,0.5,0.0,0.2648352929597314,0.3777468204854098,0.14730352764451912,0.2101143589103397,0.8195559771301015
1235,247.16477651767843,0.5,0.2,0.5,0.0,0.26483337891805125,0.37776566103828174,0.14729658069641038,0.21010437934725668,0.8195559771301015
1236,247.36490993995997,0.5,0.2,0.5,0.0,0.26483116633638915,0.3777844402397102,0.14728964104022413,0.21009475238367653,0.8195559771301015
1237,247.56504336224148,0.5,0.2,0.5,0.0,0.26482865923273674,0.3778031520450696,0.14728271108852617,0.2100854776336675,0.8195559771301015
1238,247.765176784523,0.5,0.2,0.5,0.0,0.26482586174886424,0.37782179046040765,0.14727579324026654,0.21007655455046154,0.8195559771301015
1239,247.96531020680453,0.5,0.2,0.5,0.0,0.26482277826071754,0.3778403494681656,0.14726888991287904,0.21006798235823784,0.8195559771301015
1240,248.16544362908604,0.5,0.2,0.5,0.0,0.26481941320606206,0.37785882314447283,0.14726200349160265,0.2100597601578625,0.8195559771301015
1241,248.36557705136758,0.5,0.2,0.5,0.0,0.264815771081111,0.37787720566194904,0.14725513632827453,0.21005188692866547,0.8195559771301015
1242,248.5657104736491,0.5,0.2,0.5,0.0,0.2648118564371535,0.37789549129250677,0.14724829074012266,0.2100443615302171,0.8195559771301015
1243,248.7658438959306,0.5,0.2,0.5,0.0,0.2648076738771827,0.3779136744101534,0.14724146900855897,0.210037182704105,0.8195559771301015
1244,248.96597731821214,0.5,0.2,0.5,0.0,0.264803228052524,0.37793174949379343,0.14723467337797191,0.21003034907571072,0.8195559771301015
1245,249.16611074049365,0.5,0.2,0.5,0.0,0.26479852365946316,0.37794971113003084,0.14722790605451955,0.21002385915598648,0.8195559771301015
1246,249.36624416277516,0.5,0.2,0.5,0.0,0.26479356543587457,0.37796755401597126,0.14722116920492223,0.210017711343232,0.8195559771301015
1247,249.5663775850567,0.5,0.2,0.5,0.0,0.2647883581578492,0.3779852729620242,0.14721446495525556,0.21001190392487107,0.8195559771301015
1248,249.7665110073382,0.5,0.2,0.5,0.0,0.26478290663628323,0.37800286289405427,0.1472077953900097,0.2100064350796528,0.8195559771301015
1249,249.96664442961975,0.5,0.2,0.5,0.0,0.26477721570469454,0.3780203187115362,0.14720116261007596,0.21000130297369335,0.8195559771301015
1250,250.16677785190126,0.5,0.2,0.5,0.0,0.2647712902235483,0.3780376354167177,0.14719456867982927,0.20999650567990474,0.8195559771301015
1251,250.36691127418277,0.5,0.2,0.5,0.0,0.2647651350828824,0.37805480821586235,0.14718801558563643,0.2099920411156189,0.8195559771301015
1252,250.5670446964643,0.5,0.2,0.5,0.0,0.2647587551934507,0.37807183243201864,0.14718150527149282,0.2099879071030379,0.8195559771301015
1253,250.76717811874582,0.5,0.2,0.5,0.0,0.2647521554833196,0.37808870350730145,0.14717503963802864,0.2099841013713504,0.8195559771301015
1254,250.96731154102733,0.5,0.2,0.5,0.0,0.26474534089446417,0.3781054170051732,0.147168620541515,0.20998062155884775,0.8195559771301015
1255,251.16744496330887,0.5,0.2,0.5,0.0,0.26473831637936485,0.3781219686127246,0.14716224979287004,0.2099774652150406,0.8195559771301015
1256,251.36757838559038,0.5,0.2,0.5,0.0,0.26473108689760366,0.37813835414295616,0.1471559291566651,0.20997462980277515,0.8195559771301015
1257,251.56771180787192,0.5,0.2,0.5,0.0,0.26472365741246084,0.37815456953705895,0.14714966035013072,0.20997211270034957,0.8195559771301015
1258,251.76784523015343,0.5,0.2,0.5,0.0,0.264716032887511,0.37817061086669596,0.14714344504216287,0.20996991120363026,0.8195559771301015
1259,251.96797865243494,0.5,0.2,0.5,0.0,0.26470821828321967,0.37818647433628294,0.1471372848523291,0.20996802252816837,0.8195559771301015
1260,252.16811207471648,0.5,0.2,0.5,0.0,0.26470021855353965,0.3782021562852699,0.14713118134987452,0.20996644381131604,0.8195559771301015
1261,252.368245496998,0.5,0.2,0.5,0.0,0.26469203890703463,0.3782176528217019,0.14712513620607348,0.20996517206519005,0.8195559771301015
1262,252.5683789192795,0.5,0.2,0.5,0.0,0.26468368466010117,0.3782329600243477,0.147119151110122,0.20996420420542916,0.8195559771301015
1263,252.76851234156103,0.5,0.2,0.5,0.0,0.2646751609071717,0.3782480743999347,0.14711322757893489,0.20996353711395874,0.8195559771301015
1264,252.96864576384255,0.5,0.2,0.5,0.0,0.2646664727449024,0.37826299256819435,0.14710736708808575,0.20996316759881753,0.8195559771301015
1265,253.16877918612408,0.5,0.2,0.5,0.0,0.26465762526991754,0.3782777112625431,0.14710157107147856,0.20996309239606076,0.8195559771301015
1266,253.3689126084056,0.5,0.2,0.5,0.0,0.26464862357651864,0.37829222733081275,0.14709584092099892,0.2099633081716697,0.8195559771301015
1267,253.5690460306871,0.5,0.2,0.5,0.0,0.26463947275439353,0.37830653773598005,0.14709017798616508,0.2099638115234613,0.8195559771301015
1268,253.76917945296864,0.5,0.2,0.5,0.0,0.26463017788632553,0.3783206395568974,0.1470845835737792,0.20996459898299785,0.8195559771301015
1269,253.96931287525015,0.5,0.2,0.5,0.0,0.2646207440459024,0.37833452998902256,0.14707905894757844,0.20996566701749647,0.8195559771301015
1270,254.16944629753166,0.5,0.2,0.5,0.0,0.2646111762952259,0.3783482063451491,0.14707360532788616,0.2099670120317388,0.8195559771301015
1271,254.3695797198132,0.5,0.2,0.5,0.0,0.2646014796826203,0.37836166605613597,0.14706822389126306,0.20996863036998056,0.8195559771301015
1272,254.5697131420947,0.5,0.2,0.5,0.0,0.26459165924034206,0.3783749066716383,0.14706291577015837,0.2099705183178612,0.8195559771301015
1273,254.76984656437625,0.5,0.2,0.5,0.0,0.2645817200464771,0.3783879257508898,0.14705768209569972,0.20997267210693332,0.8195559771301015
1274,254.96997998665776,0.5,0.2,0.5,0.0,0.2645716672163872,0.3784007208741611,0.14705252399313512,0.20997508791631656,0.8195559771301015
1275,255.17011340893927,0.5,0.2,0.5,0.0,0.26456150577360077,0.3784132898607134,0.14704744249625448,0.20997776186943137,0.8195559771301015
1276,255.3702468312208,0.5,0.2,0.5,0.0,0.2645512407222731,0.3784256306414895,0.14704243859727797,0.2099806900389594,0.8195559771301015
1277,255.57038025350232,0.5,0.2,0.5,0.0,0.2645408770459224,0.37843774125808505,0.14703751324719755,0.20998386844879505,0.8195559771301015
1278,255.77051367578383,0.5,0.2,0.5,0.0,0.26453041970546626,0.3784496198629173,0.14703266735564796,0.20998729307596847,0.8195559771301015
1279,255.97064709806537,0.5,0.2,0.5,0.0,0.26451987363725843,0.37846126471939495,0.1470279017907781,0.2099909598525685,0.8195559771301015
1280,256.1707805203469,0.5,0.2,0.5,0.0,0.26450924375112506,0.3784726742020872,0.14702321737912213,0.20999486466766565,0.8195559771301015
1281,256.3709139426284,0.5,0.2,0.5,0.0,0.2644985349284012,0.37848384679689306,0.14701861490547066,0.2099990033692351,0.8195559771301015
1282,256.57104736490993,0.5,0.2,0.5,0.0,0.2644877520199676,0.37849478110121104,0.14701409511274188,0.21000337176607958,0.8195559771301015
1283,256.77118078719144,0.5,0.2,0.5,0.0,0.2644768998442868,0.378505475824108,0.1470096587018528,0.2100079656297524,0.8195559771301015
1284,256.97131420947295,0.5,0.2,0.5,0.0,0.26446598318544007,0.37851592978648896,0.1470053063315905,0.2100127806964805,0.8195559771301015
1285,257.1714476317545,0.5,0.2,0.5,0.0,0.26445500683670853,0.3785261418416088,0.14700103864929367,0.21001781267238903,0.8195559771301015
1286,257.371581054036,0.5,0.2,0.5,0.0,0.26444397562001504,0.3785361108378043,0.14699685630520415,0.21002305723697648,0.8195559771301015
1287,257.57171447631754,0.5,0.2,0.5,0.0,0.2644328942522163,0.3785458358490824,0.14699275986321494,0.2100285100354863,0.8195559771301015
1288,257.77184789859905,0.5,0.2,0.5,0.0,0.26442176741151086,0.3785553160557084,0.14698874984699392,0.21003416668578678,0.8195559771301015
1289,257.97198132088056,0.5,0.2,0.5,0.0,0.26441059973790926,0.3785645507401194,0.14698482674150104,0.21004002278047024,0.8195559771301015
1290,258.1721147431621,0.5,0.2,0.5,0.0,0.26439939583155736,0.37857353928659193,0.14698099099305365,0.210046073888797,0.8195559771301015
1291,258.37224816544364,0.5,0.2,0.5,0.0,0.2643881602510598,0.37858228118090903,0.14697724300939194,0.21005231555863912,0.8195559771301015
1292,258.57238158772515,0.5,0.2,0.5,0.0,0.2643768975118037,0.378590776010028,0.14697358315974415,0.21005874331842406,0.8195559771301015
1293,258.77251501000666,0.5,0.2,0.5,0.0,0.26436561208428183,0.3785990234617476,0.1469700117748919,0.2100653526790785,0.8195559771301015
1294,258.97264843228817,0.5,0.2,0.5,0.0,0.26435430839241636,0.3786070233243756,0.14696652914723562,0.21007213913597222,0.8195559771301015
1295,259.1727818545697,0.5,0.2,0.5,0.0,0.26434299081188234,0.378614775486396,0.14696313553085974,0.21007909817086176,0.8195559771301015
1296,259.37291527685124,0.5,0.2,0.5,0.0,0.264331663668431,0.37862227993613656,0.14695983114159805,0.2100862252538342,0.8195559771301015
1297,259.57304869913276,0.5,0.2,0.5,0.0,0.2643203312678793,0.37862953671508337,0.14695661617505104,0.21009351584198616,0.8195559771301015
1298,259.77318212141427,0.5,0.2,0.5,0.0,0.26430899793294343,0.3786365458611762,0.14695349082848327,0.21010096537739698,0.8195559771301015
1299,259.9733155436958,0.5,0.2,0.5,0.0,0.26429766787318504,0.37864330759639697,0.14695045522810926,0.21010856930230862,0.8195559771301015
1300,260.1734489659773,0.5,0.2,0.5,0.0,0.26428634524251643,0.3786498222398058,0.14694750946270993,0.2101163230549677,0.8195559771301015
1301,260.37358238825885,0.5,0.2,0.5,0.0,0.2642750341418046,0.37865609020094265,0.14694465358612485,0.21012422207112771,0.8195559771301015
1302,260.57371581054036,0.5,0.2,0.5,0.0,0.2642637386174471,0.37866211197912536,0.1469418876174603,0.2101322617859671,0.8195559771301015
1303,260.7738492328219,0.5,0.2,0.5,0.0,0.26425246265994745,0.37866788816274793,0.14693921154129772,0.21014043763600676,0.8195559771301015
1304,260.9739826551034,0.5,0.2,0.5,0.0,0.26424121020249114,0.3786734194285787,0.1469366253079021,0.21014874506102793,0.8195559771301015
1305,261.1741160773849,0.5,0.2,0.5,0.0,0.2642299851195212,0.3786787065410586,0.14693412883343013,0.21015717950598997,0.8195559771301015
1306,261.37424949966646,0.5,0.2,0.5,0.0,0.264218791225314,0.37868375035159924,0.1469317220001386,0.21016573642294806,0.8195559771301015
1307,261.574382921948,0.5,0.2,0.5,0.0,0.264207632272555,0.37868855179788113,0.14692940465659277,0.210174411272971,0.8195559771301015
1308,261.7745163442295,0.5,0.2,0.5,0.0,0.2641965119509143,0.3786931119031519,0.1469271766178746,0.2101831995280591,0.8195559771301015
1309,261.974649766511,0.5,0.2,0.5,0.0,0.2641854339364001,0.37869743173139203,0.14692503768229265,0.21019209664991514,0.8195559771301015
1310,262.1747831887925,0.5,0.2,0.5,0.0,0.2641744019966306,0.37870151229387894,0.1469229876662646,0.2102010980432258,0.8195559771301015
1311,262.374916611074,0.5,0.2,0.5,0.0,0.26416341970321866,0.37870535479722495,0.1469210263115193,0.21021019918803707,0.8195559771301015
1312,262.5750500333556,0.5,0.2,0.5,0.0,0.2641524905510028,0.3787089605378089,0.14691915332451577,0.21021939558667252,0.8195559771301015
1313,262.7751834556371,0.5,0.2,0.5,0.0,0.2641416179716727,0.37871233088799466,0.14691736838154207,0.2102286827587906,0.8195559771301015
1314,262.9753168779186,0.5,0.2,0.5,0.0,0.26413080533262207,0.37871546729518785,0.14691567112901405,0.21023805624317607,0.8195559771301015
1315,263.1754503002001,0.5,0.2,0.5,0.0,0.26412005593580257,0.37871837128089275,0.14691406118377368,0.21024751159953103,0.8195559771301015
1316,263.3755837224816,0.5,0.2,0.5,0.0,0.2641093730165766,0.3787210444397694,0.1469125381333877,0.21025704441026635,0.8195559771301015
1317,263.5757171447632,0.5,0.2,0.5,0.0,0.2640987597425709,0.3787234884386903,0.1469111015364461,0.21026665028229277,0.8195559771301015
1318,263.7758505670447,0.5,0.2,0.5,0.0,0.2640882192125298,0.3787257050157974,0.1469097509228607,0.21027632484881217,0.8195559771301015
1319,263.9759839893262,0.5,0.2,0.5,0.0,0.26407775445516857,0.37872769597955913,0.14690848579416363,0.21028606377110878,0.8195559771301015
1320,264.1761174116077,0.5,0.2,0.5,0.0,0.26406736842802664,0.3787294632078272,0.14690730562380583,0.21029586274034043,0.8195559771301015
1321,264.37625083388923,0.5,0.2,0.5,0.0,0.2640570640163211,0.3787310086468936,0.1469062098574557,0.21030571747932972,0.8195559771301015
1322,264.5763842561708,0.5,0.2,0.5,0.0,0.2640468440317999,0.3787323343105473,0.1469051979132975,0.21031562374435536,0.8195559771301015
1323,264.7765176784523,0.5,0.2,0.5,0.0,0.2640367112115951,0.3787334422791317,0.14690426918233004,0.2103255773269433,0.8195559771301015
1324,264.9766511007338,0.5,0.2,0.5,0.0,0.26402666829771115,0.3787343346411123,0.1469034230505567,0.21033557401061997,0.8195559771301015
1325,265.17678452301533,0.5,0.2,0.5,0.0,0.26401671822920414,0.37873501335430276,0.14690265895177046,0.21034560946472275,0.8195559771301015
1326,265.37691794529684,0.5,0.2,0.5,0.0,0.26400686365042625,0.3787354805947005,0.1469019762346562,0.2103556795202171,0.8195559771301015
1327,265.57705136757835,0.5,0.2,0.5,0.0,0.2639971071098475,0.37873573861297644,0.14690137421737906,0.21036578005979706,0.8195559771301015
1328,265.7771847898599,0.5,0.2,0.5,0.0,0.2639874510874587,0.3787357897131774,0.1469008521956338,0.2103759070037301,0.8195559771301015
1329,265.9773182121414,0.5,0.2,0.5,0.0,0.2639778979940967,0.3787356362514468,0.14690040944307156,0.2103860563113849,0.8195559771301015
1330,266.17745163442294,0.5,0.2,0.5,0.0,0.26396845017076975,0.3787352806347448,0.14690004521172653,0.21039622398275887,0.8195559771301015
1331,266.37758505670445,0.5,0.2,0.5,0.0,0.26395910988798243,0.3787347253195691,0.14689975873244254,0.21040640606000585,0.8195559771301015
1332,266.57771847898596,0.5,0.2,0.5,0.0,0.2639498793450613,0.37873397281067506,0.14689954921529977,0.21041659862896375,0.8195559771301015
1333,266.7778519012675,0.5,0.2,0.5,0.0,0.2639407606694801,0.3787330256597963,0.14689941585004143,0.21042679782068208,0.8195559771301015
1334,266.97798532354904,0.5,0.2,0.5,0.0,0.2639317559161848,0.3787318864643651,0.14689935780650035,0.2104369998129496,0.8195559771301015
1335,267.17811874583055,0.5,0.2,0.5,0.0,0.2639228670669191,0.37873055786623294,0.14689937423502572,0.21044720083182203,0.8195559771301015
1336,267.37825216811206,0.5,0.2,0.5,0.0,0.26391409602954974,0.3787290425503908,0.1468994642669097,0.21045739715314954,0.8195559771301015
1337,267.57838559039357,0.5,0.2,0.5,0.0,0.2639054446373914,0.37872734324368973,0.14689962701481413,0.21046758510410452,0.8195559771301015
1338,267.77851901267513,0.5,0.2,0.5,0.0,0.2638969146485325,0.3787254627135611,0.14689986157319712,0.210477761064709,0.8195559771301015
1339,267.97865243495664,0.5,0.2,0.5,0.0,0.2638885078119598,0.3787234037446203,0.1469001670293742,0.21048792141404543,0.8195559771301015
1340,268.17878585723815,0.5,0.2,0.5,0.0,0.2638802260486654,0.3787211690772,0.14690054249288417,0.2104980623812502,0.8195559771301015
1341,268.37891927951966,0.5,0.2,0.5,0.0,0.2638720710122067,0.37871876155134343,0.14690098702606524,0.21050818041038438,0.8195559771301015
1342,268.5790527018012,0.5,0.2,0.5,0.0,0.2638640442606033,0.37871618404838764,0.14690149967195473,0.2105182720190541,0.8195559771301015
1343,268.7791861240827,0.5,0.2,0.5,0.0,0.2638561472838175,0.3787134394803616,0.14690207945919792,0.21052833377662272,0.8195559771301015
1344,268.97931954636425,0.5,0.2,0.5,0.0,0.2638483815034994,0.3787105307885677,0.14690272540254162,0.21053836230539105,0.8195559771301015
1345,269.17945296864576,0.5,0.2,0.5,0.0,0.26384074827273146,0.3787074609421633,0.14690343650332763,0.21054835428177734,0.8195559771301015
1346,269.3795863909273,0.5,0.2,0.5,0.0,0.26383324887577353,0.37870423293674244,0.14690421174998605,0.21055830643749776,0.8195559771301015
1347,269.5797198132088,0.5,0.2,0.5,0.0,0.2638258845278075,0.37870084979291707,0.14690505011852897,0.21056821556074629,0.8195559771301015
1348,269.7798532354903,0.5,0.2,0.5,0.0,0.26381865637468205,0.37869731455489886,0.1469059505730437,0.21057807849737517,0.8195559771301015
1349,269.97998665777186,0.5,0.2,0.5,0.0,0.2638115654926579,0.3786936302890806,0.1469069120661863,0.21058789215207505,0.8195559771301015
1350,270.18012008005337,0.5,0.2,0.5,0.0,0.26380461288815193,0.37868980008261777,0.14690793353967507,0.21059765348955506,0.8195559771301015
1351,270.3802535023349,0.5,0.2,0.5,0.0,0.2637977994974826,0.37868582704201004,0.14690901392478398,0.21060735953572313,0.8195559771301015
1352,270.5803869246164,0.5,0.2,0.5,0.0,0.2637911261866146,0.37868171429168296,0.14691015214283606,0.21061700737886618,0.8195559771301015
1353,270.7805203468979,0.5,0.2,0.5,0.0,0.2637845937509033,0.37867746497256927,0.14691134710569695,0.2106265941708303,0.8195559771301015
1354,270.98065376917947,0.5,0.2,0.5,0.0,0.26377820297122234,0.3786730822375551,0.14691259771985432,0.2106361170713681,0.8195559771301015
1355,271.180787191461,0.5,0.2,0.5,0.0,0.26377195478715204,0.3786685692404164,0.1469139028979428,0.2106455730744886,0.8195559771301015
1356,271.3809206137425,0.5,0.2,0.5,0.0,0.26376584989682195,0.378663929156639,0.14691526153380266,0.21065495941273626,0.8195559771301015
1357,271.581054036024,0.5,0.2,0.5,0.0,0.26375988890808383,0.37865916517357906,0.14691667251260457,0.21066427340573246,0.8195559771301015
1358,271.7811874583055,0.5,0.2,0.5,0.0,0.2637540723664689,0.37865428048747585,0.14691813471313722,0.21067351243291785,0.8195559771301015
1359,271.981320880587,0.5,0.2,0.5,0.0,0.2637484007553138,0.3786492783020122,0.14691964700832522,0.21068267393434859,0.8195559771301015
1360,272.1814543028686,0.5,0.2,0.5,0.0,0.263742874495886,0.3786441618268747,0.14692120826574662,0.21069175541149252,0.8195559771301015
1361,272.3815877251501,0.5,0.2,0.5,0.0,0.26373749394750967,0.378638934276314,0.1469228173481507,0.21070075442802547,0.8195559771301015
1362,272.5817211474316,0.5,0.2,0.5,0.0,0.2637322594076915,0.3786335988677053,0.14692447311397558,0.21070966861062743,0.8195559771301015
1363,272.7818545697131,0.5,0.2,0.5,0.0,0.26372717111224636,0.37862815882010875,0.14692617441786593,0.21071849564977885,0.8195559771301015
1364,272.98198799199463,0.5,0.2,0.5,0.0,0.26372222923542293,0.3786226173528296,0.14692792011119057,0.2107272333005568,0.8195559771301015
1365,273.1821214142762,0.5,0.2,0.5,0.0,0.26371743389002966,0.3786169776839787,0.1469297090425603,0.21073587938343122,0.8195559771301015
1366,273.3822548365577,0.5,0.2,0.5,0.0,0.26371278512756025,0.3786112430290328,0.1469315400583455,0.21074443178506128,0.8195559771301015
1367,273.5823882588392,0.5,0.2,0.5,0.0,0.26370828293831966,0.378605416599395,0.14693341200319374,0.2107528884590914,0.8195559771301015
1368,273.7825216811207,0.5,0.2,0.5,0.0,0.2637039272515496,0.378599501600955,0.14693532372054752,0.2107612474269477,0.8195559771301015
1369,273.98265510340224,0.5,0.2,0.5,0.0,0.26369971797711933,0.3785935012478441,0.14693727404889687,0.21076950672613953,0.8195559771301015
1370,274.1827885256838,0.5,0.2,0.5,0.0,0.263695655149748,0.378587418813672,0.14693926180751055,0.21077766422906913,0.8195559771301015
1371,274.3829219479653,0.5,0.2,0.5,0.0,0.2636917386106371,0.3785812575136579,0.14694128582963578,0.21078571804606902,0.8195559771301015
1372,274.5830553702468,0.5,0.2,0.5,0.0,0.2636879681233866,0.378575020545519,0.14694334495113398,0.21079366637996017,0.8195559771301015
1373,274.78318879252834,0.5,0.2,0.5,0.0,0.2636843433987606,0.37856871109703893,0.14694543800847032,0.2108015074957299,0.8195559771301015
1374,274.98332221480985,0.5,0.2,0.5,0.0,0.26368086409511565,0.37856233234473835,0.14694756383920005,0.2108092397209457,0.8195559771301015
1375,275.18345563709136,0.5,0.2,0.5,0.0,0.2636775298188294,0.37855588745254615,0.14694972128245534,0.21081686144616885,0.8195559771301015
1376,275.3835890593729,0.5,0.2,0.5,0.0,0.2636743401247291,0.3785493795704706,0.14695190917943182,0.21082437112536823,0.8195559771301015
1377,275.58372248165443,0.5,0.2,0.5,0.0,0.2636712945165205,0.37854281183327015,0.14695412637387503,0.21083176727633401,0.8195559771301015
1378,275.78385590393594,0.5,0.2,0.5,0.0,0.263668392447216,0.378536187359125,0.14695637171256726,0.21083904848109145,0.8195559771301015
1379,275.98398932621745,0.5,0.2,0.5,0.0,0.2636656333195638,0.3785295092483075,0.1469586440458139,0.21084621338631446,0.8195559771301015
1380,276.18412274849896,0.5,0.2,0.5,0.0,0.2636630164864759,0.37852278058185396,0.14696094222793032,0.21085326070373953,0.8195559771301015
1381,276.38425617078053,0.5,0.2,0.5,0.0,0.26366054125145716,0.37851600442023503,0.14696326511772823,0.21086018921057925,0.8195559771301015
1382,276.58438959306204,0.5,0.2,0.5,0.0,0.2636582068690339,0.3785091838020272,0.14696561157900234,0.21086699774993622,0.8195559771301015
1383,276.78452301534355,0.5,0.2,0.5,0.0,0.26365601254518206,0.37850232174258386,0.14696798048101703,0.2108736852312167,0.8195559771301015
1384,276.98465643762506,0.5,0.2,0.5,0.0,0.26365395746612363,0.3784954212572469,0.14697037069271016,0.21088025058391902,0.8195559771301015
1385,277.1847898599066,0.5,0.2,0.5,0.0,0.2636520409093364,0.3784884854556836,0.1469727810586876,0.2108866925762921,0.8195559771301015
1386,277.38492328218814,0.5,0.2,0.5,0.0,0.2636502620089911,0.3784815173372632,0.1469752104517566,0.2108930102019888,0.8195559771301015
1387,277.58505670446965,0.5,0.2,0.5,0.0,0.26364861983813487,0.37847451986045566,0.14697765775530483,0.21089920254610434,0.8195559771301015
1388,277.78519012675116,0.5,0.2,0.5,0.0,0.2636471134290121,0.3784674959587113,0.14698012185938134,0.2109052687528949,0.8195559771301015
1389,277.98532354903267,0.5,0.2,0.5,0.0,0.2636457417737166,0.37846044853932553,0.1469826016611337,0.2109112080258239,0.8195559771301015
1390,278.1854569713142,0.5,0.2,0.5,0.0,0.26364450382484345,0.378453380482303,0.14698509606524499,0.21091701962760825,0.8195559771301015
1391,278.3855903935957,0.5,0.2,0.5,0.0,0.2636433984961417,0.3784462946392223,0.146987603984371,0.21092270288026463,0.8195559771301015
1392,278.58572381587726,0.5,0.2,0.5,0.0,0.26364242466316623,0.37843919383210056,0.14699012433957717,0.2109282571651557,0.8195559771301015
1393,278.78585723815877,0.5,0.2,0.5,0.0,0.26364158116392983,0.3784320808522576,0.14699265606077583,0.2109336819230364,0.8195559771301015
1394,278.9859906604403,0.5,0.2,0.5,0.0,0.2636408667995556,0.37842495845918067,0.1469951980871631,0.21093897665410025,0.8195559771301015
1395,279.1861240827218,0.5,0.2,0.5,0.0,0.2636402803349291,0.378417829379389,0.1469977493676562,0.2109441409180254,0.8195559771301015
1396,279.3862575050033,0.5,0.2,0.5,0.0,0.26363982049935025,0.3784106963052979,0.14700030886133028,0.2109491743340212,0.8195559771301015
1397,279.58639092728487,0.5,0.2,0.5,0.0,0.26363948598718595,0.37840356189408375,0.14700287553785574,0.2109540765808742,0.8195559771301015
1398,279.7865243495664,0.5,0.2,0.5,0.0,0.2636392754585219,0.378396428766548,0.14700544837793517,0.21095884739699458,0.8195559771301015
1399,279.9866577718479,0.5,0.2,0.5,0.0,0.2636391875549873,0.3783892995365328,0.14700802636457241,0.21096348654390723,0.8195559771301015
1400,280.1867911941294,0.5,0.2,0.5,0.0,0.26363922096681436,0.37838217694350085,0.14701060844338246,0.210967993646302,0.8195559771301015
1401,280.3869246164109,0.5,0.2,0.5,0.0,0.26363937429748485,0.37837506357754314,0.1470131936052112,0.2109723685197605,0.8195559771301015
1402,280.5870580386925,0.5,0.2,0.5,0.0,0.2636396461094826,0.37836796196905664,0.14701578085932,0.21097661106214047,0.8195559771301015
1403,280.787191460974,0.5,0.2,0.5,0.0,0.2636400349375206,0.37836087461292883,0.14701836922622433,0.21098072122332592,0.8195559771301015
1404,280.9873248832555,0.5,0.2,0.5,0.0,0.2636405392893229,0.37835380396766327,0.14702095773805274,0.21098469900496078,0.8195559771301015
1405,281.187458305537,0.5,0.2,0.5,0.0,0.26364115764640644,0.37834675245450544,0.14702354543890525,0.2109885444601826,0.8195559771301015
1406,281.3875917278185,0.5,0.2,0.5,0.0,0.263641888464863,0.3783397224565684,0.14702613138521223,0.2109922576933561,0.8195559771301015
1407,281.5877251501,0.5,0.2,0.5,0.0,0.263642730176141,0.37833271631795856,0.147028714646093,0.21099583885980713,0.8195559771301015
1408,281.7878585723816,0.5,0.2,0.5,0.0,0.26364368118782766,0.37832573634290134,0.14703129430371453,0.21099928816555613,0.8195559771301015
1409,281.9879919946631,0.5,0.2,0.5,0.0,0.26364473988443066,0.3783187847948669,0.14703386945365024,0.2110026058670519,0.8195559771301015
1410,282.1881254169446,0.5,0.2,0.5,0.0,0.2636459046281601,0.3783118638956959,0.14703643920523848,0.21100579227090527,0.8195559771301015
1411,282.3882588392261,0.5,0.2,0.5,0.0,0.2636471737597106,0.37830497582472494,0.14703900268194142,0.21100884773362286,0.8195559771301015
1412,282.58839226150764,0.5,0.2,0.5,0.0,0.26364854559904277,0.37829812271791274,0.14704155902170363,0.2110117726613406,0.8195559771301015
1413,282.7885256837892,0.5,0.2,0.5,0.0,0.2636500184461657,0.37829130666696553,0.14704410737731086,0.2110145675095577,0.8195559771301015
1414,282.9886591060707,0.5,0.2,0.5,0.0,0.2636515905888898,0.37828452974838384,0.14704664690580777,0.21101723275691844,0.8195559771301015
1415,283.1887925283522,0.5,0.2,0.5,0.0,0.26365326033784053,0.37827779416950885,0.147049176715134,0.21101976877751646,0.8195559771301015
1416,283.38892595063373,0.5,0.2,0.5,0.0,0.2636550259595381,0.3782711019770728,0.14705169597073406,0.21102217609265486,0.8195559771301015
1417,283.58905937291524,0.5,0.2,0.5,0.0,0.2636568856984755,0.378264455147728,0.14705420386249363,0.21102445529130276,0.8195559771301015
1418,283.7891927951968,0.5,0.2,0.5,0.0,0.26365883778472743,0.37825785561647196,0.1470566995943845,0.21102660700441603,0.8195559771301015
1419,283.9893262174783,0.5,0.2,0.5,0.0,0.2636608804347967,0.37825130527605216,0.14705918238472163,0.21102863190442947,0.8195559771301015
1420,284.18945963975983,0.5,0.2,0.5,0.0,0.2636630118524614,0.3782448059763699,0.14706165146641975,0.2110305307047489,0.8195559771301015
1421,284.38959306204134,0.5,0.2,0.5,0.0,0.2636652302296215,0.37823835952388474,0.14706410608725043,0.2110323041592433,0.8195559771301015
1422,284.58972648432285,0.5,0.2,0.5,0.0,0.26366753374714574,0.37823196768101847,0.14706654551009873,0.21103395306173706,0.8195559771301015
1423,284.7898599066044,0.5,0.2,0.5,0.0,0.2636699205757183,0.3782256321655595,0.14706896901322025,0.21103547824550195,0.8195559771301015
1424,284.98999332888593,0.5,0.2,0.5,0.0,0.2636723888766857,0.37821935465006695,0.1470713758904979,0.21103688058274941,0.8195559771301015
1425,285.19012675116744,0.5,0.2,0.5,0.0,0.2636749368029036,0.3782131367612751,0.14707376545169876,0.21103816098412256,0.8195559771301015
1426,285.39026017344895,0.5,0.2,0.5,0.0,0.26367756249958346,0.3782069800794972,0.14707613702273087,0.21103932039818848,0.8195559771301015
1427,285.59039359573046,0.5,0.2,0.5,0.0,0.2636802641051395,0.37820088613803005,0.14707848994590023,0.21104035981093022,0.8195559771301015
1428,285.79052701801197,0.5,0.2,0.5,0.0,0.2636830397520355,0.37819485642255796,0.14708082358016758,0.211041280245239,0.8195559771301015
1429,285.99066044029354,0.5,0.2,0.5,0.0,0.2636858875651868,0.3781888923986193,0.14708313729182143,0.2110420827443725,0.8195559771301015
1430,286.19079386257505,0.5,0.2,0.5,0.0,0.26368880564934316,0.3781829956655725,0.1470854304019492,0.21104276828313515,0.8195559771301015
1431,286.39092728485656,0.5,0.2,0.5,0.0,0.26369179211569244,0.3781771676603241,0.1470877022876731,0.21104333793631042,0.8195559771301015
1432,286.59106070713807,0.5,0.2,0.5,0.0,0.26369484507506674,0.3781714097444426,0.1470899523524523,0.2110437928280384,0.8195559771301015
1433,286.7911941294196,0.5,0.2,0.5,0.0,0.2636979626359602,0.37816572323603986,0.14709218001524854,0.21104413411275144,0.8195559771301015
1434,286.99132755170115,0.5,0.2,0.5,0.0,0.2637011429053506,0.37816010940946115,0.1470943847106851,0.21104436297450319,0.8195559771301015
1435,287.19146097398266,0.5,0.2,0.5,0.0,0.26370438398952184,0.3781545694949741,0.14709656588920644,0.21104448062629763,0.8195559771301015
1436,287.39159439626417,0.5,0.2,0.5,0.0,0.2637076839948853,0.37814910467845875,0.14709872301723761,0.21104448830941835,0.8195559771301015
1437,287.5917278185457,0.5,0.2,0.5,0.0,0.2637110410288022,0.3781437161010967,0.1471008555773436,0.2110443872927575,0.8195559771301015
1438,287.7918612408272,0.5,0.2,0.5,0.0,0.2637144532004053,0.3781384048590611,0.14710296306838863,0.21104417887214497,0.8195559771301015
1439,287.99199466310876,0.5,0.2,0.5,0.0,0.26371791862142097,0.3781331720032058,0.14710504500569582,0.2110438643696774,0.8195559771301015
1440,288.19212808539027,0.5,0.2,0.5,0.0,0.26372143540699106,0.3781280185387552,0.14710710092120638,0.21104344513304737,0.8195559771301015
1441,288.3922615076718,0.5,0.2,0.5,0.0,0.26372500167649476,0.37812294542499364,0.1471091303636391,0.21104292253487253,0.8195559771301015
1442,288.5923949299533,0.5,0.2,0.5,0.0,0.26372861555437077,0.378117953574955,0.14711113289864972,0.21104229797202456,0.8195559771301015
1443,288.7925283522348,0.5,0.2,0.5,0.0,0.26373227517093906,0.3781130438551123,0.1471131081089903,0.21104157286495837,0.8195559771301015
1444,288.9926617745163,0.5,0.2,0.5,0.0,0.263735978655666,0.37810821710843767,0.14711505558654545,0.21104074864935093,0.8195559771301015
1445,289.1927951967979,0.5,0.2,0.5,0.0,0.2637397240912798,0.37810347429853897,0.14711697488228262,0.21103982672789862,0.8195559771301015
1446,289.3929286190794,0.5,0.2,0.5,0.0,0.2637435096011286,0.37809881624172403,0.14711886559943638,0.21103880855771104,0.8195559771301015
1447,289.5930620413609,0.5,0.2,0.5,0.0,0.2637473333259688,0.37809424368101585,0.14712072736783277,0.21103769562518263,0.8195559771301015
1448,289.7931954636424,0.5,0.2,0.5,0.0,0.2637511934144426,0.3780897573178359,0.1471225598329278,0.21103648943479375,0.8195559771301015
1449,289.9933288859239,0.5,0.2,0.5,0.0,0.2637550880238153,0.3780853578119543,0.14712436265587628,0.2110351915083542,0.8195559771301015
1450,290.1934623082055,0.5,0.2,0.5,0.0,0.26375901532071294,0.37808104578144003,0.14712613551360068,0.21103380338424638,0.8195559771301015
1451,290.393595730487,0.5,0.2,0.5,0.0,0.2637629734818601,0.3780768218026113,0.1471278780988599,0.21103232661666874,0.8195559771301015
1452,290.5937291527685,0.5,0.2,0.5,0.0,0.2637669606948175,0.3780726864099855,0.1471295901203181,0.21103076277487903,0.8195559771301015
1453,290.79386257505,0.5,0.2,0.5,0.0,0.2637709751587195,0.3780686400962295,0.1471312713026134,0.21102911344243774,0.8195559771301015
1454,290.9939959973315,0.5,0.2,0.5,0.0,0.2637750150850121,0.37806468331210985,0.1471329213864269,0.21102738021645132,0.8195559771301015
1455,291.1941294196131,0.5,0.2,0.5,0.0,0.2637790786981903,0.378060816466443,0.14713454012855126,0.21102556470681558,0.8195559771301015
1456,291.3942628418946,0.5,0.2,0.5,0.0,0.2637831642365359,0.37805703992604545,0.14713612730195974,0.21102366853545904,0.8195559771301015
1457,291.5943962641761,0.5,0.2,0.5,0.0,0.2637872699528552,0.378053354015684,0.14713768269587477,0.21102169333558618,0.8195559771301015
1458,291.7945296864576,0.5,0.2,0.5,0.0,0.26379139411521646,0.37804975901802595,0.14713920611583692,0.21101964075092083,0.8195559771301015
1459,291.99466310873913,0.5,0.2,0.5,0.0,0.2637955349985734,0.3780462551909943,0.14714069737599428,0.2110175124344382,0.8195559771301015
1460,292.19479653102064,0.5,0.2,0.5,0.0,0.2637996908222195,0.3780428428885655,0.1471421562451579,0.21101531004405724,0.8195559771301015
1461,292.3949299533022,0.5,0.2,0.5,0.0,0.2638038598641978,0.37803952234364824,0.1471435825438919,0.21101303524826218,0.8195559771301015
1462,292.5950633755837,0.5,0.2,0.5,0.0,0.26380804043274997,0.3780362937239638,0.1471449761195839,0.2110106897237024,0.8195559771301015
1463,292.79519679786523,0.5,0.2,0.5,0.0,0.26381223085227307,0.37803315716022234,0.14714633683389813,0.21100827515360657,0.8195559771301015
1464,292.99533022014674,0.5,0.2,0.5,0.0,0.2638164294639453,0.3780301127462867,0.1471476645627486,0.2110057932270195,0.8195559771301015
1465,293.19546364242825,0.5,0.2,0.5,0.0,0.2638206346263517,0.3780271605393366,0.14714895919627238,0.21100324563803943,0.8195559771301015
1466,293.3955970647098,0.5,0.2,0.5,0.0,0.26382484471610973,0.37802430056003267,0.14715022063880284,0.21100063408505482,0.8195559771301015
1467,293.59573048699133,0.5,0.2,0.5,0.0,0.26382905812849516,0.37802153279268047,0.14715144880884287,0.21099796026998158,0.8195559771301015
1468,293.79586390927284,0.5,0.2,0.5,0.0,0.26383327327806755,0.37801885718539424,0.14715264363903813,0.21099522589750014,0.8195559771301015
1469,293.99599733155435,0.5,0.2,0.5,0.0,0.2638374885992961,0.3780162736502613,0.14715380507615028,0.21099243267429232,0.8195559771301015
1470,294.19613075383586,0.5,0.2,0.5,0.0,0.2638417025471853,0.3780137820635058,0.1471549330810303,0.21098958230827863,0.8195559771301015
1471,294.3962641761174,0.5,0.2,0.5,0.0,0.26384591359790055,0.3780113822656528,0.14715602762859162,0.2109866765078551,0.8195559771301015
1472,294.59639759839894,0.5,0.2,0.5,0.0,0.2638501202493939,0.3780090740616923,0.14715708870778335,0.21098371698113044,0.8195559771301015
1473,294.79653102068045,0.5,0.2,0.5,0.0,0.2638543210220298,0.3780068572212434,0.14715811632156373,0.2109807054351631,0.8195559771301015
1474,294.99666444296196,0.5,0.2,0.5,0.0,0.2638585144480966,0.37800473149114977,0.14715911048180874,0.21097764357894488,0.8195559771301015
1475,295.19679786524347,0.5,0.2,0.5,0.0,0.26386269898560055,0.3780026966927709,0.14716007116971971,0.21097453315190878,0.8195559771301015
1476,295.396931287525,0.5,0.2,0.5,0.0,0.2638668731702203,0.3780007525528751,0.14716099840475122,0.21097137587215345,0.8195559771301015
1477,295.59706470980655,0.5,0.2,0.5,0.0,0.26387103558017616,0.3779988987437988,0.1471618922282916,0.21096817344773344,0.8195559771301015
1478,295.79719813208806,0.5,0.2,0.5,0.0,0.26387518481546063,0.37799713490754355,0.14716275269388704,0.21096492758310878,0.8195559771301015
1479,295.99733155436957,0.5,0.2,0.5,0.0,0.2638793194983126,0.37799546065610845,0.14716357986714604,0.2109616399784329,0.8195559771301015
1480,296.1974649766511,0.5,0.2,0.5,0.0,0.2638834382736921,0.3779938755718235,0.14716437382564362,0.21095831232884074,0.8195559771301015
1481,296.3975983989326,0.5,0.2,0.5,0.0,0.2638875398097549,0.3779923792076825,0.14716513465882594,0.21095494632373663,0.8195559771301015
1482,296.59773182121415,0.5,0.2,0.5,0.0,0.26389162279832695,0.3779909710876763,0.14716586246791447,0.21095154364608226,0.8195559771301015
1483,296.79786524349566,0.5,0.2,0.5,0.0,0.26389568595537916,0.3779896507071255,0.14716655736581044,0.2109481059716849,0.8195559771301015
1484,296.9979986657772,0.5,0.2,0.5,0.0,0.2638997280215019,0.37798841753301365,0.14716721947699937,0.210944634968485,0.8195559771301015
1485,297.1981320880587,0.5,0.2,0.5,0.0,0.26390374776237957,0.37798727100432056,0.14716784893745521,0.2109411322958446,0.8195559771301015
1486,297.3982655103402,0.5,0.2,0.5,0.0,0.26390774396926514,0.37798621053235487,0.14716844589454497,0.21093759960383499,0.8195559771301015
1487,297.59839893262176,0.5,0.2,0.5,0.0,0.2639117154594548,0.37798523550108737,0.1471690105069329,0.21093403853252485,0.8195559771301015
1488,297.7985323549033,0.5,0.2,0.5,0.0,0.26391566107676256,0.3779843452674841,0.147169542944485,0.2109304507112683,0.8195559771301015
1489,297.9986657771848,0.5,0.2,0.5,0.0,0.263919579680521,0.37798353916978256,0.14717004338530676,0.21092683776438964,0.8195559771301015
1490,298.1987991994663,0.5,0.2,0.5,0.0,0.26392347004500927,0.3779828165977813,0.14717051199040146,0.210923201366808,0.8195559771301015
1491,298.3989326217478,0.5,0.2,0.5,0.0,0.26392733103103705,0.3779821768747109,0.1471709489463254,0.21091954314792663,0.8195559771301015
1492,298.5990660440293,0.5,0.2,0.5,0.0,0.26393116154984403,0.3779816192828888,0.14717135445595428,0.2109158647113129,0.8195559771301015
1493,298.7991994663109,0.5,0.2,0.5,0.0,0.26393496053727494,0.3779811430822597,0.1471717287318166,0.21091216764864876,0.8195559771301015
1494,298.9993328885924,0.5,0.2,0.5,0.0,0.2639387269540828,0.37798074751084737,0.1471720719959555,0.21090845353911442,0.8195559771301015
1495,299.1994663108739,0.5,0.2,0.5,0.0,0.2639424597862324,0.377980431785206,0.14717238447979,0.21090472394877163,0.8195559771301015
1496,299.3995997331554,0.5,0.2,0.5,0.0,0.2639461580452034,0.3779801951008723,0.14717266642397697,0.21090098042994745,0.8195559771301015
1497,299.5997331554369,0.5,0.2,0.5,0.0,0.2639498207682937,0.3779800366328165,0.14717291807827246,0.2108972245206174,0.8195559771301015
1498,299.7998665777185,0.5,0.2,0.5,0.0,0.2639534470189229,0.37797995553589453,0.14717313970139342,0.21089345774378923,0.8195559771301015
1499,300.0,0.5,0.2,0.5,0.0,0.26395703588693525,0.37797995094529935,0.14717333156087928,0.21088968160688626,0.8195559771301015
