,time,sigma,beta,omega,alpha,S,I,C,D
0,0.0,0.95,45.5,0.6767676767676768,0.2828282828282829,0.9998,0.0002,0.5,0.5
1,0.5016722408026756,0.95,45.5,0.6767676767676768,0.2828282828282829,0.008910600919140716,0.9910893990808601,0.47237866385825295,0.5276213361417472
2,1.0033444816053512,0.95,45.5,0.6767676767676768,0.2828282828282829,0.0050925775234708,0.99490742247653,0.48452476573814385,0.5154752342618564
3,1.5050167224080266,0.95,45.5,0.6767676767676768,0.2828282828282829,0.00515522773106565,0.9948447722689352,0.4967627828321034,0.5032372171678969
4,2.0066889632107023,0.95,45.5,0.6767676767676768,0.2828282828282829,0.0052185559747059095,0.9947814440252947,0.5089801471578366,0.4910198528421639
5,2.508361204013378,0.95,45.5,0.6767676767676768,0.2828282828282829,0.005282471953595192,0.9947175280464055,0.5211622441100302,0.47883775588997035
6,3.0100334448160533,0.95,45.5,0.6767676767676768,0.2828282828282829,0.005346915150053355,0.9946530848499472,0.5332947230639683,0.46670527693603236
7,3.511705685618729,0.95,45.5,0.6767676767676768,0.2828282828282829,0.005411805550872312,0.9945881944491283,0.5453635442988879,0.4546364557011128
8,4.013377926421405,0.95,45.5,0.6767676767676768,0.2828282828282829,0.0054770662070371245,0.9945229337929634,0.5573550463985387,0.4426449536014617
9,4.51505016722408,0.95,45.5,0.6767676767676768,0.2828282828282829,0.005542618164120068,0.9944573818358806,0.5692560029072432,0.4307439970927572
10,5.016722408026756,0.95,45.5,0.6767676767676768,0.2828282828282829,0.005608381647161648,0.9943916183528391,0.5810537109160684,0.41894628908393217
11,5.518394648829432,0.95,45.5,0.6767676767676768,0.2828282828282829,0.005674276785811642,0.9943257232141892,0.5927359966818251,0.4072640033181756
12,6.020066889632107,0.95,45.5,0.6767676767676768,0.2828282828282829,0.005740223587225801,0.994259776412775,0.6042912663968621,0.39570873360313846
13,6.521739130434782,0.95,45.5,0.6767676767676768,0.2828282828282829,0.005806142082578925,0.9941938579174219,0.6157085369580595,0.3842914630419411
14,7.023411371237458,0.95,45.5,0.6767676767676768,0.2828282828282829,0.005871952932361262,0.9941280470676396,0.6269774752175392,0.37302252478246123
15,7.525083612040134,0.95,45.5,0.6767676767676768,0.2828282828282829,0.0059375780495326425,0.9940624219504682,0.6380884268873658,0.36191157311263483
16,8.02675585284281,0.95,45.5,0.6767676767676768,0.2828282828282829,0.006002940748873498,0.9939970592511274,0.6490324324004412,0.3509675675995594
17,8.528428093645484,0.95,45.5,0.6767676767676768,0.2828282828282829,0.006067966118327866,0.9939320338816731,0.6598012384840142,0.3401987615159863
18,9.03010033444816,0.95,45.5,0.6767676767676768,0.2828282828282829,0.006132581276774023,0.9938674187232269,0.6703873058391765,0.329612694160824
19,9.531772575250836,0.95,45.5,0.6767676767676768,0.2828282828282829,0.006196715746512163,0.9938032842534887,0.6807838119474173,0.3192161880525831
20,10.033444816053512,0.95,45.5,0.6767676767676768,0.2828282828282829,0.006260301734296073,0.993739698265705,0.690984648851105,0.3090153511488956
21,10.535117056856187,0.95,45.5,0.6767676767676768,0.2828282828282829,0.006323274419098141,0.9936767255809028,0.7009844083056039,0.2990155916943967
22,11.036789297658864,0.95,45.5,0.6767676767676768,0.2828282828282829,0.006385571529492621,0.9936144284705084,0.710778400671862,0.2892215993281385
23,11.538461538461538,0.95,45.5,0.6767676767676768,0.2828282828282829,0.006447135045400768,0.9935528649546003,0.7203626012741766,0.27963739872582394
24,12.040133779264213,0.95,45.5,0.6767676767676768,0.2828282828282829,0.006507909826329468,0.9934920901736716,0.7297336589619057,0.2702663410380947
25,12.54180602006689,0.95,45.5,0.6767676767676768,0.2828282828282829,0.006567844093927901,0.9934321559060731,0.738888864856678,0.26111113514332246
26,13.043478260869565,0.95,45.5,0.6767676767676768,0.2828282828282829,0.006626890031156291,0.9933731099688446,0.7478261268177495,0.25217387318225104
27,13.545150501672241,0.95,45.5,0.6767676767676768,0.2828282828282829,0.006685003879170392,0.9933149961208306,0.7565439458219996,0.24345605417800104
28,14.046822742474916,0.95,45.5,0.6767676767676768,0.2828282828282829,0.0067421453136305405,0.9932578546863705,0.7650413894422479,0.2349586105577528
29,14.548494983277592,0.95,45.5,0.6767676767676768,0.2828282828282829,0.006798277322059547,0.9932017226779415,0.7733180627845837,0.226681937215417
30,15.050167224080267,0.95,45.5,0.6767676767676768,0.2828282828282829,0.0068533668150519795,0.9931466331849491,0.781374081332485,0.21862591866751582
31,15.551839464882944,0.95,45.5,0.6767676767676768,0.2828282828282829,0.006907385086824427,0.9930926149131767,0.789210035697186,0.2107899643028149
32,16.05351170568562,0.95,45.5,0.6767676767676768,0.2828282828282829,0.006960307612758502,0.9930396923872425,0.7968269665215759,0.2031730334784252
33,16.555183946488295,0.95,45.5,0.6767676767676768,0.2828282828282829,0.0070121122066036275,0.9929878877933974,0.8042263246733286,0.1957736753266725
34,17.05685618729097,0.95,45.5,0.6767676767676768,0.2828282828282829,0.007062779635031755,0.9929372203649693,0.8114099432422479,0.18859005675775295
35,17.558528428093645,0.95,45.5,0.6767676767676768,0.2828282828282829,0.007112293978964196,0.9928877060210369,0.8183799952911355,0.18162000470886508
36,18.06020066889632,0.95,45.5,0.6767676767676768,0.2828282828282829,0.0071606449539395435,0.9928393550460616,0.8251389847527946,0.17486101524720588
37,18.561872909698998,0.95,45.5,0.6767676767676768,0.2828282828282829,0.007207826024296978,0.9927921739757042,0.8316897082775595,0.16831029172244089
38,19.06354515050167,0.95,45.5,0.6767676767676768,0.2828282828282829,0.007253831627709347,0.9927461683722918,0.8380352277305013,0.16196477226949885
39,19.565217391304348,0.95,45.5,0.6767676767676768,0.2828282828282829,0.0072986558403975235,0.9927013441596036,0.8441788406283964,0.1558211593716034
40,20.066889632107024,0.95,45.5,0.6767676767676768,0.2828282828282829,0.007342295896052386,0.9926577041039487,0.8501240488490208,0.14987595115097901
41,20.568561872909697,0.95,45.5,0.6767676767676768,0.2828282828282829,0.007384756764367589,0.9926152432356335,0.8558745386857018,0.14412546131429854
42,21.070234113712374,0.95,45.5,0.6767676767676768,0.2828282828282829,0.007426050063585761,0.9925739499364153,0.8614341513844146,0.13856584861558657
43,21.57190635451505,0.95,45.5,0.6767676767676768,0.2828282828282829,0.007466181224922635,0.9925338187750785,0.8668068697237015,0.13319313027629967
44,22.073578595317727,0.95,45.5,0.6767676767676768,0.2828282828282829,0.00750515760884411,0.9924948423911569,0.871996784979725,0.1280032150202752
45,22.5752508361204,0.95,45.5,0.6767676767676768,0.2828282828282829,0.0075429794613634015,0.9924570205386376,0.8770080799528597,0.12299192004713978
46,23.076923076923077,0.95,45.5,0.6767676767676768,0.2828282828282829,0.007579665882964762,0.9924203341170362,0.8818450127576054,0.1181549872423941
47,23.578595317725753,0.95,45.5,0.6767676767676768,0.2828282828282829,0.007615235895682161,0.9923847641043189,0.8865118959173135,0.11348810408268716
48,24.080267558528426,0.95,45.5,0.6767676767676768,0.2828282828282829,0.007649716280039053,0.9923502837199619,0.8910130916651436,0.10898690833485743
49,24.581939799331103,0.95,45.5,0.6767676767676768,0.2828282828282829,0.007683115544659604,0.9923168844553414,0.8953529803205715,0.10464701967942892
50,25.08361204013378,0.95,45.5,0.6767676767676768,0.2828282828282829,0.007715438026817313,0.9922845619731837,0.8995359512159096,0.10046404878408902
51,25.585284280936456,0.95,45.5,0.6767676767676768,0.2828282828282829,0.0077467033495336474,0.9922532966504674,0.9035663834312478,0.09643361656874912
52,26.08695652173913,0.95,45.5,0.6767676767676768,0.2828282828282829,0.007776935092423836,0.9922230649075772,0.907448644484887,0.09255135551510935
53,26.588628762541806,0.95,45.5,0.6767676767676768,0.2828282828282829,0.00780617922692947,0.9921938207730716,0.9111870805465518,0.0888129194534447
54,27.090301003344482,0.95,45.5,0.6767676767676768,0.2828282828282829,0.007834450730302242,0.9921655492696988,0.9147860028802273,0.08521399711976944
55,27.59197324414716,0.95,45.5,0.6767676767676768,0.2828282828282829,0.007861737327048453,0.9921382626729526,0.9182496792501136,0.08175032074988323
56,28.093645484949832,0.95,45.5,0.6767676767676768,0.2828282828282829,0.007888066991478627,0.9921119330085224,0.9215823247977988,0.07841767520219832
57,28.59531772575251,0.95,45.5,0.6767676767676768,0.2828282828282829,0.00791349475966217,0.9920865052403388,0.9247880955862341,0.07521190441376346
58,29.096989966555185,0.95,45.5,0.6767676767676768,0.2828282828282829,0.007938028291162864,0.9920619717088381,0.927871082813711,0.0721289171862869
59,29.598662207357858,0.95,45.5,0.6767676767676768,0.2828282828282829,0.007961689363788703,0.9920383106362124,0.9308353055607657,0.06916469443923245
60,30.100334448160535,0.95,45.5,0.6767676767676768,0.2828282828282829,0.007984502389604428,0.9920154976103966,0.9336847108037895,0.06631528919620887
61,30.60200668896321,0.95,45.5,0.6767676767676768,0.2828282828282829,0.008006489157371474,0.9919935108426298,0.936423169293389,0.06357683070660945
62,31.103678929765888,0.95,45.5,0.6767676767676768,0.2828282828282829,0.008027673609788453,0.9919723263902127,0.9390544736667011,0.060945526333297355
63,31.60535117056856,0.95,45.5,0.6767676767676768,0.2828282828282829,0.008048078738716245,0.991951921261285,0.9415823246778535,0.05841767532214506
64,32.10702341137124,0.95,45.5,0.6767676767676768,0.2828282828282829,0.008067727962607477,0.9919322720373938,0.9440103331745404,0.0559896668254583
65,32.608695652173914,0.95,45.5,0.6767676767676768,0.2828282828282829,0.00808664376426948,0.9919133562357317,0.9463420262555622,0.05365797374443664
66,33.11036789297659,0.95,45.5,0.6767676767676768,0.2828282828282829,0.008104848349481995,0.9918951516505192,0.9485808419879199,0.0514191580120791
67,33.61204013377927,0.95,45.5,0.6767676767676768,0.2828282828282829,0.008122363857165747,0.9918776361428355,0.9507301300391554,0.04926986996084381
68,34.11371237458194,0.95,45.5,0.6767676767676768,0.2828282828282829,0.008139212892109645,0.9918607871078917,0.9527931471959343,0.04720685280406504
69,34.61538461538461,0.95,45.5,0.6767676767676768,0.2828282828282829,0.008155416629312505,0.9918445833706888,0.9547730588273792,0.04522694117262029
70,35.11705685618729,0.95,45.5,0.6767676767676768,0.2828282828282829,0.008170996233782485,0.9918290037662189,0.9566729392893673,0.04332706071063217
71,35.618729096989966,0.95,45.5,0.6767676767676768,0.2828282828282829,0.008185972416386656,0.9918140275836147,0.9584957718004686,0.04150422819953085
72,36.12040133779264,0.95,45.5,0.6767676767676768,0.2828282828282829,0.00820036564513036,0.9917996343548711,0.9602444501071747,0.039755549892824905
73,36.62207357859532,0.95,45.5,0.6767676767676768,0.2828282828282829,0.008214195762790796,0.9917858042372106,0.9619217801655126,0.03807821983448716
74,37.123745819397996,0.95,45.5,0.6767676767676768,0.2828282828282829,0.008227482414511185,0.9917725175854902,0.9635304759201133,0.03646952407988647
75,37.625418060200666,0.95,45.5,0.6767676767676768,0.2828282828282829,0.008240244411776754,0.9917597555882246,0.9650731706715532,0.03492682932844667
76,38.12709030100334,0.95,45.5,0.6767676767676768,0.2828282828282829,0.008252500386625896,0.9917474996133755,0.9665524038790606,0.03344759612093934
77,38.62876254180602,0.95,45.5,0.6767676767676768,0.2828282828282829,0.008264268374904583,0.9917357316250968,0.9679706388920346,0.032029361107965386
78,39.130434782608695,0.95,45.5,0.6767676767676768,0.2828282828282829,0.008275565967153778,0.9917244340328475,0.9693302499237014,0.030669750076298574
79,39.63210702341137,0.95,45.5,0.6767676767676768,0.2828282828282829,0.008286410275915212,0.9917135897240862,0.9706335342438493,0.0293664657561502
80,40.13377926421405,0.95,45.5,0.6767676767676768,0.2828282828282829,0.008296817930185475,0.9917031820698159,0.9718827091680847,0.028117290831913198
81,40.635451505016725,0.95,45.5,0.6767676767676768,0.2828282828282829,0.008306805089233737,0.9916931949107677,0.9730799103473003,0.026920089652694768
82,41.137123745819395,0.95,45.5,0.6767676767676768,0.2828282828282829,0.00831638742713781,0.9916836125728636,0.9742272044921977,0.025772795507794936
83,41.63879598662207,0.95,45.5,0.6767676767676768,0.2828282828282829,0.008325580116118173,0.9916744198838833,0.9753265815038905,0.02467341849609988
84,42.14046822742475,0.95,45.5,0.6767676767676768,0.2828282828282829,0.00833439783206967,0.9916656021679318,0.9763799599931847,0.02362004000680427
85,42.642140468227424,0.95,45.5,0.6767676767676768,0.2828282828282829,0.008342854875507842,0.9916571451244937,0.977389191296848,0.022610808703140167
86,43.1438127090301,0.95,45.5,0.6767676767676768,0.2828282828282829,0.00835096505086133,0.9916490349491401,0.9783560534929091,0.0216439465070787
87,43.64548494983278,0.95,45.5,0.6767676767676768,0.2828282828282829,0.008358741806978537,0.991641258193023,0.9792822646712374,0.020717735328750354
88,44.147157190635454,0.95,45.5,0.6767676767676768,0.2828282828282829,0.008366198089221387,0.9916338019107802,0.9801694726884757,0.019830527311511966
89,44.64882943143812,0.95,45.5,0.6767676767676768,0.2828282828282829,0.00837334633312329,0.9916266536668783,0.9810192689389627,0.018980731061024606
90,45.1505016722408,0.95,45.5,0.6767676767676768,0.2828282828282829,0.008380198567082426,0.9916198014329192,0.9818331805628082,0.018166819437178454
91,45.65217391304348,0.95,45.5,0.6767676767676768,0.2828282828282829,0.008386766342190603,0.991613233657811,0.9826126789380655,0.017387321061920265
92,46.15384615384615,0.95,45.5,0.6767676767676768,0.2828282828282829,0.008393060825966785,0.9916069391740349,0.9833591742414588,0.01664082575852571
93,46.65551839464883,0.95,45.5,0.6767676767676768,0.2828282828282829,0.008399093051003214,0.9916009069489984,0.9840740268970547,0.01592597310292881
94,47.15719063545151,0.95,45.5,0.6767676767676768,0.2828282828282829,0.008404873490710573,0.991595126509291,0.9847585445923619,0.015241455407621922
95,47.65886287625418,0.95,45.5,0.6767676767676768,0.2828282828282829,0.008410412194384665,0.9915895878056169,0.9854139801238861,0.01458601987609864
96,48.16053511705685,0.95,45.5,0.6767676767676768,0.2828282828282829,0.008415718933941158,0.9915842810660604,0.9860415444429224,0.013958455557065062
97,48.66220735785953,0.95,45.5,0.6767676767676768,0.2828282828282829,0.008420803008630505,0.9915791969913711,0.9866423956136916,0.01335760438629945
98,49.163879598662206,0.95,45.5,0.6767676767676768,0.2828282828282829,0.008425673314783503,0.9915743266852182,0.9872176466165457,0.012782353383449454
99,49.66555183946488,0.95,45.5,0.6767676767676768,0.2828282828282829,0.008430338489122674,0.9915696615108789,0.9877683674877951,0.012231632512203827
100,50.16722408026756,0.95,45.5,0.6767676767676768,0.2828282828282829,0.008434807027892942,0.9915651929721087,0.9882955825965836,0.011704417403418467
101,50.668896321070235,0.95,45.5,0.6767676767676768,0.2828282828282829,0.008439086969900499,0.9915609130301012,0.9888002762504461,0.011199723749557688
102,51.17056856187291,0.95,45.5,0.6767676767676768,0.2828282828282829,0.008443186050460487,0.9915568139495412,0.9892833935203773,0.010716606479626972
103,51.67224080267559,0.95,45.5,0.6767676767676768,0.2828282828282829,0.00844711181143295,0.9915528881885688,0.9897458401147519,0.010254159885251746
104,52.17391304347826,0.95,45.5,0.6767676767676768,0.2828282828282829,0.008450871159597794,0.9915491288404039,0.9901884860063936,0.009811513993608146
105,52.675585284280935,0.95,45.5,0.6767676767676768,0.2828282828282829,0.008454470885439153,0.9915455291145626,0.990612165735553,0.009387834264446634
106,53.17725752508361,0.95,45.5,0.6767676767676768,0.2828282828282829,0.00845791748441868,0.9915420825155831,0.9910176802634141,0.008982319736584015
107,53.67892976588629,0.95,45.5,0.6767676767676768,0.2828282828282829,0.008461217838646966,0.9915387821613548,0.9914057959911023,0.008594204008894251
108,54.180602006688964,0.95,45.5,0.6767676767676768,0.2828282828282829,0.008464378112064809,0.991535621887937,0.9917772505779295,0.008222749422066687
109,54.68227424749164,0.95,45.5,0.6767676767676768,0.2828282828282829,0.008467404141763,0.9915325958582387,0.9921327505810281,0.007867249418968955
110,55.18394648829432,0.95,45.5,0.6767676767676768,0.2828282828282829,0.00847030050678005,0.9915296994932217,0.9924729714720817,0.007527028527916617
111,55.68561872909699,0.95,45.5,0.6767676767676768,0.2828282828282829,0.00847307230854824,0.9915269276914535,0.9927985637638143,0.007201436236185107
112,56.187290969899664,0.95,45.5,0.6767676767676768,0.2828282828282829,0.008475725378588986,0.9915242746214128,0.9931101491865616,0.0068898508134387915
113,56.68896321070234,0.95,45.5,0.6767676767676768,0.2828282828282829,0.008478266489445099,0.9915217335105567,0.9934083228811157,0.00659167711888684
114,57.19063545150502,0.95,45.5,0.6767676767676768,0.2828282828282829,0.008480701286787221,0.9915192987132145,0.9936936569009528,0.006306343099052611
115,57.69230769230769,0.95,45.5,0.6767676767676768,0.2828282828282829,0.008483031180068646,0.9915169688199331,0.9939666985146387,0.006033301485368837
116,58.19397993311037,0.95,45.5,0.6767676767676768,0.2828282828282829,0.008485258137880437,0.9915147418621213,0.9942279725779185,0.00577202742208889
117,58.69565217391305,0.95,45.5,0.6767676767676768,0.2828282828282829,0.008487383950446053,0.9915126160495558,0.9944779825112794,0.005522017488724227
118,59.197324414715716,0.95,45.5,0.6767676767676768,0.2828282828282829,0.008489420985579352,0.9915105790144224,0.9947172085079181,0.005282791492081335
119,59.69899665551839,0.95,45.5,0.6767676767676768,0.2828282828282829,0.008491377407222313,0.9915086225927795,0.9949461119333938,0.005053888066602424
120,60.20066889632107,0.95,45.5,0.6767676767676768,0.2828282828282829,0.00849325395530794,0.9915067460446938,0.9951651346362033,0.004834865363791032
121,60.702341137123746,0.95,45.5,0.6767676767676768,0.2828282828282829,0.008495047686207617,0.9915049523137941,0.9953746999773576,0.004625300022636288
122,61.20401337792642,0.95,45.5,0.6767676767676768,0.2828282828282829,0.00849676134466172,0.9915032386553401,0.995575213811294,0.00442478618870065
123,61.7056856187291,0.95,45.5,0.6767676767676768,0.2828282828282829,0.008498394986241933,0.9915016050137598,0.9957670639672839,0.004232936032712325
124,62.207357859531776,0.95,45.5,0.6767676767676768,0.2828282828282829,0.008499959143297932,0.9915000408567038,0.995950623360358,0.004049376639639778
125,62.709030100334445,0.95,45.5,0.6767676767676768,0.2828282828282829,0.008501460888861728,0.99149853911114,0.9961262466614523,0.003873753338546141
126,63.21070234113712,0.95,45.5,0.6767676767676768,0.2828282828282829,0.008502898990805455,0.9914971010091963,0.996294276292251,0.003705723707748269
127,63.7123745819398,0.95,45.5,0.6767676767676768,0.2828282828282829,0.00850427747828614,0.9914957225217156,0.9964550370481419,0.003544962951857964
128,64.21404682274247,0.95,45.5,0.6767676767676768,0.2828282828282829,0.008505594963264685,0.991494405036737,0.9966088429502901,0.003391157049711316
129,64.71571906354515,0.95,45.5,0.6767676767676768,0.2828282828282829,0.008506852187249033,0.9914931478127526,0.9967559921324525,0.003244007867551401
130,65.21739130434783,0.95,45.5,0.6767676767676768,0.2828282828282829,0.008508054563688958,0.9914919454363127,0.9968967728743701,0.0031032271256353
131,65.7190635451505,0.95,45.5,0.6767676767676768,0.2828282828282829,0.008509203053935521,0.9914907969460661,0.997031457606337,0.0029685423936685372
132,66.22073578595318,0.95,45.5,0.6767676767676768,0.2828282828282829,0.008510303020311982,0.9914896969796897,0.9971603110301346,0.002839688969872136
133,66.72240802675586,0.95,45.5,0.6767676767676768,0.2828282828282829,0.00851135831764523,0.9914886416823564,0.9972835821912116,0.002716417808797246
134,67.22408026755853,0.95,45.5,0.6767676767676768,0.2828282828282829,0.008512369175898798,0.9914876308241029,0.9974015142488004,0.0025984857512108966
135,67.72575250836121,0.95,45.5,0.6767676767676768,0.2828282828282829,0.008513338766983293,0.9914866612330184,0.9975143353281938,0.002485664671820923
136,68.22742474916387,0.95,45.5,0.6767676767676768,0.2828282828282829,0.008514265384290308,0.9914857346157114,0.9976222679011034,0.0023777320989148763
137,68.72909698996655,0.95,45.5,0.6767676767676768,0.2828282828282829,0.00851514824137511,0.9914848517586266,0.9977255216203789,0.002274478379642559
138,69.23076923076923,0.95,45.5,0.6767676767676768,0.2828282828282829,0.008515991360229848,0.9914840086397718,0.9978242994525989,0.0021757005474243893
139,69.7324414715719,0.95,45.5,0.6767676767676768,0.2828282828282829,0.008516798074729914,0.9914832019252717,0.9979187944193565,0.0020812055806663453
140,70.23411371237458,0.95,45.5,0.6767676767676768,0.2828282828282829,0.008517570424382186,0.9914824295756196,0.9980091916120147,0.001990808388006412
141,70.73578595317726,0.95,45.5,0.6767676767676768,0.2828282828282829,0.00851831138483664,0.9914816886151652,0.998095668458516,0.0019043315415040634
142,71.23745819397993,0.95,45.5,0.6767676767676768,0.2828282828282829,0.008519022495801463,0.9914809775042002,0.9981783939306607,0.0018216060693590818
143,71.73913043478261,0.95,45.5,0.6767676767676768,0.2828282828282829,0.008519702424494627,0.991480297575507,0.9982575311010353,0.0017424688989846752
144,72.24080267558529,0.95,45.5,0.6767676767676768,0.2828282828282829,0.008520352009312553,0.9914796479906891,0.998333234278677,0.0016667657213442354
145,72.74247491638796,0.95,45.5,0.6767676767676768,0.2828282828282829,0.008520971303473812,0.9914790286965279,0.9984056530779423,0.0015943469220799172
146,73.24414715719064,0.95,45.5,0.6767676767676768,0.2828282828282829,0.008521560662371362,0.9914784393376304,0.9984749286702783,0.0015250713297442747
147,73.74581939799332,0.95,45.5,0.6767676767676768,0.2828282828282829,0.0085221266367388,0.9914778733632629,0.9985411988149481,0.001458801185074635
148,74.24749163879599,0.95,45.5,0.6767676767676768,0.2828282828282829,0.00852267071795317,0.9914773292820485,0.9986045918896467,0.0013954081103746275
149,74.74916387959867,0.95,45.5,0.6767676767676768,0.2828282828282829,0.008523191785745796,0.9914768082142559,0.9986652336573767,0.0013347663426433996
150,75.25083612040133,0.95,45.5,0.6767676767676768,0.2828282828282829,0.008523689661928797,0.9914763103380729,0.9987232430577,0.0012767569423202023
151,75.75250836120401,0.95,45.5,0.6767676767676768,0.2828282828282829,0.008524165466798881,0.9914758345332029,0.9987787330531037,0.0012212669469179687
152,76.25418060200668,0.95,45.5,0.6767676767676768,0.2828282828282829,0.008524620483851612,0.9914753795161501,0.998831814584753,0.0011681854152698038
153,76.75585284280936,0.95,45.5,0.6767676767676768,0.2828282828282829,0.008525054748410912,0.9914749452515907,0.998882590135733,0.0011174098642910103
154,77.25752508361204,0.95,45.5,0.6767676767676768,0.2828282828282829,0.008525470142010497,0.9914745298579911,0.9989311609128345,0.0010688390871905291
155,77.75919732441471,0.95,45.5,0.6767676767676768,0.2828282828282829,0.008525868095906837,0.9914741319040948,0.9989776221994233,0.0010223778006026541
156,78.26086956521739,0.95,45.5,0.6767676767676768,0.2828282828282829,0.008526249485371645,0.99147375051463,0.9990220647598084,0.0009779352402179986
157,78.76254180602007,0.95,45.5,0.6767676767676768,0.2828282828282829,0.008526614145084179,0.9914733858549175,0.9990645775619869,0.0009354224380398533
158,79.26421404682274,0.95,45.5,0.6767676767676768,0.2828282828282829,0.008526963078035802,0.9914730369219659,0.9991052429340302,0.0008947570659966017
159,79.76588628762542,0.95,45.5,0.6767676767676768,0.2828282828282829,0.008527296811952323,0.9914727031880493,0.9991441420621082,0.000855857937918585
160,80.2675585284281,0.95,45.5,0.6767676767676768,0.2828282828282829,0.008527615769473954,0.9914723842305276,0.999181351167849,0.000818648832177401
161,80.76923076923077,0.95,45.5,0.6767676767676768,0.2828282828282829,0.008527920531600876,0.9914720794684008,0.9992169431466084,0.0007830568534173589
162,81.27090301003345,0.95,45.5,0.6767676767676768,0.2828282828282829,0.008528212275057075,0.9914717877249446,0.9992509892084404,0.0007490107915838125
163,81.77257525083613,0.95,45.5,0.6767676767676768,0.2828282828282829,0.00852849157079454,0.9914715084292072,0.9992835552864048,0.0007164447136171259
164,82.27424749163879,0.95,45.5,0.6767676767676768,0.2828282828282829,0.00852875871226141,0.9914712412877402,0.9993147066112132,0.0006852933888107444
165,82.77591973244147,0.95,45.5,0.6767676767676768,0.2828282828282829,0.008529014237076388,0.9914709857629252,0.9993445041125855,0.0006554958874478089
166,83.27759197324414,0.95,45.5,0.6767676767676768,0.2828282828282829,0.008529258670532829,0.9914707413294688,0.9993730064841716,0.0006269935158778238
167,83.77926421404682,0.95,45.5,0.6767676767676768,0.2828282828282829,0.008529492516144533,0.991470507483857,0.999400270997099,0.0005997290029663761
168,84.2809364548495,0.95,45.5,0.6767676767676768,0.2828282828282829,0.008529716175657192,0.9914702838243444,0.9994263501988103,0.0005736498012729385
169,84.78260869565217,0.95,45.5,0.6767676767676768,0.2828282828282829,0.008529930096524287,0.9914700699034773,0.9994512957721945,0.0005487042279078787
170,85.28428093645485,0.95,45.5,0.6767676767676768,0.2828282828282829,0.008530134747003768,0.9914698652529979,0.999475157847171,0.0005248421529517916
171,85.78595317725753,0.95,45.5,0.6767676767676768,0.2828282828282829,0.008530330493615028,0.9914696695063866,0.9994979821471868,0.0005020178529559933
172,86.2876254180602,0.95,45.5,0.6767676767676768,0.2828282828282829,0.008530517720382255,0.9914694822796194,0.9995198142214315,0.00048018577873002203
173,86.78929765886288,0.95,45.5,0.6767676767676768,0.2828282828282829,0.00853069679438498,0.9914693032056167,0.9995406977863409,0.00045930221383802734
174,87.29096989966555,0.95,45.5,0.6767676767676768,0.2828282828282829,0.008530868056490849,0.9914691319435108,0.9995606728547717,0.0004393271454219604
175,87.79264214046823,0.95,45.5,0.6767676767676768,0.2828282828282829,0.008531031883054185,0.9914689681169474,0.9995797795942682,0.00042022040593728136
176,88.29431438127091,0.95,45.5,0.6767676767676768,0.2828282828282829,0.008531188631786885,0.9914688113682146,0.9995980559826522,0.0004019440175625599
177,88.79598662207358,0.95,45.5,0.6767676767676768,0.2828282828282829,0.00853133862276454,0.991468661377237,0.999615537161196,0.0003844628390245897
178,89.29765886287625,0.95,45.5,0.6767676767676768,0.2828282828282829,0.00853148207617141,0.9914685179238302,0.9996322585009194,0.00036774149930423033
179,89.79933110367892,0.95,45.5,0.6767676767676768,0.2828282828282829,0.008531619227193081,0.9914683807728085,0.9996482530261657,0.00035174697405858943
180,90.3010033444816,0.95,45.5,0.6767676767676768,0.2828282828282829,0.008531750320000319,0.9914682496800012,0.9996635515157851,0.0003364484844378874
181,90.80267558528428,0.95,45.5,0.6767676767676768,0.2828282828282829,0.008531875754882309,0.9914681242451192,0.9996781852184156,0.00032181478180184876
182,91.30434782608695,0.95,45.5,0.6767676767676768,0.2828282828282829,0.008531995787168734,0.9914680042128329,0.9996921826274837,0.00030781737272354425
183,91.80602006688963,0.95,45.5,0.6767676767676768,0.2828282828282829,0.00853211068923282,0.9914678893107688,0.9997055710205867,0.00029442897960500584
184,92.3076923076923,0.95,45.5,0.6767676767676768,0.2828282828282829,0.008532220704046911,0.9914677792959548,0.9997183766899067,0.00028162331026394106
185,92.80936454849498,0.95,45.5,0.6767676767676768,0.2828282828282829,0.008532325870991867,0.9914676741290098,0.9997306251007954,0.00026937489935390413
186,93.31103678929766,0.95,45.5,0.6767676767676768,0.2828282828282829,0.008532426429845518,0.9914675735701561,0.9997423405202346,0.00025765947989263847
187,93.81270903010034,0.95,45.5,0.6767676767676768,0.2828282828282829,0.008532522501701762,0.9914674774982999,0.9997535465185625,0.0002464534815441972
188,94.31438127090301,0.95,45.5,0.6767676767676768,0.2828282828282829,0.008532614372680726,0.9914673856273208,0.9997642647809462,0.00023573521914242005
189,94.81605351170569,0.95,45.5,0.6767676767676768,0.2828282828282829,0.008532702301918882,0.9914672976980827,0.9997745163137574,0.0002254836863168619
190,95.31772575250837,0.95,45.5,0.6767676767676768,0.2828282828282829,0.008532786409410466,0.9914672135905912,0.9997843221871108,0.00021567781295618731
191,95.81939799331104,0.95,45.5,0.6767676767676768,0.2828282828282829,0.008532866877790044,0.9914671331222116,0.9997937024009755,0.0002062975990940187
192,96.3210702341137,0.95,45.5,0.6767676767676768,0.2828282828282829,0.008532943832469103,0.9914670561675325,0.9998026740430942,0.00019732595697967222
193,96.82274247491638,0.95,45.5,0.6767676767676768,0.2828282828282829,0.008533017448540669,0.9914669825514609,0.9998112557392423,0.00018874426083964304
194,97.32441471571906,0.95,45.5,0.6767676767676768,0.2828282828282829,0.008533087876772675,0.9914669121232289,0.9998194646337745,0.00018053536631670338
195,97.82608695652173,0.95,45.5,0.6767676767676768,0.2828282828282829,0.008533155254260988,0.9914668447457406,0.9998273169290933,0.0001726830710067178
196,98.32775919732441,0.95,45.5,0.6767676767676768,0.2828282828282829,0.008533219700312036,0.9914667802996896,0.9998348277878747,0.0001651722122351585
197,98.82943143812709,0.95,45.5,0.6767676767676768,0.2828282828282829,0.008533281340940389,0.9914667186590613,0.9998420121755123,0.00015798782460329388
198,99.33110367892976,0.95,45.5,0.6767676767676768,0.2828282828282829,0.008533340287015412,0.9914666597129863,0.9998488841795791,0.0001511158205346765
199,99.83277591973244,0.95,45.5,0.6767676767676768,0.2828282828282829,0.008533396673707628,0.9914666033262941,0.9998554574303132,0.0001445425697955497
200,100.33444816053512,0.95,45.5,0.6767676767676768,0.2828282828282829,0.008533450612186336,0.9914665493878154,0.9998617448454457,0.00013825515465474127
201,100.8361204013378,0.95,45.5,0.6767676767676768,0.2828282828282829,0.008533502205660091,0.9914664977943416,0.9998677587553287,0.0001322412447599552
202,101.33779264214047,0.95,45.5,0.6767676767676768,0.2828282828282829,0.008533551556279008,0.9914664484437227,0.9998735109924953,0.00012648900757886557
203,101.83946488294315,0.95,45.5,0.6767676767676768,0.2828282828282829,0.00853359874984189,0.9914664012501598,0.9998790129059856,0.00012098709406644836
204,102.34113712374582,0.95,45.5,0.6767676767676768,0.2828282828282829,0.00853364388958403,0.9914663561104177,0.9998842753669213,0.00011572463310692991
205,102.8428093645485,0.95,45.5,0.6767676767676768,0.2828282828282829,0.008533687068414824,0.9914663129315869,0.9998893088257508,0.00011069117425521907
206,103.34448160535118,0.95,45.5,0.6767676767676768,0.2828282828282829,0.008533728377179861,0.9914662716228219,0.9998941233392521,0.00010587666073793408
207,103.84615384615384,0.95,45.5,0.6767676767676768,0.2828282828282829,0.008533767905113314,0.9914662320948884,0.9998987286040915,0.00010127139589449968
208,104.34782608695652,0.95,45.5,0.6767676767676768,0.2828282828282829,0.008533805696945238,0.9914661943030565,0.9999031329355511,9.686706442222799e-05
209,104.84949832775919,0.95,45.5,0.6767676767676768,0.2828282828282829,0.008533841839316231,0.9914661581606855,0.9999073453930366,9.265460692378929e-05
210,105.35117056856187,0.95,45.5,0.6767676767676768,0.2828282828282829,0.008533876409287672,0.9914661235907141,0.9999113745495892,8.862545036190569e-05
211,105.85284280936455,0.95,45.5,0.6767676767676768,0.2828282828282829,0.008533909476566912,0.9914660905234348,0.9999152285685871,8.477143135941431e-05
212,106.35451505016722,0.95,45.5,0.6767676767676768,0.2828282828282829,0.008533941108450571,0.9914660588915511,0.9999189153465933,8.108465335408077e-05
213,106.8561872909699,0.95,45.5,0.6767676767676768,0.2828282828282829,0.008533971363821332,0.9914660286361804,0.9999224416705559,7.75583293958634e-05
214,107.35785953177258,0.95,45.5,0.6767676767676768,0.2828282828282829,0.008534000299334994,0.9914659997006667,0.9999258140792487,7.418592070875064e-05
215,107.85953177257525,0.95,45.5,0.6767676767676768,0.2828282828282829,0.00853402797643032,0.9914659720235713,0.9999290398397385,7.09601602268309e-05
216,108.36120401337793,0.95,45.5,0.6767676767676768,0.2828282828282829,0.008534054450701673,0.9914659455493,0.9999321254581157,6.787454185805983e-05
217,108.8628762541806,0.95,45.5,0.6767676767676768,0.2828282828282829,0.008534079775687608,0.9914659202243141,0.9999350772056194,6.492279436167529e-05
218,109.36454849498328,0.95,45.5,0.6767676767676768,0.2828282828282829,0.008534104001591363,0.9914658959984104,0.9999379009287077,6.209907127268016e-05
219,109.86622073578596,0.95,45.5,0.6767676767676768,0.2828282828282829,0.008534127170865977,0.9914658728291358,0.9999406014044908,5.939859545623638e-05
220,110.36789297658864,0.95,45.5,0.6767676767676768,0.2828282828282829,0.00853414933320596,0.9914658506667957,0.9999431845101525,5.681548972870849e-05
221,110.8695652173913,0.95,45.5,0.6767676767676768,0.2828282828282829,0.008534170532892483,0.9914658294671093,0.9999456553835776,5.4344616193114756e-05
222,111.37123745819397,0.95,45.5,0.6767676767676768,0.2828282828282829,0.008534190812485598,0.9914658091875161,0.9999480189543326,5.198104526856904e-05
223,111.87290969899665,0.95,45.5,0.6767676767676768,0.2828282828282829,0.008534210212952444,0.9914657897870492,0.9999502799578548,4.9720041500980026e-05
224,112.37458193979933,0.95,45.5,0.6767676767676768,0.2828282828282829,0.008534228767938329,0.9914657712320634,0.9999524424967544,4.755750239297376e-05
225,112.876254180602,0.95,45.5,0.6767676767676768,0.2828282828282829,0.008534246515781918,0.9914657534842198,0.9999545109741368,4.5489024813575e-05
226,113.37792642140468,0.95,45.5,0.6767676767676768,0.2828282828282829,0.008534263492018515,0.9914657365079832,0.9999564895182121,4.351048055960967e-05
227,113.87959866220736,0.95,45.5,0.6767676767676768,0.2828282828282829,0.008534279730221299,0.9914657202697804,0.9999583820516206,4.161794701550608e-05
228,114.38127090301003,0.95,45.5,0.6767676767676768,0.2828282828282829,0.008534295262611742,0.99146570473739,0.9999601923429059,3.980765566737879e-05
229,114.88294314381271,0.95,45.5,0.6767676767676768,0.2828282828282829,0.0085343101191333,0.9914656898808685,0.9999619238567141,3.80761418191084e-05
230,115.38461538461539,0.95,45.5,0.6767676767676768,0.2828282828282829,0.008534324328649746,0.991465675671352,0.9999635799391906,3.6420059288515903e-05
231,115.88628762541806,0.95,45.5,0.6767676767676768,0.2828282828282829,0.008534337919895807,0.991465662080106,0.9999651639643006,3.483603415899046e-05
232,116.38795986622074,0.95,45.5,0.6767676767676768,0.2828282828282829,0.008534350919995787,0.991465649080006,0.9999666790964532,3.3320902022858804e-05
233,116.88963210702342,0.95,45.5,0.6767676767676768,0.2828282828282829,0.008534363355094481,0.9914656366449073,0.9999681283863788,3.187161214929896e-05
234,117.3913043478261,0.95,45.5,0.6767676767676768,0.2828282828282829,0.008534375249195661,0.991465624750806,0.999969514629222,3.0485369392787812e-05
235,117.89297658862876,0.95,45.5,0.6767676767676768,0.2828282828282829,0.008534386621850744,0.991465613378151,0.9999708400825911,2.9159916145514493e-05
236,118.39464882943143,0.95,45.5,0.6767676767676768,0.2828282828282829,0.008534397498751616,0.9914656025012502,0.999972107756269,2.789224261463911e-05
237,118.89632107023411,0.95,45.5,0.6767676767676768,0.2828282828282829,0.008534407901846276,0.9914655920981554,0.9999733202079092,2.6679791137876507e-05
238,119.39799331103679,0.95,45.5,0.6767676767676768,0.2828282828282829,0.008534417852378453,0.9914655821476233,0.999974479912802,2.5520086412577394e-05
239,119.89966555183946,0.95,45.5,0.6767676767676768,0.2828282828282829,0.008534427370966394,0.9914655726290353,0.9999755892730303,2.4410726340356752e-05
240,120.40133779264214,0.95,45.5,0.6767676767676768,0.2828282828282829,0.008534436477681649,0.9914655635223201,0.9999766506266249,2.3349372871722207e-05
241,120.90301003344482,0.95,45.5,0.6767676767676768,0.2828282828282829,0.008534445188774437,0.9914655548112273,0.9999776658695408,2.233413006793488e-05
242,121.40468227424749,0.95,45.5,0.6767676767676768,0.2828282828282829,0.00853445351485973,0.9914655464851421,0.9999786362462842,2.136375349604411e-05
243,121.90635451505017,0.95,45.5,0.6767676767676768,0.2828282828282829,0.008534461478252908,0.9914655385217489,0.9999795643515029,2.0435648437566642e-05
244,122.40802675585284,0.95,45.5,0.6767676767676768,0.2828282828282829,0.008534469095263238,0.9914655309047385,0.9999804520856944,1.954791438708934e-05
245,122.90969899665552,0.95,45.5,0.6767676767676768,0.2828282828282829,0.008534476381702457,0.9914655236182993,0.9999813012912699,1.869870892444917e-05
246,123.4113712374582,0.95,45.5,0.6767676767676768,0.2828282828282829,0.00853448335294223,0.9914655166470595,0.9999821137592468,1.7886241022768182e-05
247,123.91304347826087,0.95,45.5,0.6767676767676768,0.2828282828282829,0.008534490023971601,0.9914655099760302,0.9999828912359402,1.7108764356488466e-05
248,124.41471571906355,0.95,45.5,0.6767676767676768,0.2828282828282829,0.008534496405521732,0.99146550359448,0.9999836349737822,1.6365026494348206e-05
249,124.91638795986621,0.95,45.5,0.6767676767676768,0.2828282828282829,0.008534502505170277,0.9914654974948316,0.9999843458593706,1.5654140847136566e-05
250,125.41806020066889,0.95,45.5,0.6767676767676768,0.2828282828282829,0.008534508339798547,0.9914654916602033,0.9999850258575077,1.4974142591509546e-05
251,125.91973244147157,0.95,45.5,0.6767676767676768,0.2828282828282829,0.008534513921229883,0.9914654860787719,0.9999856763464644,1.4323653449728665e-05
252,126.42140468227424,0.95,45.5,0.6767676767676768,0.2828282828282829,0.008534519260871823,0.99146548073913,0.9999862986561199,1.3701343535562222e-05
253,126.92307692307692,0.95,45.5,0.6767676767676768,0.2828282828282829,0.008534524369753816,0.991465475630248,0.9999868940723663,1.3105926950344785e-05
254,127.4247491638796,0.95,45.5,0.6767676767676768,0.2828282828282829,0.008534529258564936,0.9914654707414369,0.9999874638415122,1.2536157379036666e-05
255,127.92642140468227,0.95,45.5,0.6767676767676768,0.2828282828282829,0.008534533935109284,0.9914654660648925,0.9999880088716816,1.1991126755198418e-05
256,128.42809364548495,0.95,45.5,0.6767676767676768,0.2828282828282829,0.008534538406481574,0.9914654615935202,0.999988529988072,1.1470009950636445e-05
257,128.9297658862876,0.95,45.5,0.6767676767676768,0.2828282828282829,0.00853454268376544,0.9914654573162364,0.9999890284842214,1.0971513392204536e-05
258,129.4314381270903,0.95,45.5,0.6767676767676768,0.2828282828282829,0.0085345467754636,0.9914654532245383,0.9999895053510961,1.049464613857059e-05
259,129.93311036789297,0.95,45.5,0.6767676767676768,0.2828282828282829,0.008534550689753695,0.9914654493102482,0.9999899615417631,1.0038455152092612e-05
260,130.43478260869566,0.95,45.5,0.6767676767676768,0.2828282828282829,0.00853455443451538,0.9914654455654864,0.9999903979745479,9.602022141830121e-06
261,130.93645484949832,0.95,45.5,0.6767676767676768,0.2828282828282829,0.008534558017357419,0.9914654419826444,0.9999908155361918,9.184460406556001e-06
262,131.438127090301,0.95,45.5,0.6767676767676768,0.2828282828282829,0.008534561444245678,0.9914654385557561,0.9999912149221148,8.785074416152343e-06
263,131.93979933110367,0.95,45.5,0.6767676767676768,0.2828282828282829,0.008534564721255687,0.9914654352787461,0.9999915968404642,8.40315595566891e-06
264,132.44147157190636,0.95,45.5,0.6767676767676768,0.2828282828282829,0.008534567855763031,0.9914654321442388,0.9999919621507138,8.037845655553761e-06
265,132.94314381270902,0.95,45.5,0.6767676767676768,0.2828282828282829,0.008534570854009675,0.9914654291459921,0.9999923115803176,7.688416065014859e-06
266,133.44481605351172,0.95,45.5,0.6767676767676768,0.2828282828282829,0.008534573722022726,0.9914654262779791,0.9999926458316833,7.354164777409247e-06
267,133.94648829431438,0.95,45.5,0.6767676767676768,0.2828282828282829,0.008534576465636696,0.9914654235343651,0.9999929655847657,7.0344118370973186e-06
268,134.44816053511707,0.95,45.5,0.6767676767676768,0.2828282828282829,0.008534579090515736,0.9914654209094861,0.9999932714996591,6.728497146296771e-06
269,134.94983277591973,0.95,45.5,0.6767676767676768,0.2828282828282829,0.008534581600623816,0.9914654183993781,0.9999935640385754,6.4359584746147534e-06
270,135.45150501672242,0.95,45.5,0.6767676767676768,0.2828282828282829,0.008534584000636813,0.991465415999365,0.9999938437465438,6.156250778690013e-06
271,135.95317725752508,0.95,45.5,0.6767676767676768,0.2828282828282829,0.008534586296112576,0.9914654137038893,0.9999941112712041,5.888726409052791e-06
272,136.45484949832775,0.95,45.5,0.6767676767676768,0.2828282828282829,0.008534588491722723,0.9914654115082792,0.999994367157046,5.63284085673134e-06
273,136.95652173913044,0.95,45.5,0.6767676767676768,0.2828282828282829,0.008534590592003722,0.9914654094079981,0.9999946119328157,5.388065352583874e-06
274,137.4581939799331,0.95,45.5,0.6767676767676768,0.2828282828282829,0.008534592601374506,0.9914654073986273,0.9999948461135701,5.153884811637129e-06
275,137.9598662207358,0.95,45.5,0.6767676767676768,0.2828282828282829,0.008534594524154119,0.9914654054758477,0.9999950702027339,4.929795777424801e-06
276,138.46153846153845,0.95,45.5,0.6767676767676768,0.2828282828282829,0.008534596361441736,0.9914654036385601,0.9999952843279215,4.715670821695632e-06
277,138.96321070234114,0.95,45.5,0.6767676767676768,0.2828282828282829,0.008534598117179328,0.9914654018828225,0.9999954889485928,4.5110504590818215e-06
278,139.4648829431438,0.95,45.5,0.6767676767676768,0.2828282828282829,0.008534599796076995,0.9914654002039248,0.9999956846138873,4.315385460609089e-06
279,139.9665551839465,0.95,45.5,0.6767676767676768,0.2828282828282829,0.008534601401617397,0.9914653985983845,0.999995871729692,4.128269929854199e-06
280,140.46822742474916,0.95,45.5,0.6767676767676768,0.2828282828282829,0.008534602937199027,0.9914653970628028,0.9999960506920851,3.9493077779882005e-06
281,140.96989966555185,0.95,45.5,0.6767676767676768,0.2828282828282829,0.008534604406150167,0.9914653955938517,0.9999962218889644,3.7781110963333264e-06
282,141.4715719063545,0.95,45.5,0.6767676767676768,0.2828282828282829,0.008534605811742852,0.991465394188259,0.9999963857016742,3.6142985289200608e-06
283,141.9732441471572,0.95,45.5,0.6767676767676768,0.2828282828282829,0.008534607157206834,0.991465392842795,0.9999965425066322,3.457493645044044e-06
284,142.47491638795987,0.95,45.5,0.6767676767676768,0.2828282828282829,0.008534608444961757,0.9914653915550401,0.9999966925859091,3.307414378167328e-06
285,142.97658862876253,0.95,45.5,0.6767676767676768,0.2828282828282829,0.008534609673140934,0.991465390326861,0.9999968357223723,3.164277958734114e-06
286,143.47826086956522,0.95,45.5,0.6767676767676768,0.2828282828282829,0.008534610847635026,0.9914653891523668,0.9999969726023455,3.02739798817819e-06
287,143.97993311036788,0.95,45.5,0.6767676767676768,0.2828282828282829,0.008534611970918307,0.9914653880290836,0.9999971035142697,2.896486025961229e-06
288,144.48160535117057,0.95,45.5,0.6767676767676768,0.2828282828282829,0.008534613045403771,0.9914653869545981,0.999997228739455,2.7712607637038447e-06
289,144.98327759197323,0.95,45.5,0.6767676767676768,0.2828282828282829,0.008534614073452474,0.9914653859265494,0.9999973485531694,2.6514469359922447e-06
290,145.48494983277592,0.95,45.5,0.6767676767676768,0.2828282828282829,0.008534615057382877,0.991465384942619,0.9999974632257289,2.5367742311847563e-06
291,145.9866220735786,0.95,45.5,0.6767676767676768,0.2828282828282829,0.008534615999480187,0.9914653840005218,0.9999975730235865,2.4269762022184728e-06
292,146.48829431438128,0.95,45.5,0.6767676767676768,0.2828282828282829,0.008534616902005694,0.9914653830979961,0.9999976782104212,2.3217891774157907e-06
293,146.98996655518394,0.95,45.5,0.6767676767676768,0.2828282828282829,0.0085346177643288,0.991465382235673,0.9999977787109605,2.221288413852075e-06
294,147.49163879598663,0.95,45.5,0.6767676767676768,0.2828282828282829,0.008534618587928039,0.9914653814120739,0.9999978746971743,2.125301946237457e-06
295,147.9933110367893,0.95,45.5,0.6767676767676768,0.2828282828282829,0.008534619375869211,0.9914653806241327,0.9999979665270964,2.0334717603130483e-06
296,148.49498327759198,0.95,45.5,0.6767676767676768,0.2828282828282829,0.008534620129786357,0.9914653798702155,0.9999980543909434,1.945607649106167e-06
297,148.99665551839465,0.95,45.5,0.6767676767676768,0.2828282828282829,0.008534620851262177,0.9914653791487397,0.999998138472915,1.8615254236633374e-06
298,149.49832775919734,0.95,45.5,0.6767676767676768,0.2828282828282829,0.00853462154183361,0.9914653784581683,0.9999982189518426,1.7810462652180928e-06
299,150.0,0.95,45.5,0.6767676767676768,0.2828282828282829,0.008534622202997406,0.9914653777970045,0.9999982960018365,1.7039960773588506e-06
