,time,sigma,beta,S,I,C,D
0,0.0,0.696969696969697,0.2828282828282829,0.9998,0.0002,0.5,0.5
1,0.5016722408026756,0.696969696969697,0.2828282828282829,0.9997969191927752,0.00020308080722495115,0.47911506134582416,0.5208849386541761
2,1.0033444816053512,0.696969696969697,0.2828282828282829,0.9997934143594457,0.0002065856405547115,0.45830292468040745,0.5416970753195927
3,1.5050167224080266,0.696969696969697,0.2828282828282829,0.9997894576588204,0.0002105423411798236,0.4376353823644444,0.5623646176355557
4,2.0066889632107023,0.696969696969697,0.2828282828282829,0.9997850207554726,0.00021497924452762814,0.41718219220180275,0.5828178077981973
5,2.508361204013378,0.696969696969697,0.2828282828282829,0.9997800731917506,0.00021992680824972104,0.39701019879965743,0.6029898012003426
6,3.0100334448160533,0.696969696969697,0.2828282828282829,0.9997745822233961,0.000225417776604097,0.3771824869325219,0.6228175130674782
7,3.511705685618729,0.696969696969697,0.2828282828282829,0.9997685126629732,0.00023148733702699223,0.35775768130652696,0.6422423186934731
8,4.013377926421405,0.696969696969697,0.2828282828282829,0.9997618266813232,0.00023817331867698232,0.3387892398852919,0.6612107601147081
9,4.51505016722408,0.696969696969697,0.2828282828282829,0.9997544836335196,0.00024551636648046494,0.32032507808595295,0.6796749219140471
10,5.016722408026756,0.696969696969697,0.2828282828282829,0.9997464398442653,0.0002535601557348446,0.3024071731646047,0.6975928268353953
11,5.518394648829432,0.696969696969697,0.2828282828282829,0.9997376483857425,0.00026235161425760867,0.2850713615580555,0.7149286384419444
12,6.020066889632107,0.696969696969697,0.2828282828282829,0.9997280588392444,0.00027194116075579685,0.26834726758126753,0.7316527324187325
13,6.521739130434782,0.696969696969697,0.2828282828282829,0.9997176170386134,0.0002823829613868313,0.2522583587143124,0.7477416412856877
14,7.023411371237458,0.696969696969697,0.2828282828282829,0.9997062648053924,0.00029373519460778897,0.23682204202453458,0.7631779579754655
15,7.525083612040134,0.696969696969697,0.2828282828282829,0.9996939396378037,0.00030606036219643716,0.2220500378002925,0.7779499621997075
16,8.02675585284281,0.696969696969697,0.2828282828282829,0.9996805744074672,0.0003194255925330466,0.20794865871702448,0.7920513412829755
17,8.528428093645484,0.696969696969697,0.2828282828282829,0.9996660970298149,0.0003339029701853143,0.1945191192476532,0.8054808807523468
18,9.03010033444816,0.696969696969697,0.2828282828282829,0.9996504300891909,0.0003495699108093404,0.18175811295482533,0.8182418870451748
19,9.531772575250836,0.696969696969697,0.2828282828282829,0.9996334904633352,0.00036650953666506156,0.16965820455377317,0.8303417954462269
20,10.033444816053512,0.696969696969697,0.2828282828282829,0.9996151889087942,0.0003848110912059915,0.1582083309642061,0.8417916690357939
21,10.535117056856187,0.696969696969697,0.2828282828282829,0.9995954296179935,0.0004045703820066697,0.14739429693633355,0.8526057030636666
22,11.036789297658864,0.696969696969697,0.2828282828282829,0.9995741097483986,0.00042589025160159644,0.13719924589869373,0.8628007541013063
23,11.538461538461538,0.696969696969697,0.2828282828282829,0.9995511189163507,0.0004488810836494953,0.12760412003360247,0.8723958799663976
24,12.040133779264213,0.696969696969697,0.2828282828282829,0.9995263386560228,0.0004736613439774616,0.11858809533536871,0.8814119046646313
25,12.54180602006689,0.696969696969697,0.2828282828282829,0.9994996418394183,0.0005003581605819103,0.11012898332265833,0.8898710166773416
26,13.043478260869565,0.696969696969697,0.2828282828282829,0.9994708920591536,0.0005291079408465823,0.10220360556750382,0.8977963944324961
27,13.545150501672241,0.696969696969697,0.2828282828282829,0.9994399429612074,0.0005600570387928526,0.09478812002819481,0.9052118799718051
28,14.046822742474916,0.696969696969697,0.2828282828282829,0.9994066375390785,0.0005933624609216183,0.08785832090400927,0.9121416790959906
29,14.548494983277592,0.696969696969697,0.2828282828282829,0.999370807368297,0.000629192631703274,0.08138989695901738,0.9186101030409826
30,15.050167224080267,0.696969696969697,0.2828282828282829,0.999332271798857,0.0006677282011432285,0.07535865783637005,0.9246413421636298
31,15.551839464882944,0.696969696969697,0.2828282828282829,0.9992908370803342,0.0007091629196659459,0.06974072325335315,0.9302592767466469
32,16.05351170568562,0.696969696969697,0.2828282828282829,0.9992462954327643,0.0007537045672358706,0.06451268382527642,0.9354873161747236
33,16.555183946488295,0.696969696969697,0.2828282828282829,0.9991984240517194,0.0008015759482807247,0.059651729512810864,0.9403482704871892
34,17.05685618729097,0.696969696969697,0.2828282828282829,0.9991469840380813,0.0008530159619188371,0.05513575749384995,0.9448642425061501
35,17.558528428093645,0.696969696969697,0.2828282828282829,0.9990917192659053,0.0009082807340947865,0.050943448411188696,0.9490565515888113
36,18.06020066889632,0.696969696969697,0.2828282828282829,0.9990323551557282,0.0009676448442720655,0.047054331638675825,0.9529456683613241
37,18.561872909698998,0.696969696969697,0.2828282828282829,0.9989685973769565,0.0010314026230436376,0.043448824085682174,0.9565511759143178
38,19.06354515050167,0.696969696969697,0.2828282828282829,0.9989001304569196,0.0010998695430806588,0.04010825661211674,0.9598917433878832
39,19.565217391304348,0.696969696969697,0.2828282828282829,0.9988266163061565,0.001173383693843626,0.037014880347445676,0.9629851196525543
40,20.066889632107024,0.696969696969697,0.2828282828282829,0.9987476925986857,0.0012523074013144795,0.03415188471801619,0.9658481152819838
41,20.568561872909697,0.696969696969697,0.2828282828282829,0.9986629710975501,0.0013370289024500618,0.031503382435726514,0.9684966175642735
42,21.070234113712374,0.696969696969697,0.2828282828282829,0.9985720358527166,0.001427964147283601,0.029054382178763972,0.970945617821236
43,21.57190635451505,0.696969696969697,0.2828282828282829,0.9984744412561745,0.0015255587438257217,0.026790783474245128,0.9732092165257549
44,22.073578595317727,0.696969696969697,0.2828282828282829,0.9983697099943571,0.0016302900056430513,0.02469933776626402,0.975300662233736
45,22.5752508361204,0.696969696969697,0.2828282828282829,0.9982573308530316,0.001742669146968594,0.022767624328275674,0.9772323756717243
46,23.076923076923077,0.696969696969697,0.2828282828282829,0.9981367563766257,0.001863243623374446,0.020984016594232716,0.9790159834057672
47,23.578595317725753,0.696969696969697,0.2828282828282829,0.9980074003813617,0.0019925996186384155,0.019337646738371014,0.980662353261629
48,24.080267558528426,0.696969696969697,0.2828282828282829,0.9978686353097194,0.002131364690280746,0.017818371619518988,0.9821816283804811
49,24.581939799331103,0.696969696969697,0.2828282828282829,0.9977197894142092,0.002280210585790948,0.016416731601737265,0.9835832683982628
50,25.08361204013378,0.696969696969697,0.2828282828282829,0.9975601437695283,0.0024398562304719074,0.015123918228753362,0.9848760817712467
51,25.585284280936456,0.696969696969697,0.2828282828282829,0.9973889290883978,0.002611070911602353,0.013931735815792087,0.986068264184208
52,26.08695652173913,0.696969696969697,0.2828282828282829,0.9972053223575862,0.0027946776424139534,0.012832567935469233,0.9871674320645308
53,26.588628762541806,0.696969696969697,0.2828282828282829,0.9970084432610951,0.0029915567389051027,0.01181934004133224,0.9881806599586678
54,27.090301003344482,0.696969696969697,0.2828282828282829,0.996797350397248,0.003202649602751997,0.010885487971159577,0.9891145120288405
55,27.59197324414716,0.696969696969697,0.2828282828282829,0.9965710372752532,0.003428962724746904,0.010024924292019613,0.9899750757079804
56,28.093645484949832,0.696969696969697,0.2828282828282829,0.9963284280831484,0.003671571916851754,0.009232008010889957,0.99076799198911
57,28.59531772575251,0.696969696969697,0.2828282828282829,0.9960683732221578,0.00393162677784224,0.008501515725524322,0.9914984842744756
58,29.096989966555185,0.696969696969697,0.2828282828282829,0.9957896446024864,0.004210355397513577,0.007828611253790077,0.9921713887462099
59,29.598662207357858,0.696969696969697,0.2828282828282829,0.9954909306789821,0.004509069321017925,0.007208821595078774,0.9927911784049211
60,30.100334448160535,0.696969696969697,0.2828282828282829,0.9951708312614922,0.0048291687385078235,0.006638009979262699,0.9933619900207372
61,30.60200668896321,0.696969696969697,0.2828282828282829,0.9948278520394076,0.005172147960592437,0.006112352880995391,0.9938876471190045
62,31.103678929765888,0.696969696969697,0.2828282828282829,0.9944603988662013,0.005539601133798595,0.005628317917102509,0.9943716820828974
63,31.60535117056856,0.696969696969697,0.2828282828282829,0.9940667718115319,0.005933228188468005,0.005182642094159975,0.9948173579058399
64,32.10702341137124,0.696969696969697,0.2828282828282829,0.9936451588902306,0.006354841109769308,0.004772313183168437,0.9952276868168315
65,32.608695652173914,0.696969696969697,0.2828282828282829,0.9931936296610009,0.006806370338999071,0.0043945505668543244,0.9956054494331456
66,33.11036789297659,0.696969696969697,0.2828282828282829,0.9927101284675495,0.0072898715324504005,0.004046788480880475,0.9959532115191194
67,33.61204013377927,0.696969696969697,0.2828282828282829,0.9921924675413387,0.0078075324586611514,0.003726660033900428,0.9962733399660995
68,34.11371237458194,0.696969696969697,0.2828282828282829,0.9916383199272376,0.008361680072762284,0.0034319821613825368,0.9965680178386174
69,34.61538461538461,0.696969696969697,0.2828282828282829,0.9910452120812112,0.008954787918788662,0.0031607419959884834,0.9968392580040114
70,35.11705685618729,0.696969696969697,0.2828282828282829,0.9904105166046082,0.009589483395391639,0.002911083767759967,0.9970889162322399
71,35.618729096989966,0.696969696969697,0.2828282828282829,0.9897314445546782,0.010268555445321648,0.002681296953580707,0.9973187030464192
72,36.12040133779264,0.696969696969697,0.2828282828282829,0.9890050379459137,0.010994962054086198,0.0024698051940078595,0.9975301948059921
73,36.62207357859532,0.696969696969697,0.2828282828282829,0.9882281622421899,0.011771837757809945,0.002275155927037754,0.9977248440729622
74,37.123745819397996,0.696969696969697,0.2828282828282829,0.9873974986982221,0.012602501301777702,0.002096010904357206,0.9979039890956427
75,37.625418060200666,0.696969696969697,0.2828282828282829,0.9865095375019769,0.013490462498023036,0.001931137399476165,0.9980688626005237
76,38.12709030100334,0.696969696969697,0.2828282828282829,0.9855605698718274,0.01443943012817245,0.001779399908840775,0.9982206000911592
77,38.62876254180602,0.696969696969697,0.2828282828282829,0.9845466813800469,0.015453318619953003,0.0016397525854299454,0.99836024741457
78,39.130434782608695,0.696969696969697,0.2828282828282829,0.9834637478399705,0.01653625216002938,0.0015112323874321037,0.9984887676125679
79,39.63210702341137,0.696969696969697,0.2828282828282829,0.9823074268406649,0.01769257315933505,0.0013929526188916413,0.9986070473811083
80,40.13377926421405,0.696969696969697,0.2828282828282829,0.9810731529625709,0.018926847037429008,0.0012840970471694369,0.9987159029528305
81,40.635451505016725,0.696969696969697,0.2828282828282829,0.9797561389931724,0.020243861006827478,0.0011839136520189113,0.998816086347981
82,41.137123745819395,0.696969696969697,0.2828282828282829,0.9783513675235034,0.021648632476496545,0.0010917105666822242,0.9989082894333178
83,41.63879598662207,0.696969696969697,0.2828282828282829,0.9768535894508514,0.023146410549148583,0.0010068514846422918,0.9989931485153577
84,42.14046822742475,0.696969696969697,0.2828282828282829,0.9752573332926461,0.024742666707353877,0.000928749535891608,0.9990712504641084
85,42.642140468227424,0.696969696969697,0.2828282828282829,0.9735568988063269,0.02644310119367305,0.0008568650100365264,0.9991431349899634
86,43.1438127090301,0.696969696969697,0.2828282828282829,0.9717463606035273,0.02825363939647267,0.0007907018257897297,0.9992092981742102
87,43.64548494983278,0.696969696969697,0.2828282828282829,0.9698195882161608,0.030180411783839133,0.0007298024208306881,0.9992701975791692
88,44.147157190635454,0.696969696969697,0.2828282828282829,0.9677702450568989,0.032229754943100986,0.0006737460273795898,0.9993262539726204
89,44.64882943143812,0.696969696969697,0.2828282828282829,0.9655917994773712,0.034408200522628773,0.0006221460466553864,0.9993778539533446
90,45.1505016722408,0.696969696969697,0.2828282828282829,0.963277558723249,0.036722441276750915,0.0005746459205562996,0.9994253540794437
91,45.65217391304348,0.696969696969697,0.2828282828282829,0.9608206773189001,0.039179322681099846,0.0005309177419520435,0.9994690822580479
92,46.15384615384615,0.696969696969697,0.2828282828282829,0.9582141784643697,0.041785821535630235,0.000490660319705313,0.9995093396802947
93,46.65551839464883,0.696969696969697,0.2828282828282829,0.9554510047103001,0.0445489952896998,0.0004535958986472201,0.9995464041013528
94,47.15719063545151,0.696969696969697,0.2828282828282829,0.9525240407616359,0.047475959238364056,0.0004194689849390351,0.999580531015061
95,47.65886287625418,0.696969696969697,0.2828282828282829,0.9494261485373211,0.05057385146267883,0.00038804492801046284,0.9996119550719894
96,48.16053511705685,0.696969696969697,0.2828282828282829,0.9461502356784305,0.053849764321569446,0.00035910740913102626,0.9996408925908689
97,48.66220735785953,0.696969696969697,0.2828282828282829,0.9426892981570808,0.05731070184291917,0.00033245741885599034,0.9996675425811439
98,49.163879598662206,0.696969696969697,0.2828282828282829,0.9390364725236561,0.060963527476344,0.00030791222083999454,0.9996920877791599
99,49.66555183946488,0.696969696969697,0.2828282828282829,0.9351851201576707,0.06481487984232925,0.0002853033720995323,0.9997146966279004
100,50.16722408026756,0.696969696969697,0.2828282828282829,0.9311288937859209,0.06887110621407914,0.00026447586594068956,0.9997355241340592
101,50.668896321070235,0.696969696969697,0.2828282828282829,0.9268618101943394,0.07313818980566068,0.0002452873940024405,0.9997547126059975
102,51.17056856187291,0.696969696969697,0.2828282828282829,0.9223783432765581,0.07762165672344194,0.00022760681036356893,0.9997723931896363
103,51.67224080267559,0.696969696969697,0.2828282828282829,0.9176735145033775,0.08232648549662255,0.00021131339728479485,0.999788686602715
104,52.17391304347826,0.696969696969697,0.2828282828282829,0.9127429883431775,0.08725701165682263,0.00019629633594005252,0.9998037036640598
105,52.675585284280935,0.696969696969697,0.2828282828282829,0.9075831613333856,0.09241683866661454,0.00018245352809075148,0.9998175464719091
106,53.17725752508361,0.696969696969697,0.2828282828282829,0.9021912688026053,0.09780873119739486,0.00016969097162266653,0.9998303090283772
107,53.67892976588629,0.696969696969697,0.2828282828282829,0.8965655029481182,0.10343449705188193,0.00015792238498124587,0.9998420776150185
108,54.180602006688964,0.696969696969697,0.2828282828282829,0.8907050898091952,0.10929491019080499,0.00014706835090042843,0.9998529316490994
109,54.68227424749164,0.696969696969697,0.2828282828282829,0.8846103781579929,0.11538962184200714,0.00013705566323848258,0.9998629443367614
110,55.18394648829432,0.696969696969697,0.2828282828282829,0.8782829526251317,0.12171704737486846,0.0001278169855932499,0.9998721830144066
111,55.68561872909699,0.696969696969697,0.2828282828282829,0.8717257088637281,0.12827429113627203,0.00011929047788517196,0.9998807095221147
112,56.187290969899664,0.696969696969697,0.2828282828282829,0.8649429468520431,0.13505705314795702,0.00011141931052367508,0.9998885806894762
113,56.68896321070234,0.696969696969697,0.2828282828282829,0.8579403934903834,0.14205960650961666,0.00010415111073587288,0.999895848889264
114,57.19063545150502,0.696969696969697,0.2828282828282829,0.8507252804243357,0.1492747195756644,9.743768933878814e-05,0.9999025623106612
115,57.69230769230769,0.696969696969697,0.2828282828282829,0.843306359645481,0.1566936403545191,9.1234730454293e-05,0.9999087652695456
116,58.19397993311037,0.696969696969697,0.2828282828282829,0.8356939109438635,0.16430608905613664,8.55014814105261e-05,0.9999144985185895
117,58.69565217391305,0.696969696969697,0.2828282828282829,0.8278997473303469,0.17210025266965312,8.020046459928875e-05,0.9999197995354007
118,59.197324414715716,0.696969696969697,0.2828282828282829,0.8199371489633778,0.1800628510366223,7.529718704947118e-05,0.9999247028129504
119,59.69899665551839,0.696969696969697,0.2828282828282829,0.8118208399487736,0.18817916005122645,7.075994907397423e-05,0.9999292400509259
120,60.20066889632107,0.696969696969697,0.2828282828282829,0.8035668763320402,0.1964331236679599,6.655957146511611e-05,0.9999334404285348
121,60.702341137123746,0.696969696969697,0.2828282828282829,0.7951925562355301,0.20480744376446997,6.266922136109073e-05,0.9999373307786388
122,61.20401337792642,0.696969696969697,0.2828282828282829,0.7867162875609324,0.21328371243906774,5.9064221007223165e-05,0.9999409357789926
123,61.7056856187291,0.696969696969697,0.2828282828282829,0.7781574325741234,0.22184256742587666,5.572187769610258e-05,0.9999442781223037
124,62.207357859531776,0.696969696969697,0.2828282828282829,0.7695361441371922,0.23046385586280796,5.2621329237162716e-05,0.9999473786707626
125,62.709030100334445,0.696969696969697,0.2828282828282829,0.7608731869325565,0.2391268130674436,4.97433764597508e-05,0.99995025662354
126,63.21070234113712,0.696969696969697,0.2828282828282829,0.7521897101995594,0.24781028980044056,4.707038618001571e-05,0.9999529296138197
127,63.7123745819398,0.696969696969697,0.2828282828282829,0.7435070774168903,0.2564929225831097,4.458613825578896e-05,0.9999554138617439
128,64.21404682274247,0.696969696969697,0.2828282828282829,0.7348466533481726,0.26515334665182755,4.227570747041553e-05,0.9999577242925293
129,64.71571906354515,0.696969696969697,0.2828282828282829,0.7262295817033378,0.27377041829666215,4.0125377856504996e-05,0.9999598746221431
130,65.21739130434783,0.696969696969697,0.2828282828282829,0.7176765721546912,0.2823234278453088,3.8122551160746077e-05,0.9999618774488389
131,65.7190635451505,0.696969696969697,0.2828282828282829,0.7092077173055022,0.2907922826944978,3.625564499822179e-05,0.9999637443550015
132,66.22073578595318,0.696969696969697,0.2828282828282829,0.7008423145009486,0.2991576854990514,3.451400772513833e-05,0.9999654859922744
133,66.72240802675586,0.696969696969697,0.2828282828282829,0.6925986838708762,0.30740131612912386,3.288785248901324e-05,0.9999671121475106
134,67.22408026755853,0.696969696969697,0.2828282828282829,0.6844940308772957,0.31550596912270434,3.1368186362104326e-05,0.9999686318136374
135,67.72575250836121,0.696969696969697,0.2828282828282829,0.6765443072932664,0.32345569270673363,2.9946746210309778e-05,0.9999700532537892
136,68.22742474916387,0.696969696969697,0.2828282828282829,0.6687641216575153,0.3312358783424847,2.861593826892573e-05,0.9999713840617305
137,68.72909698996655,0.696969696969697,0.2828282828282829,0.6611666425294572,0.3388333574705429,2.736878695652416e-05,0.9999726312130429
138,69.23076923076923,0.696969696969697,0.2828282828282829,0.6537635564629649,0.3462364435370351,2.6198881962044933e-05,0.9999738011180374
139,69.7324414715719,0.696969696969697,0.2828282828282829,0.646565022849464,0.35343497715053607,2.510033544969485e-05,0.9999748996645497
140,70.23411371237458,0.696969696969697,0.2828282828282829,0.639579672021627,0.36042032797837303,2.406773744388632e-05,0.9999759322625555
141,70.73578595317726,0.696969696969697,0.2828282828282829,0.6328146112167639,0.36718538878323614,2.3096118945290053e-05,0.999976903881054
142,71.23745819397993,0.696969696969697,0.2828282828282829,0.6262754538899438,0.37372454611005634,2.2180913706698482e-05,0.9999778190862926
143,71.73913043478261,0.696969696969697,0.2828282828282829,0.6199663807778011,0.38003361922219886,2.1317930279266732e-05,0.99997868206972
144,72.24080267558529,0.696969696969697,0.2828282828282829,0.6138901771073146,0.3861098228926853,2.050331508943232e-05,0.9999794966849097
145,72.74247491638796,0.696969696969697,0.2828282828282829,0.6080483292514639,0.39195167074853615,1.9733528154552535e-05,0.9999802664718446
146,73.24414715719064,0.696969696969697,0.2828282828282829,0.6024411110795281,0.397558888920472,1.90053183729724e-05,0.9999809946816263
147,73.74581939799332,0.696969696969697,0.2828282828282829,0.5970676413211782,0.40293235867882193,1.8315695916203363e-05,0.999981684304083
148,74.24749163879599,0.696969696969697,0.2828282828282829,0.591926036971125,0.40807396302887516,1.7661915735885845e-05,0.9999823380842633
149,74.74916387959867,0.696969696969697,0.2828282828282829,0.5870134670841017,0.4129865329158984,1.7041453588746283e-05,0.9999829585464104
150,75.25083612040133,0.696969696969697,0.2828282828282829,0.5823262605544399,0.41767373944556035,1.645198807090166e-05,0.9999835480119282
151,75.75250836120401,0.696969696969697,0.2828282828282829,0.5778600203377063,0.42213997966229394,1.589138505307277e-05,0.999984108614946
152,76.25418060200668,0.696969696969697,0.2828282828282829,0.5736097257424815,0.4263902742575187,1.535768248743402e-05,0.9999846423175117
153,76.75585284280936,0.696969696969697,0.2828282828282829,0.5695698151284272,0.4304301848715729,1.4849075077667729e-05,0.9999851509249215
154,77.25752508361204,0.696969696969697,0.2828282828282829,0.5657342721822985,0.4342657278177017,1.436390093438566e-05,0.9999856360990647
155,77.75919732441471,0.696969696969697,0.2828282828282829,0.562096721019156,0.43790327898084436,1.3900630359323769e-05,0.9999860993696397
156,78.26086956521739,0.696969696969697,0.2828282828282829,0.558650500573506,0.4413494994264944,1.3457854509859646e-05,0.9999865421454892
157,78.76254180602007,0.696969696969697,0.2828282828282829,0.5553887405055621,0.4446112594944383,1.3034275504758134e-05,0.9999869657244942
158,79.26421404682274,0.696969696969697,0.2828282828282829,0.5523044234642014,0.44769557653579894,1.2628696723998172e-05,0.9999873713032749
159,79.76588628762542,0.696969696969697,0.2828282828282829,0.5493904497318327,0.4506095502681677,1.224001486273247e-05,0.9999877599851361
160,80.2675585284281,0.696969696969697,0.2828282828282829,0.5466396869974507,0.4533603130025497,1.1867211525388408e-05,0.9999881327884733
161,80.76923076923077,0.696969696969697,0.2828282828282829,0.5440450206315067,0.45595497936849355,1.150934669556073e-05,0.9999884906533031
162,81.27090301003345,0.696969696969697,0.2828282828282829,0.5415993947653237,0.45840060523467663,1.1165551671685162e-05,0.9999888344483269
163,81.77257525083613,0.696969696969697,0.2828282828282829,0.5392958487716042,0.46070415122839614,1.0835023346488734e-05,0.999989164976652
164,82.27424749163879,0.696969696969697,0.2828282828282829,0.5371275502877259,0.4628724497122745,1.051701796460621e-05,0.9999894829820338
165,82.77591973244147,0.696969696969697,0.2828282828282829,0.5350878141965101,0.4649121858034902,1.0210847938742208e-05,0.9999897891520596
166,83.27759197324414,0.696969696969697,0.2828282828282829,0.5331701214762123,0.46682987852378804,9.915877613341736e-06,0.9999900841223849
167,83.77926421404682,0.696969696969697,0.2828282828282829,0.5313681478273148,0.46863185217268566,9.631516779647425e-06,0.9999903684832184
168,84.2809364548495,0.696969696969697,0.2828282828282829,0.5296757831978376,0.47032421680216274,9.357215455420043e-06,0.9999906427845426
169,84.78260869565217,0.696969696969697,0.2828282828282829,0.5280871226922685,0.4719128773077319,9.092463669666086e-06,0.9999909075363282
170,85.28428093645485,0.696969696969697,0.2828282828282829,0.5265964849333973,0.4734035150666032,8.836787208501267e-06,0.9999911632127894
171,85.78595317725753,0.696969696969697,0.2828282828282829,0.5251984173360087,0.47480158266399186,8.589745008088328e-06,0.9999914102549896
172,86.2876254180602,0.696969696969697,0.2828282828282829,0.523887685275493,0.47611231472450766,8.350927021639488e-06,0.9999916490729759
173,86.78929765886288,0.696969696969697,0.2828282828282829,0.5226592875842906,0.47734071241571,8.119950372897158e-06,0.9999918800496245
174,87.29096989966555,0.696969696969697,0.2828282828282829,0.5215084598058559,0.4784915401941447,7.896456496296895e-06,0.999992103543501
175,87.79264214046823,0.696969696969697,0.2828282828282829,0.5204306519771963,0.4795693480228042,7.680111106297712e-06,0.9999923198888909
176,88.29431438127091,0.696969696969697,0.2828282828282829,0.51942153870235,0.4805784612976506,7.470601259003161e-06,0.999992529398738
177,88.79598662207358,0.696969696969697,0.2828282828282829,0.5184770164293909,0.4815229835706096,7.267633582460831e-06,0.9999927323664144
178,89.29765886287625,0.696969696969697,0.2828282828282829,0.5175931850258082,0.48240681497419236,7.070933416047543e-06,0.9999929290665805
179,89.79933110367892,0.696969696969697,0.2828282828282829,0.5167663515225581,0.4832336484774424,6.880242681741655e-06,0.9999931197573146
180,90.3010033444816,0.696969696969697,0.2828282828282829,0.5159930246084635,0.48400697539153703,6.695318456265156e-06,0.9999933046815399
181,90.80267558528428,0.696969696969697,0.2828282828282829,0.5152698975099692,0.48473010249003123,6.515932565294718e-06,0.9999934840674307
182,91.30434782608695,0.696969696969697,0.2828282828282829,0.5145938493140536,0.4854061506859468,6.341869860990392e-06,0.9999936581301347
183,91.80602006688963,0.696969696969697,0.2828282828282829,0.5139619386768793,0.4860380613231211,6.172927153103077e-06,0.9999938270728425
184,92.3076923076923,0.696969696969697,0.2828282828282829,0.5133713883686375,0.486628611631363,6.008912859937609e-06,0.9999939910871353
185,92.80936454849498,0.696969696969697,0.2828282828282829,0.5128195833639072,0.48718041663609335,5.849645706067909e-06,0.9999941503542888
186,93.31103678929766,0.696969696969697,0.2828282828282829,0.5123040636676092,0.48769593633239133,5.694953921853193e-06,0.9999943050460728
187,93.81270903010034,0.696969696969697,0.2828282828282829,0.5118225124250508,0.4881774875749497,5.544674957648018e-06,0.9999944553250367
188,94.31438127090301,0.696969696969697,0.2828282828282829,0.5113727524570459,0.4886272475429546,5.398654474924371e-06,0.9999946013455191
189,94.81605351170569,0.696969696969697,0.2828282828282829,0.5109527394127535,0.48904726058724707,5.256745737368908e-06,0.9999947432542563
190,95.31772575250837,0.696969696969697,0.2828282828282829,0.5105605517221873,0.48943944827781327,5.118809391333539e-06,0.999994881190602
191,95.81939799331104,0.696969696969697,0.2828282828282829,0.5101943864263835,0.489805613573617,4.9847126916639505e-06,0.9999950152873013
192,96.3210702341137,0.696969696969697,0.2828282828282829,0.5098525528543925,0.49014744714560804,4.854329042321133e-06,0.9999951456709502
193,96.82274247491638,0.696969696969697,0.2828282828282829,0.5095334646780005,0.4904665353219999,4.727537812842228e-06,0.9999952724621792
194,97.32441471571906,0.696969696969697,0.2828282828282829,0.5092356352125034,0.4907643647874971,4.604223739274346e-06,0.9999953957762523
195,97.82608695652173,0.696969696969697,0.2828282828282829,0.5089576717256041,0.49104232827439626,4.484276573107084e-06,0.9999955157234179
196,98.32775919732441,0.696969696969697,0.2828282828282829,0.508698269218474,0.4913017307815264,4.367590934498213e-06,0.9999956324090561
197,98.82943143812709,0.696969696969697,0.2828282828282829,0.5084562059956038,0.4915437940043966,4.254065813952405e-06,0.9999957459341761
198,99.33110367892976,0.696969696969697,0.2828282828282829,0.5082303386016086,0.49176966139839184,4.143604349383192e-06,0.99999585639564
199,99.83277591973244,0.696969696969697,0.2828282828282829,0.508019596633567,0.4919804033664335,4.036113748467456e-06,0.9999959638862403
200,100.33444816053512,0.696969696969697,0.2828282828282829,0.5078229785067087,0.49217702149329184,3.931505000518577e-06,0.9999960684949877
201,100.8361204013378,0.696969696969697,0.2828282828282829,0.5076395478229988,0.49236045217700175,3.8296922881287625e-06,0.9999961703076994
202,101.33779264214047,0.696969696969697,0.2828282828282829,0.5074684289158026,0.49253157108419793,3.730593176035236e-06,0.9999962694068107
203,101.83946488294315,0.696969696969697,0.2828282828282829,0.5073088032194022,0.49269119678059825,3.6341284263475605e-06,0.9999963658715597
204,102.34113712374582,0.696969696969697,0.2828282828282829,0.5071599055272803,0.49284009447272026,3.54022170845172e-06,0.9999964597782767
205,102.8428093645485,0.696969696969697,0.2828282828282829,0.5070210203013019,0.4929789796986987,3.4487993272903283e-06,0.999996551200657
206,103.34448160535118,0.696969696969697,0.2828282828282829,0.5068914792933503,0.4931085207066503,3.3597903306094333e-06,0.9999966402096527
207,103.84615384615384,0.696969696969697,0.2828282828282829,0.506770658416916,0.49322934158308457,3.273126311925988e-06,0.9999967268736704
208,104.34782608695652,0.696969696969697,0.2828282828282829,0.5066579742237108,0.49334202577628966,3.1887411220696036e-06,0.9999968112588592
209,104.84949832775919,0.696969696969697,0.2828282828282829,0.5065528817894269,0.49344711821057363,3.1065708598590548e-06,0.9999968934291203
210,105.35117056856187,0.696969696969697,0.2828282828282829,0.506454872596976,0.49354512740302464,3.026553830116306e-06,0.9999969734461489
211,105.85284280936455,0.696969696969697,0.2828282828282829,0.5063634719515784,0.4936365280484222,2.948630392856292e-06,0.9999970513695848
212,106.35451505016722,0.696969696969697,0.2828282828282829,0.5062782359343573,0.4937217640656433,2.8727427576193277e-06,0.9999971272572188
213,106.8561872909699,0.696969696969697,0.2828282828282829,0.5061987505647237,0.4938012494352768,2.798835043754633e-06,0.9999972011649313
214,107.35785953177258,0.696969696969697,0.2828282828282829,0.5061246297684944,0.49387537023150613,2.7268531776863584e-06,0.9999972731467959
215,107.85953177257525,0.696969696969697,0.2828282828282829,0.5060555128711471,0.49394448712885336,2.6567447554277298e-06,0.9999973432552166
216,108.36120401337793,0.696969696969697,0.2828282828282829,0.5059910628680167,0.4940089371319839,2.588458966808828e-06,0.9999974115410035
217,108.8628762541806,0.696969696969697,0.2828282828282829,0.5059309657277754,0.4940690342722251,2.5219466003703995e-06,0.9999974780533682
218,109.36454849498328,0.696969696969697,0.2828282828282829,0.505874928624972,0.49412507137502865,2.457159955476552e-06,0.9999975428400112
219,109.86622073578596,0.696969696969697,0.2828282828282829,0.505822677741934,0.49417732225806654,2.3940527198140908e-06,0.9999976059472448
220,110.36789297658864,0.696969696969697,0.2828282828282829,0.505773957775469,0.4942260422245316,2.332579973205654e-06,0.9999976674199894
221,110.8695652173913,0.696969696969697,0.2828282828282829,0.5057285308359333,0.4942714691640674,2.272698141142749e-06,0.9999977273018192
222,111.37123745819397,0.696969696969697,0.2828282828282829,0.505686174991488,0.4943138250085125,2.2143649239385572e-06,0.999997785635034
223,111.87290969899665,0.696969696969697,0.2828282828282829,0.5056466826957533,0.4943533173042473,2.1575392194491267e-06,0.9999978424607361
224,112.37458193979933,0.696969696969697,0.2828282828282829,0.5056098607088622,0.49439013929113845,2.102181130922008e-06,0.999997897818822
225,112.876254180602,0.696969696969697,0.2828282828282829,0.5055755289691449,0.4944244710308557,2.0482519123320945e-06,0.9999979517480378
226,113.37792642140468,0.696969696969697,0.2828282828282829,0.5055435191973723,0.49445648080262833,1.9957139015017393e-06,0.9999980042860457
227,113.87959866220736,0.696969696969697,0.2828282828282829,0.5055136744126958,0.4944863255873048,1.9445304981437488e-06,0.9999980554694459
228,114.38127090301003,0.696969696969697,0.2828282828282829,0.5054858484334194,0.4945141515665812,1.8946661402242831e-06,0.9999981053338005
229,114.88294314381271,0.696969696969697,0.2828282828282829,0.5054599049862551,0.49454009501374563,1.8460862603558283e-06,0.9999981539136769
230,115.38461538461539,0.696969696969697,0.2828282828282829,0.5054357166181991,0.49456428338180164,1.7987572329383284e-06,0.9999982012427006
231,115.88628762541806,0.696969696969697,0.2828282828282829,0.5054131646779504,0.49458683532205033,1.752646370164722e-06,0.9999982473535594
232,116.38795986622074,0.696969696969697,0.2828282828282829,0.5053921386616261,0.4946078613383747,1.707721888018677e-06,0.9999982922780374
233,116.88963210702342,0.696969696969697,0.2828282828282829,0.5053725353602614,0.4946274646397394,1.6639528651841863e-06,0.9999983360470558
234,117.3913043478261,0.696969696969697,0.2828282828282829,0.5053542584233747,0.49464574157662616,1.6213092182184212e-06,0.9999983786906981
235,117.89297658862876,0.696969696969697,0.2828282828282829,0.5053372181777964,0.49466278182220436,1.5797616865341327e-06,0.9999984202382247
236,118.39464882943143,0.696969696969697,0.2828282828282829,0.5053213310736622,0.4946786689263386,1.5392818027150037e-06,0.9999984607181033
237,118.89632107023411,0.696969696969697,0.2828282828282829,0.5053065189689316,0.4946934810310691,1.4998418568808243e-06,0.9999985001580436
238,119.39799331103679,0.696969696969697,0.2828282828282829,0.50529270910029,0.49470729089971077,1.46141488666367e-06,0.9999985385850079
239,119.89966555183946,0.696969696969697,0.2828282828282829,0.5052798337215708,0.49472016627842996,1.4239746546342856e-06,0.9999985760252337
240,120.40133779264214,0.696969696969697,0.2828282828282829,0.5052678296155276,0.4947321703844732,1.3874956215506444e-06,0.9999986125042601
241,120.90301003344482,0.696969696969697,0.2828282828282829,0.5052566377122711,0.4947433622877296,1.3519529233604046e-06,0.9999986480469513
242,121.40468227424749,0.696969696969697,0.2828282828282829,0.5052462030598783,0.49475379694012245,1.3173223601576037e-06,0.999998682677507
243,121.90635451505017,0.696969696969697,0.2828282828282829,0.5052364744456113,0.4947635255543895,1.2835803733273248e-06,0.9999987164194859
244,122.40802675585284,0.696969696969697,0.2828282828282829,0.5052274041067827,0.494772595893218,1.2507040266906539e-06,0.9999987492958242
245,122.90969899665552,0.696969696969697,0.2828282828282829,0.5052189473658277,0.494781052634173,1.2186709832519512e-06,0.9999987813288588
246,123.4113712374582,0.696969696969697,0.2828282828282829,0.5052110627420523,0.49478893725794837,1.187459499884898e-06,0.9999988125403327
247,123.91304347826087,0.696969696969697,0.2828282828282829,0.5052037114968947,0.49479628850310614,1.1570484023540332e-06,0.9999988429514204
248,124.41471571906355,0.696969696969697,0.2828282828282829,0.5051968573666884,0.4948031426333124,1.1274170670627653e-06,0.9999988725827451
249,124.91638795986621,0.696969696969697,0.2828282828282829,0.5051904667243874,0.4948095332756134,1.0985454160049837e-06,0.9999989014543851
250,125.41806020066889,0.696969696969697,0.2828282828282829,0.5051845083154061,0.4948154916845947,1.0704138986077762e-06,0.9999989295858907
251,125.91973244147157,0.696969696969697,0.2828282828282829,0.5051789531049532,0.49482104689504763,1.0430034770666037e-06,0.9999989569962997
252,126.42140468227424,0.696969696969697,0.2828282828282829,0.5051737737890089,0.4948262262109919,1.016295605032787e-06,0.9999989837041585
253,126.92307692307692,0.696969696969697,0.2828282828282829,0.5051689448353978,0.494831055164603,9.902722168414155e-07,0.9999990097275326
254,127.4247491638796,0.696969696969697,0.2828282828282829,0.5051644424907659,0.49483555750923486,9.649157160612997e-07,0.9999990350840186
255,127.92642140468227,0.696969696969697,0.2828282828282829,0.5051602445042892,0.4948397554957116,9.402089584124031e-07,0.9999990597907604
256,128.42809364548495,0.696969696969697,0.2828282828282829,0.5051563300632745,0.4948436699367262,9.16135241645963e-07,0.9999990838644605
257,128.9297658862876,0.696969696969697,0.2828282828282829,0.5051526802900209,0.4948473197099798,8.926783227826602e-07,0.9999991073213615
258,129.4314381270903,0.696969696969697,0.2828282828282829,0.5051492773333112,0.49485072266668956,8.698223668474533e-07,0.9999991301772988
259,129.93311036789297,0.696969696969697,0.2828282828282829,0.5051461043607988,0.4948538956392019,8.475519395176444e-07,0.9999991524477062
260,130.43478260869566,0.696969696969697,0.2828282828282829,0.5051431455091113,0.49485685449088934,8.258519977098965e-07,0.9999991741476271
261,130.93645484949832,0.696969696969697,0.2828282828282829,0.5051403861403541,0.49485961385964666,8.047078946169796e-07,0.9999991952917079
262,131.438127090301,0.696969696969697,0.2828282828282829,0.5051378132142774,0.4948621867857234,7.841053902378256e-07,0.9999992158941886
263,131.93979933110367,0.696969696969697,0.2828282828282829,0.5051354141349698,0.494864585865031,7.640305894570009e-07,0.9999992359689645
264,132.44147157190636,0.696969696969697,0.2828282828282829,0.505133177063734,0.4948668229362669,7.444699497587792e-07,0.9999992555295776
265,132.94314381270902,0.696969696969697,0.2828282828282829,0.5051310908468044,0.4948689091531964,7.25410270746105e-07,0.9999992745892285
266,133.44481605351172,0.696969696969697,0.2828282828282829,0.5051291453986875,0.49487085460131336,7.068387132210886e-07,0.9999992931607563
267,133.94648829431438,0.696969696969697,0.2828282828282829,0.5051273313815965,0.49487266861840434,6.887427730133517e-07,0.9999993112566651
268,134.44816053511707,0.696969696969697,0.2828282828282829,0.5051256398690734,0.49487436013092734,6.711102537917617e-07,0.9999993288891509
269,134.94983277591973,0.696969696969697,0.2828282828282829,0.5051240624480666,0.49487593755193415,6.539292680633324e-07,0.9999993460701013
270,135.45150501672242,0.696969696969697,0.2828282828282829,0.5051225906634804,0.49487740933652047,6.371881334007075e-07,0.9999993628111985
271,135.95317725752508,0.696969696969697,0.2828282828282829,0.5051212190602742,0.49487878093972665,6.208758556905649e-07,0.9999993791234365
272,136.45484949832775,0.696969696969697,0.2828282828282829,0.5051199397414002,0.4948800602586006,6.049812311300953e-07,0.999999395018019
273,136.95652173913044,0.696969696969697,0.2828282828282829,0.505118746587403,0.49488125341259787,5.894935858730326e-07,0.9999994105056198
274,137.4581939799331,0.696969696969697,0.2828282828282829,0.5051176337276553,0.4948823662723456,5.744024968294946e-07,0.9999994255966617
275,137.9598662207358,0.696969696969697,0.2828282828282829,0.5051165957145174,0.4948834042854834,5.596978008303843e-07,0.9999994403013077
276,138.46153846153845,0.696969696969697,0.2828282828282829,0.5051156277084125,0.4948843722915884,5.453696043661679e-07,0.9999994546294513
277,138.96321070234114,0.696969696969697,0.2828282828282829,0.5051147249299134,0.49488527507008745,5.314082547553158e-07,0.9999994685907447
278,139.4648829431438,0.696969696969697,0.2828282828282829,0.5051138828881516,0.4948861171118492,5.178043521633036e-07,0.9999994821945879
279,139.9665551839465,0.696969696969697,0.2828282828282829,0.5051130973911344,0.49488690260886636,5.045487501455426e-07,0.999999495450127
280,140.46822742474916,0.696969696969697,0.2828282828282829,0.5051123645446467,0.4948876354553541,4.916325450962019e-07,0.9999995083662655
281,140.96989966555185,0.696969696969697,0.2828282828282829,0.5051116807416387,0.494888319258362,4.790469743252953e-07,0.9999995209517656
282,141.4715719063545,0.696969696969697,0.2828282828282829,0.5051110426762707,0.4948889573237301,4.667835509468838e-07,0.9999995332151141
283,141.9732441471572,0.696969696969697,0.2828282828282829,0.5051104473423346,0.4948895526576662,4.548340487252761e-07,0.999999545164537
284,142.47491638795987,0.696969696969697,0.2828282828282829,0.5051098920311652,0.4948901079688356,4.431904820087371e-07,0.9999995568080198
285,142.97658862876253,0.696969696969697,0.2828282828282829,0.5051093743316255,0.4948906256683753,4.31845105724624e-07,0.999999568153307
286,143.47826086956522,0.696969696969697,0.2828282828282829,0.5051088915969196,0.49489110840308115,4.2079023844094864e-07,0.9999995792080801
287,143.97993311036788,0.696969696969697,0.2828282828282829,0.5051084411148608,0.4948915588851401,4.100183188698553e-07,0.9999995899798998
288,144.48160535117057,0.696969696969697,0.2828282828282829,0.5051080207390884,0.49489197926091233,3.9952211533760416e-07,0.9999996004759976
289,144.98327759197323,0.696969696969697,0.2828282828282829,0.5051076285297597,0.49489237147024107,3.892946065475238e-07,0.9999996107033943
290,145.48494983277592,0.696969696969697,0.2828282828282829,0.5051072627535486,0.4948927372464523,3.793289815800063e-07,0.9999996206689006
291,145.9866220735786,0.696969696969697,0.2828282828282829,0.5051069217488457,0.494893078251155,3.6961858373408274e-07,0.9999996303791727
292,146.48829431438128,0.696969696969697,0.2828282828282829,0.505106603497298,0.49489339650270275,3.6015673202872577e-07,0.9999996398408911
293,146.98996655518394,0.696969696969697,0.2828282828282829,0.5051063064107169,0.49489369358928387,3.509370490325587e-07,0.999999649060433
294,147.49163879598663,0.696969696969697,0.2828282828282829,0.5051060290857374,0.4948939709142633,3.4195335865361617e-07,0.9999996580439738
295,147.9933110367893,0.696969696969697,0.2828282828282829,0.5051057702594149,0.4948942297405857,3.331996676407252e-07,0.9999996667975064
296,148.49498327759198,0.696969696969697,0.2828282828282829,0.5051055257706933,0.49489447422930727,3.246654259576218e-07,0.9999996753315813
297,148.99665551839465,0.696969696969697,0.2828282828282829,0.5051053021243361,0.49489469787566454,3.1635700777556227e-07,0.9999996836398212
298,149.49832775919734,0.696969696969697,0.2828282828282829,0.5051050924755247,0.49489490752447596,3.082599027728547e-07,0.9999996917367376
299,150.0,0.696969696969697,0.2828282828282829,0.5051048962212977,0.49489510377870294,3.003692631493821e-07,0.9999996996271776
