,time,sigma,beta,omega,alpha,S,I,C,D
0,0.0,0.95,0.9285714285714286,0.686868686868687,1.1111111111111112,0.9998,0.0002,0.5,0.5
1,0.5016722408026756,0.95,0.9285714285714286,0.686868686868687,1.1111111111111112,0.9997513008054284,0.0002486991945720104,0.4505598297003318,0.5494401702996685
2,1.0033444816053512,0.95,0.9285714285714286,0.686868686868687,1.1111111111111112,0.9996862153167634,0.00031378468323715983,0.4020809422373368,0.5979190577626636
3,1.5050167224080266,0.95,0.9285714285714286,0.686868686868687,1.1111111111111112,0.9995981906239736,0.00040180937602689315,0.3554487883145585,0.6445512116854419
4,2.0066889632107023,0.95,0.9285714285714286,0.686868686868687,1.1111111111111112,0.9994778156555078,0.0005221843444926008,0.3114145079130818,0.6885854920869188
5,2.508361204013378,0.95,0.9285714285714286,0.686868686868687,1.1111111111111112,0.9993115144263511,0.0006884855736490844,0.2705536331577193,0.729446366842281
6,3.0100334448160533,0.95,0.9285714285714286,0.686868686868687,1.1111111111111112,0.9990796285269787,0.0009203714730214715,0.23324821956071762,0.7667517804392828
7,3.511705685618729,0.95,0.9285714285714286,0.686868686868687,1.1111111111111112,0.9987536074061664,0.0012463925938339178,0.19969123418975862,0.8003087658102418
8,4.013377926421405,0.95,0.9285714285714286,0.686868686868687,1.1111111111111112,0.9982918828322837,0.001708117167716606,0.16990806134729963,0.8300919386527009
9,4.51505016722408,0.95,0.9285714285714286,0.686868686868687,1.1111111111111112,0.997633849031197,0.0023661509688033644,0.14378848888447643,0.856211511115524
10,5.016722408026756,0.95,0.9285714285714286,0.686868686868687,1.1111111111111112,0.9966910886754701,0.003308911324530307,0.12112257951991066,0.8788774204800899
11,5.518394648829432,0.95,0.9285714285714286,0.686868686868687,1.1111111111111112,0.9953346750185248,0.004665324981475405,0.10163531107488963,0.8983646889251109
12,6.020066889632107,0.95,0.9285714285714286,0.686868686868687,1.1111111111111112,0.9933769848447088,0.006623015155291461,0.08501666801400296,0.9149833319859976
13,6.521739130434782,0.95,0.9285714285714286,0.686868686868687,1.1111111111111112,0.9905460119693413,0.009453988030658876,0.07094559572478944,0.929054404275211
14,7.023411371237458,0.95,0.9285714285714286,0.686868686868687,1.1111111111111112,0.9864499606929303,0.013550039307069908,0.05910762901289682,0.9408923709871037
15,7.525083612040134,0.95,0.9285714285714286,0.686868686868687,1.1111111111111112,0.9805302606508075,0.019469739349192678,0.049206762280961096,0.9507932377190393
16,8.02675585284281,0.95,0.9285714285714286,0.686868686868687,1.1111111111111112,0.9720030811725171,0.027996918827483105,0.04097256706987429,0.959027432930126
17,8.528428093645484,0.95,0.9285714285714286,0.686868686868687,1.1111111111111112,0.9597948101748116,0.04020518982518863,0.0341636589866521,0.9658363410133484
18,9.03010033444816,0.95,0.9285714285714286,0.686868686868687,1.1111111111111112,0.9424885244419126,0.05751147555808755,0.02856849915436958,0.9714315008456309
19,9.531772575250836,0.95,0.9285714285714286,0.686868686868687,1.1111111111111112,0.9183194206236651,0.08168057937633502,0.024004357722163902,0.9759956422778366
20,10.033444816053512,0.95,0.9285714285714286,0.686868686868687,1.1111111111111112,0.8852868236603384,0.11471317633966178,0.020315039667607268,0.9796849603323933
21,10.535117056856187,0.95,0.9285714285714286,0.686868686868687,1.1111111111111112,0.841474453813407,0.15852554618659329,0.017367797028075657,0.9826322029719248
22,11.036789297658864,0.95,0.9285714285714286,0.686868686868687,1.1111111111111112,0.7856471300791803,0.21435286992082,0.015049734844713444,0.984950265155287
23,11.538461538461538,0.95,0.9285714285714286,0.686868686868687,1.1111111111111112,0.7180571256797414,0.28194287432025883,0.013264011134674679,0.9867359888653258
24,12.040133779264213,0.95,0.9285714285714286,0.686868686868687,1.1111111111111112,0.6411351777277906,0.3588648222722098,0.011926230288320483,0.9880737697116798
25,12.54180602006689,0.95,0.9285714285714286,0.686868686868687,1.1111111111111112,0.5595356035614383,0.4404643964385621,0.010961544469018982,0.9890384555309814
26,13.043478260869565,0.95,0.9285714285714286,0.686868686868687,1.1111111111111112,0.47919154451730106,0.5208084554826993,0.010302923079346151,0.989697076920654
27,13.545150501672241,0.95,0.9285714285714286,0.686868686868687,1.1111111111111112,0.4056902060921608,0.5943097939078394,0.009890691083422122,0.9901093089165781
28,14.046822742474916,0.95,0.9285714285714286,0.686868686868687,1.1111111111111112,0.34283791023263643,0.6571620897673637,0.009672919655102055,0.9903270803448982
29,14.548494983277592,0.95,0.9285714285714286,0.686868686868687,1.1111111111111112,0.29212219019813074,0.7078778098018694,0.00960595133381246,0.990394048666188
30,15.050167224080267,0.95,0.9285714285714286,0.686868686868687,1.1111111111111112,0.25308320450197014,0.74691679549803,0.009654474168136019,0.9903455258318645
31,15.551839464882944,0.95,0.9285714285714286,0.686868686868687,1.1111111111111112,0.22411030766219686,0.7758896923378034,0.009790958840670733,0.9902090411593298
32,16.05351170568562,0.95,0.9285714285714286,0.686868686868687,1.1111111111111112,0.2031876552138924,0.7968123447861079,0.0099946127304184,0.9900053872695822
33,16.555183946488295,0.95,0.9285714285714286,0.686868686868687,1.1111111111111112,0.1883771880470379,0.8116228119529624,0.01025013120072319,0.9897498687992776
34,17.05685618729097,0.95,0.9285714285714286,0.686868686868687,1.1111111111111112,0.178043673771362,0.8219563262286383,0.010546480630561789,0.9894535193694393
35,17.558528428093645,0.95,0.9285714285714286,0.686868686868687,1.1111111111111112,0.17090931521284256,0.8290906847871579,0.010875844571960792,0.9891241554280403
36,18.06020066889632,0.95,0.9285714285714286,0.686868686868687,1.1111111111111112,0.16602280926032903,0.8339771907396712,0.011232776198530836,0.9887672238014703
37,18.561872909698998,0.95,0.9285714285714286,0.686868686868687,1.1111111111111112,0.16269778029611187,0.8373022197038885,0.011613548374655737,0.9883864516253456
38,19.06354515050167,0.95,0.9285714285714286,0.686868686868687,1.1111111111111112,0.16044921189186873,0.8395507881081317,0.01201567044987397,0.9879843295501275
39,19.565217391304348,0.95,0.9285714285714286,0.686868686868687,1.1111111111111112,0.1589390872344006,0.8410609127655998,0.012437535915795488,0.9875624640842062
40,20.066889632107024,0.95,0.9285714285714286,0.686868686868687,1.1111111111111112,0.1579339996321683,0.8420660003678321,0.012878168894443187,0.9871218311055587
41,20.568561872909697,0.95,0.9285714285714286,0.686868686868687,1.1111111111111112,0.15727377854176441,0.842726221458236,0.013337043380367338,0.9866629566196348
42,21.070234113712374,0.95,0.9285714285714286,0.686868686868687,1.1111111111111112,0.15684897033751954,0.8431510296624809,0.013813954963415347,0.986186045036587
43,21.57190635451505,0.95,0.9285714285714286,0.686868686868687,1.1111111111111112,0.1565849897794862,0.8434150102205142,0.014308930234436733,0.985691069765566
44,22.073578595317727,0.95,0.9285714285714286,0.686868686868687,1.1111111111111112,0.15643111361090126,0.8435688863890992,0.01482216295929901,0.985177837040704
45,22.5752508361204,0.95,0.9285714285714286,0.686868686868687,1.1111111111111112,0.15635289367589142,0.843647106324109,0.015353969176593742,0.9846460308234097
46,23.076923076923077,0.95,0.9285714285714286,0.686868686868687,1.1111111111111112,0.15632696332887006,0.8436730366711305,0.01590475568900462,0.9840952443109992
47,23.578595317725753,0.95,0.9285714285714286,0.686868686868687,1.1111111111111112,0.1563374882959061,0.8436625117040945,0.016474997948545424,0.9835250020514588
48,24.080267558528426,0.95,0.9285714285714286,0.686868686868687,1.1111111111111112,0.15637375557497982,0.8436262444250208,0.017065224593910615,0.9829347754060942
49,24.581939799331103,0.95,0.9285714285714286,0.686868686868687,1.1111111111111112,0.15642852190923004,0.8435714780907706,0.01767600655409268,0.9823239934459128
50,25.08361204013378,0.95,0.9285714285714286,0.686868686868687,1.1111111111111112,0.15649690648506814,0.8435030935149326,0.018307949544227715,0.9816920504557787
51,25.585284280936456,0.95,0.9285714285714286,0.686868686868687,1.1111111111111112,0.15657563178769987,0.8434243682123009,0.01896168874421669,0.9810383112557906
52,26.08695652173913,0.95,0.9285714285714286,0.686868686868687,1.1111111111111112,0.1566625077627912,0.8433374922372097,0.019637885086764215,0.980362114913244
53,26.588628762541806,0.95,0.9285714285714286,0.686868686868687,1.1111111111111112,0.1567560821786764,0.8432439178213245,0.020337222678867766,0.9796627773211415
54,27.090301003344482,0.95,0.9285714285714286,0.686868686868687,1.1111111111111112,0.15685540911400847,0.8431445908859924,0.021060407024772892,0.9789395929752377
55,27.59197324414716,0.95,0.9285714285714286,0.686868686868687,1.1111111111111112,0.15695988253270654,0.8430401174672943,0.021808163685760013,0.9781918363142519
56,28.093645484949832,0.95,0.9285714285714286,0.686868686868687,1.1111111111111112,0.15706913069908396,0.8429308693009169,0.022581237399724136,0.9774187626002895
57,28.59531772575251,0.95,0.9285714285714286,0.686868686868687,1.1111111111111112,0.15718294185447065,0.8428170581455301,0.02338039139531146,0.976619608604704
58,29.096989966555185,0.95,0.9285714285714286,0.686868686868687,1.1111111111111112,0.15730121103617897,0.8426987889638218,0.02420640685157326,0.9757935931484442
59,29.598662207357858,0.95,0.9285714285714286,0.686868686868687,1.1111111111111112,0.15742391337060735,0.8425760866293934,0.025060082550278927,0.9749399174497408
60,30.100334448160535,0.95,0.9285714285714286,0.686868686868687,1.1111111111111112,0.15755107454694744,0.8424489254530534,0.02594223443224486,0.9740577655677777
61,30.60200668896321,0.95,0.9285714285714286,0.686868686868687,1.1111111111111112,0.15768275362058368,0.8423172463794172,0.0268536946293539,0.9731463053706716
62,31.103678929765888,0.95,0.9285714285714286,0.686868686868687,1.1111111111111112,0.15781904009202596,0.8421809599079749,0.0277953142080892,0.9722046857919397
63,31.60535117056856,0.95,0.9285714285714286,0.686868686868687,1.1111111111111112,0.1579600389744749,0.842039961025526,0.028767958083105043,0.9712320419169278
64,32.10702341137124,0.95,0.9285714285714286,0.686868686868687,1.1111111111111112,0.15810587062537096,0.8418941293746299,0.02977250660082443,0.9702274933992128
65,32.608695652173914,0.95,0.9285714285714286,0.686868686868687,1.1111111111111112,0.15825666466891636,0.8417433353310845,0.0308098567111281,0.969190143288914
66,33.11036789297659,0.95,0.9285714285714286,0.686868686868687,1.1111111111111112,0.158412559537976,0.8415874404620248,0.03188091927529896,0.9681190807247487
67,33.61204013377927,0.95,0.9285714285714286,0.686868686868687,1.1111111111111112,0.15857370106673838,0.8414262989332624,0.03298661859706818,0.9670133814029859
68,34.11371237458194,0.95,0.9285714285714286,0.686868686868687,1.1111111111111112,0.1587402407057539,0.8412597592942468,0.03412789451277831,0.9658721054872829
69,34.61538461538461,0.95,0.9285714285714286,0.686868686868687,1.1111111111111112,0.15891233359259516,0.8410876664074056,0.03530569880151118,0.964694301198558
70,35.11705685618729,0.95,0.9285714285714286,0.686868686868687,1.1111111111111112,0.15909013893467205,0.8409098610653287,0.0365209952482299,0.9634790047518484
71,35.618729096989966,0.95,0.9285714285714286,0.686868686868687,1.1111111111111112,0.15927382005138715,0.8407261799486136,0.03777475916501034,0.9622252408350783
72,36.12040133779264,0.95,0.9285714285714286,0.686868686868687,1.1111111111111112,0.1594635442989501,0.8405364557010506,0.039067977049439755,0.9609320229506605
73,36.62207357859532,0.95,0.9285714285714286,0.686868686868687,1.1111111111111112,0.15965948167422397,0.8403405183257767,0.04040164278229133,0.9595983572178219
74,37.123745819397996,0.95,0.9285714285714286,0.686868686868687,1.1111111111111112,0.15986180565681302,0.8401381943431877,0.04177675946521147,0.9582232405349165
75,37.625418060200666,0.95,0.9285714285714286,0.686868686868687,1.1111111111111112,0.1600706924262655,0.8399293075737352,0.04319433692884347,0.956805663071301
76,38.12709030100334,0.95,0.9285714285714286,0.686868686868687,1.1111111111111112,0.1602863216230828,0.8397136783769179,0.04465539391373584,0.9553446060864271
77,38.62876254180602,0.95,0.9285714285714286,0.686868686868687,1.1111111111111112,0.16050887553128707,0.8394911244687135,0.04616094811747252,0.9538390518827113
78,39.130434782608695,0.95,0.9285714285714286,0.686868686868687,1.1111111111111112,0.1607385401949673,0.8392614598050333,0.047712024791507185,0.9522879752087001
79,39.63210702341137,0.95,0.9285714285714286,0.686868686868687,1.1111111111111112,0.160975503769007,0.8390244962309936,0.04930965139449218,0.9506903486057413
80,40.13377926421405,0.95,0.9285714285714286,0.686868686868687,1.1111111111111112,0.1612199539869056,0.8387800460130951,0.05095484802566139,0.9490451519746016
81,40.635451505016725,0.95,0.9285714285714286,0.686868686868687,1.1111111111111112,0.1614720818597547,0.8385279181402459,0.052648639903026796,0.9473513600972693
82,41.137123745819395,0.95,0.9285714285714286,0.686868686868687,1.1111111111111112,0.1617320797056352,0.8382679202943654,0.05439204247920511,0.945607957521128
83,41.63879598662207,0.95,0.9285714285714286,0.686868686868687,1.1111111111111112,0.16200014155644626,0.8379998584435543,0.0561860673255885,0.9438139326747862
84,42.14046822742475,0.95,0.9285714285714286,0.686868686868687,1.1111111111111112,0.16227646352494007,0.8377235364750605,0.05803172034040818,0.941968279660013
85,42.642140468227424,0.95,0.9285714285714286,0.686868686868687,1.1111111111111112,0.16256124411754416,0.8374387558824564,0.05992998964596604,0.940070010354507
86,43.1438127090301,0.95,0.9285714285714286,0.686868686868687,1.1111111111111112,0.16285468360993094,0.8371453163900696,0.06188185849611319,0.9381181415044179
87,43.64548494983278,0.95,0.9285714285714286,0.686868686868687,1.1111111111111112,0.16315698148552693,0.8368430185144736,0.06388828872111223,0.9361117112794837
88,44.147157190635454,0.95,0.9285714285714286,0.686868686868687,1.1111111111111112,0.16346833733435595,0.8365316626656446,0.06595022467328622,0.9340497753273819
89,44.64882943143812,0.95,0.9285714285714286,0.686868686868687,1.1111111111111112,0.16378895132741328,0.8362110486725873,0.06806859532576591,0.9319314046749827
90,45.1505016722408,0.95,0.9285714285714286,0.686868686868687,1.1111111111111112,0.16411902055173833,0.8358809794482622,0.070244295940994,0.9297557040598442
91,45.65217391304348,0.95,0.9285714285714286,0.686868686868687,1.1111111111111112,0.16445874228745294,0.8355412577125476,0.0724782067517201,0.9275217932492179
92,46.15384615384615,0.95,0.9285714285714286,0.686868686868687,1.1111111111111112,0.16480831350144176,0.8351916864985588,0.07477116526418234,0.9252288347368667
93,46.65551839464883,0.95,0.9285714285714286,0.686868686868687,1.1111111111111112,0.16516793056204487,0.8348320694379556,0.07712398638970491,0.9228760136114673
94,47.15719063545151,0.95,0.9285714285714286,0.686868686868687,1.1111111111111112,0.1655377889792894,0.8344622110207112,0.07953745064040815,0.9204625493609007
95,47.65886287625418,0.95,0.9285714285714286,0.686868686868687,1.1111111111111112,0.1659180812253674,0.8340819187746332,0.082012291299371,0.9179877087020895
96,48.16053511705685,0.95,0.9285714285714286,0.686868686868687,1.1111111111111112,0.166308998131836,0.8336910018681646,0.08454920271028149,0.9154507972913468
97,48.66220735785953,0.95,0.9285714285714286,0.686868686868687,1.1111111111111112,0.16671072768177286,0.8332892723182278,0.08714883425700853,0.9128511657448056
98,49.163879598662206,0.95,0.9285714285714286,0.686868686868687,1.1111111111111112,0.16712345136643145,0.8328765486335692,0.08981178657348808,0.9101882134285314
99,49.66555183946488,0.95,0.9285714285714286,0.686868686868687,1.1111111111111112,0.16754734637368152,0.8324526536263192,0.09253860426759183,0.9074613957346543
100,50.16722408026756,0.95,0.9285714285714286,0.686868686868687,1.1111111111111112,0.16798258468041538,0.8320174153195853,0.09532977484802026,0.9046702251544759
101,50.668896321070235,0.95,0.9285714285714286,0.686868686868687,1.1111111111111112,0.16842933331177476,0.8315706666882259,0.09818573255355122,0.9018142674492206
102,51.17056856187291,0.95,0.9285714285714286,0.686868686868687,1.1111111111111112,0.16888775261013267,0.831112247389868,0.10110684589993209,0.898893154103143
103,51.67224080267559,0.95,0.9285714285714286,0.686868686868687,1.1111111111111112,0.16935799764000795,0.8306420023599927,0.10409341719469513,0.8959065828087133
104,52.17391304347826,0.95,0.9285714285714286,0.686868686868687,1.1111111111111112,0.16984022011965247,0.8301597798803482,0.10714568000686331,0.8928543199969112
105,52.675585284280935,0.95,0.9285714285714286,0.686868686868687,1.1111111111111112,0.17033456532878655,0.8296654346712141,0.11026379489011659,0.8897362051140594
106,53.17725752508361,0.95,0.9285714285714286,0.686868686868687,1.1111111111111112,0.17084116971166163,0.829158830288339,0.11344784678915111,0.8865521532154645
107,53.67892976588629,0.95,0.9285714285714286,0.686868686868687,1.1111111111111112,0.1713601584442001,0.8286398415558005,0.11669784201844248,0.8833021579866542
108,54.180602006688964,0.95,0.9285714285714286,0.686868686868687,1.1111111111111112,0.171891646806578,0.8281083531934227,0.12001370041567955,0.8799862995899428
109,54.68227424749164,0.95,0.9285714285714286,0.686868686868687,1.1111111111111112,0.17243574395869243,0.8275642560413082,0.12339527387181042,0.8766047261343854
110,55.18394648829432,0.95,0.9285714285714286,0.686868686868687,1.1111111111111112,0.17299253551106833,0.8270074644889324,0.12684230450925102,0.8731576954975699
111,55.68561872909699,0.95,0.9285714285714286,0.686868686868687,1.1111111111111112,0.1735620993441529,0.8264379006558477,0.13035445743923685,0.8696455425682642
112,56.187290969899664,0.95,0.9285714285714286,0.686868686868687,1.1111111111111112,0.17414450872162576,0.8258554912783749,0.133931305315903,0.8660686946923373
113,56.68896321070234,0.95,0.9285714285714286,0.686868686868687,1.1111111111111112,0.1747398330263528,0.8252601669736479,0.1375723286740997,0.8624276713349427
114,57.19063545150502,0.95,0.9285714285714286,0.686868686868687,1.1111111111111112,0.17534812174832437,0.8246518782516762,0.14127691171980952,0.858723088290102
115,57.69230769230769,0.95,0.9285714285714286,0.686868686868687,1.1111111111111112,0.1759694059555334,0.8240305940444672,0.14504434209341677,0.8549556579174352
116,58.19397993311037,0.95,0.9285714285714286,0.686868686868687,1.1111111111111112,0.1766037061999435,0.8233962938000571,0.14887381032150224,0.851126189690366
117,58.69565217391305,0.95,0.9285714285714286,0.686868686868687,1.1111111111111112,0.1772510289147668,0.8227489710852337,0.15276440882699754,0.8472355911859668
118,59.197324414715716,0.95,0.9285714285714286,0.686868686868687,1.1111111111111112,0.17791136491944237,0.8220886350805582,0.15671513138865803,0.843284868625487
119,59.69899665551839,0.95,0.9285714285714286,0.686868686868687,1.1111111111111112,0.17858468954301396,0.8214153104569867,0.16072487314200126,0.8392751268734135
120,60.20066889632107,0.95,0.9285714285714286,0.686868686868687,1.1111111111111112,0.17927096291298536,0.8207290370870153,0.16479243078514424,0.8352075692316341
121,60.702341137123746,0.95,0.9285714285714286,0.686868686868687,1.1111111111111112,0.17997012910570892,0.8200298708942917,0.1689165032615272,0.8310834967567127
122,61.20401337792642,0.95,0.9285714285714286,0.686868686868687,1.1111111111111112,0.180682115717151,0.8193178842828497,0.17309569271105107,0.8269043073087531
123,61.7056856187291,0.95,0.9285714285714286,0.686868686868687,1.1111111111111112,0.1814068335999455,0.8185931664000552,0.17732850572519387,0.8226714942962817
124,62.207357859531776,0.95,0.9285714285714286,0.686868686868687,1.1111111111111112,0.18214417675694977,0.8178558232430508,0.18161335515277913,0.8183866448704792
125,62.709030100334445,0.95,0.9285714285714286,0.686868686868687,1.1111111111111112,0.1828940220553703,0.8171059779446304,0.18594856233103554,0.814051437694121
126,63.21070234113712,0.95,0.9285714285714286,0.686868686868687,1.1111111111111112,0.18365622908321802,0.8163437709167826,0.1903323594425193,0.8096676405846551
127,63.7123745819398,0.95,0.9285714285714286,0.686868686868687,1.1111111111111112,0.18443064005908671,0.8155693599409138,0.19476289235110247,0.805237107678213
128,64.21404682274247,0.95,0.9285714285714286,0.686868686868687,1.1111111111111112,0.18521707978649052,0.81478292021351,0.19923822381357564,0.8007617762180078
129,64.71571906354515,0.95,0.9285714285714286,0.686868686868687,1.1111111111111112,0.1860153556595645,0.8139846443404362,0.20375633708981505,0.7962436629441662
130,65.21739130434783,0.95,0.9285714285714286,0.686868686868687,1.1111111111111112,0.18682525778067832,0.8131747422193223,0.20831514028487783,0.7916848597516339
131,65.7190635451505,0.95,0.9285714285714286,0.686868686868687,1.1111111111111112,0.1876465592413879,0.8123534407586126,0.2129124716259585,0.7870875284132188
132,66.22073578595318,0.95,0.9285714285714286,0.686868686868687,1.1111111111111112,0.18847901598020314,0.8115209840197974,0.2175460981443575,0.7824539018976225
133,66.72240802675586,0.95,0.9285714285714286,0.686868686868687,1.1111111111111112,0.1893223670576246,0.8106776329423759,0.2222137243984475,0.7777862756464738
134,67.22408026755853,0.95,0.9285714285714286,0.686868686868687,1.1111111111111112,0.1901763350034261,0.8098236649965744,0.22691300300533987,0.7730869970426621
135,67.72575250836121,0.95,0.9285714285714286,0.686868686868687,1.1111111111111112,0.19104062573974176,0.8089593742602588,0.231641534503376,0.7683584655478465
136,68.22742474916387,0.95,0.9285714285714286,0.686868686868687,1.1111111111111112,0.19191493004673338,0.8080850699532671,0.23639687190061762,0.763603128153965
137,68.72909698996655,0.95,0.9285714285714286,0.686868686868687,1.1111111111111112,0.19279892366369974,0.8072010763363008,0.24117652685697552,0.7588234732011059
138,69.23076923076923,0.95,0.9285714285714286,0.686868686868687,1.1111111111111112,0.19369226743391965,0.8063077325660808,0.24597797667082355,0.7540220233908937
139,69.7324414715719,0.95,0.9285714285714286,0.686868686868687,1.1111111111111112,0.19459460938190826,0.8054053906180921,0.25079867133800765,0.7492013287274802
140,70.23411371237458,0.95,0.9285714285714286,0.686868686868687,1.1111111111111112,0.195505584287246,0.8044944157127544,0.2556360376358014,0.7443639624335892
141,70.73578595317726,0.95,0.9285714285714286,0.686868686868687,1.1111111111111112,0.19642481383762678,0.8035751861623736,0.2604874857144944,0.7395125143589266
142,71.23745819397993,0.95,0.9285714285714286,0.686868686868687,1.1111111111111112,0.197351906396904,0.8026480936030964,0.26535041611417437,0.734649583963401
143,71.73913043478261,0.95,0.9285714285714286,0.686868686868687,1.1111111111111112,0.19828645909855655,0.8017135409014438,0.27022222915474137,0.7297777709271066
144,72.24080267558529,0.95,0.9285714285714286,0.686868686868687,1.1111111111111112,0.1992280570247776,0.8007719429752227,0.2751003092238834,0.7248996908623494
145,72.74247491638796,0.95,0.9285714285714286,0.686868686868687,1.1111111111111112,0.20017627953108746,0.7998237204689128,0.27998207526339874,0.7200179248273245
146,73.24414715719064,0.95,0.9285714285714286,0.686868686868687,1.1111111111111112,0.20113069483137902,0.7988693051686213,0.28486494384837374,0.7151350562469381
147,73.74581939799332,0.95,0.9285714285714286,0.686868686868687,1.1111111111111112,0.2020908667760046,0.7979091332239957,0.28974635487237665,0.7102536452276135
148,74.24749163879599,0.95,0.9285714285714286,0.686868686868687,1.1111111111111112,0.20305635086025922,0.7969436491397411,0.29462377383365795,0.7053762262710915
149,74.74916387959867,0.95,0.9285714285714286,0.686868686868687,1.1111111111111112,0.20402669357624587,0.7959733064237544,0.2994946957262304,0.7005053043833498
150,75.25083612040133,0.95,0.9285714285714286,0.686868686868687,1.1111111111111112,0.20500143896813955,0.7949985610318607,0.3043566527307657,0.6956433473837065
151,75.75250836120401,0.95,0.9285714285714286,0.686868686868687,1.1111111111111112,0.20598012730047102,0.7940198726995292,0.3092072180907329,0.6907927820286814
152,76.25418060200668,0.95,0.9285714285714286,0.686868686868687,1.1111111111111112,0.20696229566979507,0.7930377043302052,0.31404401063275295,0.6859559894916428
153,76.75585284280936,0.95,0.9285714285714286,0.686868686868687,1.1111111111111112,0.20794747862035987,0.7920525213796404,0.31886469945420165,0.6811353006752029
154,77.25752508361204,0.95,0.9285714285714286,0.686868686868687,1.1111111111111112,0.2089352099989775,0.7910647900010228,0.32366700849047025,0.6763329916439582
155,77.75919732441471,0.95,0.9285714285714286,0.686868686868687,1.1111111111111112,0.20992502353891454,0.7900749764610857,0.3284487199255161,0.6715512802139388
156,78.26086956521739,0.95,0.9285714285714286,0.686868686868687,1.1111111111111112,0.2109164537404836,0.7890835462595167,0.33320767772522336,0.6667923224192479
157,78.76254180602007,0.95,0.9285714285714286,0.686868686868687,1.1111111111111112,0.21190903689341475,0.7880909631065857,0.3379417917588791,0.6620582083905852
158,79.26421404682274,0.95,0.9285714285714286,0.686868686868687,1.1111111111111112,0.21290231193005466,0.7870976880699457,0.3426490400462338,0.6573509601081872
159,79.76588628762542,0.95,0.9285714285714286,0.686868686868687,1.1111111111111112,0.21389582120580664,0.7861041787941938,0.34732747125675556,0.6526725289025725
160,80.2675585284281,0.95,0.9285714285714286,0.686868686868687,1.1111111111111112,0.21488911161859808,0.7851108883814022,0.3519752078877179,0.6480247922764545
161,80.76923076923077,0.95,0.9285714285714286,0.686868686868687,1.1111111111111112,0.21588173543154499,0.7841182645684553,0.35659044806828816,0.6434095521006526
162,81.27090301003345,0.95,0.9285714285714286,0.686868686868687,1.1111111111111112,0.21687325019182593,0.7831267498081743,0.3611714656204452,0.6388285345531751
163,81.77257525083613,0.95,0.9285714285714286,0.686868686868687,1.1111111111111112,0.21786321984256088,0.7821367801574394,0.36571661234290115,0.634283387835297
164,82.27424749163879,0.95,0.9285714285714286,0.686868686868687,1.1111111111111112,0.2188512165719681,0.7811487834280322,0.37022431954117435,0.6297756806414875
165,82.77591973244147,0.95,0.9285714285714286,0.686868686868687,1.1111111111111112,0.21983682149686992,0.7801631785031303,0.37469310269279726,0.6253068974942022
166,83.27759197324414,0.95,0.9285714285714286,0.686868686868687,1.1111111111111112,0.2208196243124628,0.7791803756875375,0.37912155758859223,0.6208784426026072
167,83.77926421404682,0.95,0.9285714285714286,0.686868686868687,1.1111111111111112,0.22179922242203753,0.7782007775779627,0.38350835515091564,0.6164916450443347
168,84.2809364548495,0.95,0.9285714285714286,0.686868686868687,1.1111111111111112,0.22277522419423348,0.7772247758057668,0.38785225212101077,0.6121477480781312
169,84.78260869565217,0.95,0.9285714285714286,0.686868686868687,1.1111111111111112,0.22374724783745176,0.7762527521625485,0.3921520839442136,0.6078479162586505
170,85.28428093645485,0.95,0.9285714285714286,0.686868686868687,1.1111111111111112,0.22471492203441557,0.7752850779655847,0.39640676542160036,0.6035932347848071
171,85.78595317725753,0.95,0.9285714285714286,0.686868686868687,1.1111111111111112,0.22567788692037294,0.7743221130796273,0.4006152927378871,0.5993847074718764
172,86.2876254180602,0.95,0.9285714285714286,0.686868686868687,1.1111111111111112,0.2266357943389964,0.7733642056610038,0.40477673823536386,0.5952232619775605
173,86.78929765886288,0.95,0.9285714285714286,0.686868686868687,1.1111111111111112,0.22758830838043423,0.772411691619566,0.4088902522772762,0.5911097479386066
174,87.29096989966555,0.95,0.9285714285714286,0.686868686868687,1.1111111111111112,0.22853510564001092,0.7714648943599893,0.41295506163848605,0.5870449385801465
175,87.79264214046823,0.95,0.9285714285714286,0.686868686868687,1.1111111111111112,0.2294758738244434,0.7705241261755569,0.4169704666610547,0.5830295335601133
176,88.29431438127091,0.95,0.9285714285714286,0.686868686868687,1.1111111111111112,0.23041031419284794,0.7695896858071523,0.42093583951880176,0.5790641607046827
177,88.79598662207358,0.95,0.9285714285714286,0.686868686868687,1.1111111111111112,0.23133814021997776,0.7686618597800224,0.4248506244030437,0.5751493758225342
178,89.29765886287625,0.95,0.9285714285714286,0.686868686868687,1.1111111111111112,0.23225907770270124,0.767740922297299,0.42871433280226434,0.571285667425181
179,89.79933110367892,0.95,0.9285714285714286,0.686868686868687,1.1111111111111112,0.23317286560569883,0.7668271343943014,0.43252654532647644,0.5674734549026081
180,90.3010033444816,0.95,0.9285714285714286,0.686868686868687,1.1111111111111112,0.23407925608324562,0.7659207439167546,0.43628690415952026,0.5637130960709738
181,90.80267558528428,0.95,0.9285714285714286,0.686868686868687,1.1111111111111112,0.2349780142340883,0.765021985765912,0.4399951185273505,0.5600048817043226
182,91.30434782608695,0.95,0.9285714285714286,0.686868686868687,1.1111111111111112,0.23586891797922777,0.7641310820207724,0.44365095465671905,0.5563490455759028
183,91.80602006688963,0.95,0.9285714285714286,0.686868686868687,1.1111111111111112,0.23675175811751756,0.7632482418824826,0.4472542377100655,0.5527457625232756
184,92.3076923076923,0.95,0.9285714285714286,0.686868686868687,1.1111111111111112,0.2376263381507247,0.7623736618492755,0.45080485109903945,0.5491951491347932
185,92.80936454849498,0.95,0.9285714285714286,0.686868686868687,1.1111111111111112,0.2384924738721298,0.7615075261278704,0.4543027265970321,0.5456972736370663
186,93.31103678929766,0.95,0.9285714285714286,0.686868686868687,1.1111111111111112,0.23934999382677574,0.7606500061732243,0.4577478541013388,0.542252146132803
187,93.81270903010034,0.95,0.9285714285714286,0.686868686868687,1.1111111111111112,0.2401987383400611,0.759801261659939,0.4611402642686475,0.5388597359653187
188,94.31438127090301,0.95,0.9285714285714286,0.686868686868687,1.1111111111111112,0.2410385602804308,0.7589614397195693,0.4644800418086419,0.5355199584249337
189,94.81605351170569,0.95,0.9285714285714286,0.686868686868687,1.1111111111111112,0.24186932375960707,0.758130676240393,0.4677673102963523,0.5322326899366228
190,95.31772575250837,0.95,0.9285714285714286,0.686868686868687,1.1111111111111112,0.24269090443769345,0.7573090955623066,0.47100223545397796,0.5289977647781916
191,95.81939799331104,0.95,0.9285714285714286,0.686868686868687,1.1111111111111112,0.24350318988145295,0.7564968101185472,0.4741850279034546,0.5258149723277104
192,96.3210702341137,0.95,0.9285714285714286,0.686868686868687,1.1111111111111112,0.24430607898947038,0.7556939210105298,0.4773159363609385,0.522684063869029
193,96.82274247491638,0.95,0.9285714285714286,0.686868686868687,1.1111111111111112,0.2450994814437413,0.7549005185562588,0.480395241834467,0.5196047583941167
194,97.32441471571906,0.95,0.9285714285714286,0.686868686868687,1.1111111111111112,0.2458833177293177,0.7541166822706824,0.48342325629441,0.5165767439326104
195,97.82608695652173,0.95,0.9285714285714286,0.686868686868687,1.1111111111111112,0.246657518903122,0.7533424810968782,0.48640031936891276,0.5135996808563722
196,98.32775919732441,0.95,0.9285714285714286,0.686868686868687,1.1111111111111112,0.24742202593033946,0.7525779740696606,0.4893267980912584,0.5106732021321261
197,98.82943143812709,0.95,0.9285714285714286,0.686868686868687,1.1111111111111112,0.24817678784008462,0.7518232121599155,0.49220309896502196,0.5077969012563048
198,99.33110367892976,0.95,0.9285714285714286,0.686868686868687,1.1111111111111112,0.24892176320804774,0.7510782367919524,0.4950296477693823,0.5049703524497373
199,99.83277591973244,0.95,0.9285714285714286,0.686868686868687,1.1111111111111112,0.2496569193651104,0.7503430806348897,0.49780689141442513,0.502193108802346
200,100.33444816053512,0.95,0.9285714285714286,0.686868686868687,1.1111111111111112,0.2503822319467005,0.7496177680532995,0.5005352985075794,0.49946470170671015
201,100.8361204013378,0.95,0.9285714285714286,0.686868686868687,1.1111111111111112,0.25109768456403936,0.7489023154359608,0.5032153594928856,0.49678464071879685
202,101.33779264214047,0.95,0.9285714285714286,0.686868686868687,1.1111111111111112,0.251803268369833,0.748196731630167,0.5058475806273408,0.49415241958161776
203,101.83946488294315,0.95,0.9285714285714286,0.686868686868687,1.1111111111111112,0.2524989817276384,0.7475010182723617,0.5084324835094793,0.4915675166966465
204,102.34113712374582,0.95,0.9285714285714286,0.686868686868687,1.1111111111111112,0.25318483249004603,0.746815167509954,0.5109706066170469,0.4890293935861455
205,102.8428093645485,0.95,0.9285714285714286,0.686868686868687,1.1111111111111112,0.25386083754452726,0.7461391624554728,0.5134625032364483,0.48653749696371806
206,103.34448160535118,0.95,0.9285714285714286,0.686868686868687,1.1111111111111112,0.25452702052297094,0.7454729794770292,0.5159087369974886,0.4840912631995671
207,103.84615384615384,0.95,0.9285714285714286,0.686868686868687,1.1111111111111112,0.2551834105860576,0.7448165894139425,0.5183098754771707,0.48169012471669753
208,104.34782608695652,0.95,0.9285714285714286,0.686868686868687,1.1111111111111112,0.2558300468711754,0.7441699531288247,0.5206665203430665,0.47933347984754554
209,104.84949832775919,0.95,0.9285714285714286,0.686868686868687,1.1111111111111112,0.2564669638081226,0.7435330361918775,0.5229792478852712,0.4770207523020231
210,105.35117056856187,0.95,0.9285714285714286,0.686868686868687,1.1111111111111112,0.2570942073419954,0.7429057926580046,0.5252486586388038,0.4747513415451187
211,105.85284280936455,0.95,0.9285714285714286,0.686868686868687,1.1111111111111112,0.2577118270317303,0.7422881729682697,0.5274753558624827,0.4725246443180213
212,106.35451505016722,0.95,0.9285714285714286,0.686868686868687,1.1111111111111112,0.2583198748550486,0.7416801251449514,0.5296599477089842,0.4703400524680615
213,106.8561872909699,0.95,0.9285714285714286,0.686868686868687,1.1111111111111112,0.25891840664271937,0.7410815933572806,0.5318030457527879,0.46819695442076653
214,107.35785953177258,0.95,0.9285714285714286,0.686868686868687,1.1111111111111112,0.2595074886569544,0.7404925113430455,0.5339052655434154,0.46609473462662127
215,107.85953177257525,0.95,0.9285714285714286,0.686868686868687,1.1111111111111112,0.26008719346334125,0.7399128065366588,0.5359672262075759,0.4640327739589231
216,108.36120401337793,0.95,0.9285714285714286,0.686868686868687,1.1111111111111112,0.2606575930390756,0.7393424069609245,0.5379895456689089,0.4620104544940384
217,108.8628762541806,0.95,0.9285714285714286,0.686868686868687,1.1111111111111112,0.2612187618968404,0.7387812381031597,0.5399728425186767,0.4600271576407106
218,109.36454849498328,0.95,0.9285714285714286,0.686868686868687,1.1111111111111112,0.2617707780822135,0.7382292219177866,0.5419177345790969,0.4580822655767279
219,109.86622073578596,0.95,0.9285714285714286,0.686868686868687,1.1111111111111112,0.2623137204664645,0.7376862795335355,0.5438248396379184,0.45617516051434664
220,110.36789297658864,0.95,0.9285714285714286,0.686868686868687,1.1111111111111112,0.2628476792600839,0.7371523207399161,0.5456947706061291,0.45430522954258357
221,110.8695652173913,0.95,0.9285714285714286,0.686868686868687,1.1111111111111112,0.26337273662088917,0.7366272633791108,0.5475281433096234,0.45247185683554964
222,111.37123745819397,0.95,0.9285714285714286,0.686868686868687,1.1111111111111112,0.2638889843393883,0.7361110156606117,0.5493255666561435,0.4506744334855068
223,111.87290969899665,0.95,0.9285714285714286,0.686868686868687,1.1111111111111112,0.2643965137684704,0.7356034862315296,0.551087647572487,0.4489123525656617
224,112.37458193979933,0.95,0.9285714285714286,0.686868686868687,1.1111111111111112,0.2648954176678976,0.7351045823321023,0.5528149913412995,0.44718500879337286
225,112.876254180602,0.95,0.9285714285714286,0.686868686868687,1.1111111111111112,0.2653857923107359,0.734614207689264,0.5545081937811543,0.4454918063500706
226,113.37792642140468,0.95,0.9285714285714286,0.686868686868687,1.1111111111111112,0.26586773299746586,0.734132267002534,0.556167853331454,0.44383214679635596
227,113.87959866220736,0.95,0.9285714285714286,0.686868686868687,1.1111111111111112,0.2663413396531583,0.7336586603468416,0.5577945559851851,0.4422054441392455
228,114.38127090301003,0.95,0.9285714285714286,0.686868686868687,1.1111111111111112,0.26680671186082217,0.7331932881391777,0.5593888886465326,0.4406111114745575
229,114.88294314381271,0.95,0.9285714285714286,0.686868686868687,1.1111111111111112,0.2672639505880411,0.7327360494119588,0.5609514294791861,0.43904857063860475
230,115.38461538461539,0.95,0.9285714285714286,0.686868686868687,1.1111111111111112,0.2677131582074909,0.732286841792509,0.5624827495553483,0.43751725055918717
231,115.88628762541806,0.95,0.9285714285714286,0.686868686868687,1.1111111111111112,0.26815443675745804,0.7318455632425419,0.563983419209082,0.43601658090224427
232,116.38795986622074,0.95,0.9285714285714286,0.686868686868687,1.1111111111111112,0.26858789015992174,0.7314121098400782,0.5654539921625552,0.43454600794561027
233,116.88963210702342,0.95,0.9285714285714286,0.686868686868687,1.1111111111111112,0.2690136215137691,0.7309863784862308,0.5668950293513001,0.43310497075375465
234,117.3913043478261,0.95,0.9285714285714286,0.686868686868687,1.1111111111111112,0.26943173542188165,0.7305682645781183,0.5683070745973504,0.4316929255046455
235,117.89297658862876,0.95,0.9285714285714286,0.686868686868687,1.1111111111111112,0.26984233700527216,0.7301576629947278,0.5696906658900225,0.43030933420896783
236,118.39464882943143,0.95,0.9285714285714286,0.686868686868687,1.1111111111111112,0.270245530914157,0.729754469085843,0.5710463437148726,0.42895365638116684
237,118.89632107023411,0.95,0.9285714285714286,0.686868686868687,1.1111111111111112,0.2706414224244511,0.7293585775755489,0.572374625254552,0.4276253748385922
238,119.39799331103679,0.95,0.9285714285714286,0.686868686868687,1.1111111111111112,0.271030116623839,0.728969883376161,0.5736760347019771,0.4263239653883285
239,119.89966555183946,0.95,0.9285714285714286,0.686868686868687,1.1111111111111112,0.271411718312204,0.7285882816877959,0.5749510821903434,0.4250489178971813
240,120.40133779264214,0.95,0.9285714285714286,0.686868686868687,1.1111111111111112,0.27178633220426407,0.7282136677957359,0.576200271874489,0.4237997282103129
241,120.90301003344482,0.95,0.9285714285714286,0.686868686868687,1.1111111111111112,0.2721540629146753,0.7278459370853247,0.5774241036260247,0.42257589645611293
242,121.40468227424749,0.95,0.9285714285714286,0.686868686868687,1.1111111111111112,0.2725150143781311,0.7274849856218689,0.5786230671840358,0.42137693289549666
243,121.90635451505017,0.95,0.9285714285714286,0.686868686868687,1.1111111111111112,0.27286929030244067,0.7271307096975594,0.5797976422602653,0.4202023578167212
244,122.40802675585284,0.95,0.9285714285714286,0.686868686868687,1.1111111111111112,0.2732169942070117,0.7267830057929884,0.5809482994338595,0.4190517006406402
245,122.90969899665552,0.95,0.9285714285714286,0.686868686868687,1.1111111111111112,0.2735582290740616,0.7264417709259385,0.5820755056699328,0.4179244944021395
246,123.4113712374582,0.95,0.9285714285714286,0.686868686868687,1.1111111111111112,0.27389309739109075,0.7261069026089094,0.5831797228176094,0.41682027725209464
247,123.91304347826087,0.95,0.9285714285714286,0.686868686868687,1.1111111111111112,0.2742217013532216,0.7257782986467786,0.5842614004548777,0.4157385996125171
248,124.41471571906355,0.95,0.9285714285714286,0.686868686868687,1.1111111111111112,0.27454414195355903,0.7254558580464411,0.5853209809453293,0.4146790191198149
249,124.91638795986621,0.95,0.9285714285714286,0.686868686868687,1.1111111111111112,0.27486051746181595,0.7251394825381842,0.5863589024704547,0.41364109759249706
250,125.41806020066889,0.95,0.9285714285714286,0.686868686868687,1.1111111111111112,0.2751709260409819,0.7248290739590182,0.5873755938142855,0.41262440624653174
251,125.91973244147157,0.95,0.9285714285714286,0.686868686868687,1.1111111111111112,0.2754754650574821,0.7245245349425179,0.5883714761568887,0.41162852390185134
252,126.42140468227424,0.95,0.9285714285714286,0.686868686868687,1.1111111111111112,0.2757742322375349,0.7242257677624652,0.5893469641714708,0.41065303588524865
253,126.92307692307692,0.95,0.9285714285714286,0.686868686868687,1.1111111111111112,0.2760673243889135,0.7239326756110865,0.5903024649905244,0.4096975350642305
254,127.4247491638796,0.95,0.9285714285714286,0.686868686868687,1.1111111111111112,0.27635483749626344,0.7236451625037367,0.5912383782965647,0.408761621756281
255,127.92642140468227,0.95,0.9285714285714286,0.686868686868687,1.1111111111111112,0.2766368664123809,0.7233631335876193,0.5921550969952208,0.4078449030557702
256,128.42809364548495,0.95,0.9285714285714286,0.686868686868687,1.1111111111111112,0.2769135050703401,0.72308649492966,0.5930530069617443,0.4069469930874458
257,128.9297658862876,0.95,0.9285714285714286,0.686868686868687,1.1111111111111112,0.2771848467367792,0.722815153263221,0.5939324867383317,0.4060675133091104
258,129.4314381270903,0.95,0.9285714285714286,0.686868686868687,1.1111111111111112,0.27745098322244144,0.7225490167775588,0.5947939078969662,0.40520609214877973
259,129.93311036789297,0.95,0.9285714285714286,0.686868686868687,1.1111111111111112,0.2777120041855407,0.7222879958144595,0.5956376352438272,0.40436236480027377
260,130.43478260869566,0.95,0.9285714285714286,0.686868686868687,1.1111111111111112,0.27796799865824334,0.7220320013417568,0.5964640263713837,0.4035359736711224
261,130.93645484949832,0.95,0.9285714285714286,0.686868686868687,1.1111111111111112,0.2782190545673728,0.7217809454326274,0.5972734320325247,0.40272656800843587
262,131.438127090301,0.95,0.9285714285714286,0.686868686868687,1.1111111111111112,0.27846525912418557,0.7215347408758146,0.5980661972846305,0.40193380275483265
263,131.93979933110367,0.95,0.9285714285714286,0.686868686868687,1.1111111111111112,0.2787066983398425,0.7212933016601577,0.5988426601243318,0.4011573399136811
264,132.44147157190636,0.95,0.9285714285714286,0.686868686868687,1.1111111111111112,0.2789434571118137,0.7210565428881865,0.599603151761028,0.40039684827558075
265,132.94314381270902,0.95,0.9285714285714286,0.686868686868687,1.1111111111111112,0.2791756193194312,0.7208243806805691,0.6003479977705973,0.3996520022646525
266,133.44481605351172,0.95,0.9285714285714286,0.686868686868687,1.1111111111111112,0.27940326778555663,0.7205967322144436,0.6010775173974262,0.39892248263650876
267,133.94648829431438,0.95,0.9285714285714286,0.686868686868687,1.1111111111111112,0.27962648425857484,0.7203735157414255,0.601792023226552,0.39820797680611125
268,134.44816053511707,0.95,0.9285714285714286,0.686868686868687,1.1111111111111112,0.279845349160301,0.7201546508396992,0.6024918218420642,0.3975081781893694
269,134.94983277591973,0.95,0.9285714285714286,0.686868686868687,1.1111111111111112,0.2800599413399213,0.7199400586600789,0.6031772142026406,0.3968227858276043
270,135.45150501672242,0.95,0.9285714285714286,0.686868686868687,1.1111111111111112,0.28027033857707506,0.7197296614229252,0.6038484950802394,0.39615150494885676
271,135.95317725752508,0.95,0.9285714285714286,0.686868686868687,1.1111111111111112,0.280476617861838,0.7195233821381621,0.6045059536566679,0.39549404637131846
272,136.45484949832775,0.95,0.9285714285714286,0.686868686868687,1.1111111111111112,0.28067885501073375,0.7193211449892662,0.6051498731880915,0.3948501268388228
273,136.95652173913044,0.95,0.9285714285714286,0.686868686868687,1.1111111111111112,0.28087712465548,0.71912287534452,0.605780531516391,0.39421946850948836
274,137.4581939799331,0.95,0.9285714285714286,0.686868686868687,1.1111111111111112,0.2810715002921451,0.7189284997078549,0.6063982009114197,0.39360179911346055
275,137.9598662207358,0.95,0.9285714285714286,0.686868686868687,1.1111111111111112,0.2812620542565572,0.7187379457434429,0.6070031481533141,0.392996851870602
276,138.46153846153845,0.95,0.9285714285714286,0.686868686868687,1.1111111111111112,0.28144885767091404,0.718551142329086,0.607595634823274,0.3924043651997119
277,138.96321070234114,0.95,0.9285714285714286,0.686868686868687,1.1111111111111112,0.2816319809512712,0.7183680190487288,0.608175918976007,0.39182408104608135
278,139.4648829431438,0.95,0.9285714285714286,0.686868686868687,1.1111111111111112,0.28181149184133003,0.7181885081586701,0.6087442461302074,0.3912557538910155
279,139.9665551839465,0.95,0.9285714285714286,0.686868686868687,1.1111111111111112,0.28198745935937114,0.7180125406406289,0.6093008677981476,0.39069913222224095
280,140.46822742474916,0.95,0.9285714285714286,0.686868686868687,1.1111111111111112,0.28215994947618417,0.7178400505238158,0.6098460217018254,0.3901539783177589
281,140.96989966555185,0.95,0.9285714285714286,0.686868686868687,1.1111111111111112,0.28232902812534433,0.7176709718746557,0.6103799454263904,0.38962005459241883
282,141.4715719063545,0.95,0.9285714285714286,0.686868686868687,1.1111111111111112,0.2824947600705303,0.7175052399294697,0.6109028714071372,0.38909712861092516
283,141.9732441471572,0.95,0.9285714285714286,0.686868686868687,1.1111111111111112,0.2826572081630506,0.7173427918369494,0.6114150237767791,0.38858497624056376
284,142.47491638795987,0.95,0.9285714285714286,0.686868686868687,1.1111111111111112,0.2828164358315374,0.7171835641684626,0.6119166291500863,0.38808337086656375
285,142.97658862876253,0.95,0.9285714285714286,0.686868686868687,1.1111111111111112,0.28297250349020486,0.7170274965097952,0.6124079008892462,0.3875920991267366
286,143.47826086956522,0.95,0.9285714285714286,0.686868686868687,1.1111111111111112,0.28312547112377434,0.7168745288762257,0.6128890506901641,0.3871109493251765
287,143.97993311036788,0.95,0.9285714285714286,0.686868686868687,1.1111111111111112,0.28327540091261605,0.716724599087384,0.6133602995281642,0.38663970048655805
288,144.48160535117057,0.95,0.9285714285714286,0.686868686868687,1.1111111111111112,0.2834223479656752,0.7165776520343248,0.6138218386826498,0.3861781613314773
289,144.98327759197323,0.95,0.9285714285714286,0.686868686868687,1.1111111111111112,0.28356637117380395,0.7164336288261961,0.6142738754648281,0.38572612454872657
290,145.48494983277592,0.95,0.9285714285714286,0.686868686868687,1.1111111111111112,0.2837075263038206,0.7162924736961793,0.6147166044499135,0.38528339556309044
291,145.9866220735786,0.95,0.9285714285714286,0.686868686868687,1.1111111111111112,0.283845868824539,0.716154131175461,0.6151502188244585,0.3848497811880156
292,146.48829431438128,0.95,0.9285714285714286,0.686868686868687,1.1111111111111112,0.2839814528639671,0.7160185471360329,0.6155749061992036,0.38442509381276113
293,146.98996655518394,0.95,0.9285714285714286,0.686868686868687,1.1111111111111112,0.28411433123860763,0.7158856687613925,0.6159908487272813,0.3840091512841936
294,147.49163879598663,0.95,0.9285714285714286,0.686868686868687,1.1111111111111112,0.2842445571530446,0.7157554428469556,0.6163982299383408,0.3836017700726631
295,147.9933110367893,0.95,0.9285714285714286,0.686868686868687,1.1111111111111112,0.28437218246667956,0.7156278175333205,0.6167972277690067,0.3832027722415445
296,148.49498327759198,0.95,0.9285714285714286,0.686868686868687,1.1111111111111112,0.28449725752423816,0.715502742475762,0.6171880138813362,0.3828119861287799
297,148.99665551839465,0.95,0.9285714285714286,0.686868686868687,1.1111111111111112,0.2846198315579171,0.715380168442083,0.6175707552798738,0.3824292447298242
298,149.49832775919734,0.95,0.9285714285714286,0.686868686868687,1.1111111111111112,0.2847399531178959,0.7152600468821042,0.6179456173755623,0.38205438263373404
299,150.0,0.95,0.9285714285714286,0.686868686868687,1.1111111111111112,0.28485767039779275,0.7151423296022074,0.6183127663019837,0.3816872337069268
