,time,sigma,beta,omega,alpha,S,I,C,D
0,0.0,0.95,45.5,0.12121212121212122,0.6262626262626263,0.9998,0.0002,0.5,0.5
1,0.5016722408026756,0.95,45.5,0.12121212121212122,0.6262626262626263,0.009633838152863837,0.9903661618471369,0.49096993014190227,0.509030069858097
2,1.0033444816053512,0.95,45.5,0.12121212121212122,0.6262626262626263,0.005218212766033322,0.9947817872339675,0.5093679087982306,0.49063209120176865
3,1.5050167224080266,0.95,45.5,0.12121212121212122,0.6262626262626263,0.005314926767155978,0.9946850732328449,0.5277543870601525,0.4722456129398468
4,2.0066889632107023,0.95,45.5,0.12121212121212122,0.6262626262626263,0.0054130198139605455,0.9945869801860403,0.546059884486665,0.45394011551333463
5,2.508361204013378,0.95,45.5,0.12121212121212122,0.6262626262626263,0.005512227729014284,0.9944877722709868,0.5642356512033831,0.4357643487966164
6,3.0100334448160533,0.95,45.5,0.12121212121212122,0.6262626262626263,0.005612283196830201,0.9943877168031711,0.5822344376550598,0.41776556234493967
7,3.511705685618729,0.95,45.5,0.12121212121212122,0.6262626262626263,0.0057129065930050064,0.9942870934069963,0.6000108714125914,0.39998912858740804
8,4.013377926421405,0.95,45.5,0.12121212121212122,0.6262626262626263,0.0058138140135629915,0.9941861859864383,0.617521903953447,0.38247809604655236
9,4.51505016722408,0.95,45.5,0.12121212121212122,0.6262626262626263,0.00591471960421903,0.9940852803957823,0.6347272706426836,0.3652727293573158
10,5.016722408026756,0.95,45.5,0.12121212121212122,0.6262626262626263,0.006015337458938355,0.9939846625410629,0.6515897452439994,0.348410254756
11,5.518394648829432,0.95,45.5,0.12121212121212122,0.6262626262626263,0.006115386080247042,0.9938846139197542,0.6680753979794352,0.33192460202056434
12,6.020066889632107,0.95,45.5,0.12121212121212122,0.6262626262626263,0.006214591306016095,0.9937854086939851,0.6841538487943776,0.3158461512056217
13,6.521739130434782,0.95,45.5,0.12121212121212122,0.6262626262626263,0.006312688778098433,0.9936873112219028,0.6997983737436896,0.30020162625630975
14,7.023411371237458,0.95,45.5,0.12121212121212122,0.6262626262626263,0.006409427780501257,0.9935905722195,0.7149859788969811,0.2850140211030182
15,7.525083612040134,0.95,45.5,0.12121212121212122,0.6262626262626263,0.006504572002432702,0.9934954279975684,0.7296974060401858,0.2703025939598136
16,8.02675585284281,0.95,45.5,0.12121212121212122,0.6262626262626263,0.006597902651533195,0.993402097348468,0.743917093217553,0.25608290678244644
17,8.528428093645484,0.95,45.5,0.12121212121212122,0.6262626262626263,0.006689220322744041,0.9933107796772571,0.7576330829130521,0.24236691708694752
18,9.03010033444816,0.95,45.5,0.12121212121212122,0.6262626262626263,0.006778345296626232,0.993221654703375,0.7708368867925447,0.22916311320745514
19,9.531772575250836,0.95,45.5,0.12121212121212122,0.6262626262626263,0.006865119052545803,0.9931348809474554,0.7835233039712453,0.21647669602875466
20,10.033444816053512,0.95,45.5,0.12121212121212122,0.6262626262626263,0.0069494052531362755,0.9930505947468649,0.7956902015423976,0.20430979845760264
21,10.535117056856187,0.95,45.5,0.12121212121212122,0.6262626262626263,0.00703108779234467,0.9929689122076565,0.8073383111349987,0.19266168886500168
22,11.036789297658864,0.95,45.5,0.12121212121212122,0.6262626262626263,0.007110072562444952,0.9928899274375561,0.8184709778775033,0.18152902212249714
23,11.538461538461538,0.95,45.5,0.12121212121212122,0.6262626262626263,0.007186288273098014,0.9928137117269029,0.8290939152358259,0.17090608476417474
24,12.040133779264213,0.95,45.5,0.12121212121212122,0.6262626262626263,0.00725968044915922,0.9927403195508419,0.8392149229940207,0.16078507700597996
25,12.54180602006689,0.95,45.5,0.12121212121212122,0.6262626262626263,0.007330212604714854,0.9926697873952862,0.84884362995408,0.15115637004592034
26,13.043478260869565,0.95,45.5,0.12121212121212122,0.6262626262626263,0.007397874584017169,0.9926021254159839,0.8579912716798691,0.14200872832013114
27,13.545150501672241,0.95,45.5,0.12121212121212122,0.6262626262626263,0.0074626623645861,0.992537337635415,0.8666704476523288,0.13332955234767108
28,14.046822742474916,0.95,45.5,0.12121212121212122,0.6262626262626263,0.0075245914844062935,0.9924754085155948,0.8748948734915016,0.12510512650849603
29,14.548494983277592,0.95,45.5,0.12121212121212122,0.6262626262626263,0.007583693873327575,0.9924163061266734,0.8826791620737792,0.11732083792621828
30,15.050167224080267,0.95,45.5,0.12121212121212122,0.6262626262626263,0.007640008943150267,0.9923599910568507,0.8900386301861724,0.10996136981382666
31,15.551839464882944,0.95,45.5,0.12121212121212122,0.6262626262626263,0.007693587964493219,0.9923064120355076,0.8969891140228702,0.1030108859771289
32,16.05351170568562,0.95,45.5,0.12121212121212122,0.6262626262626263,0.007744492951225958,0.9922555070487749,0.9035467994710017,0.09645320052899657
33,16.555183946488295,0.95,45.5,0.12121212121212122,0.6262626262626263,0.00779279302716946,0.9922072069728314,0.9097280700286212,0.09027192997137705
34,17.05685618729097,0.95,45.5,0.12121212121212122,0.6262626262626263,0.007838564479733634,0.9921614355202671,0.9155493730340429,0.08445062696595564
35,17.558528428093645,0.95,45.5,0.12121212121212122,0.6262626262626263,0.007881886259713729,0.992118113740287,0.9210271025125192,0.07897289748748004
36,18.06020066889632,0.95,45.5,0.12121212121212122,0.6262626262626263,0.007922844272827948,0.9920771557271729,0.9261774976766683,0.07382250232333074
37,18.561872909698998,0.95,45.5,0.12121212121212122,0.6262626262626263,0.007961524681761133,0.9920384753182397,0.9310165528789479,0.06898344712105212
38,19.06354515050167,0.95,45.5,0.12121212121212122,0.6262626262626263,0.007998025096457306,0.9920019749035436,0.9355599433549475,0.06444005664505063
39,19.565217391304348,0.95,45.5,0.12121212121212122,0.6262626262626263,0.008032422684253759,0.9919675773157471,0.9398229646172415,0.060177035382754984
40,20.066889632107024,0.95,45.5,0.12121212121212122,0.6262626262626263,0.008064816348181743,0.9919351836518191,0.9438204832243496,0.05617951677564732
41,20.568561872909697,0.95,45.5,0.12121212121212122,0.6262626262626263,0.00809529866667158,0.9919047013333293,0.9475668965625941,0.052433103437405905
42,21.070234113712374,0.95,45.5,0.12121212121212122,0.6262626262626263,0.008123961437293077,0.9918760385627077,0.951076101273994,0.048923898726008996
43,21.57190635451505,0.95,45.5,0.12121212121212122,0.6262626262626263,0.008150891159276205,0.9918491088407246,0.9543614725757423,0.045638527424262006
44,22.073578595317727,0.95,45.5,0.12121212121212122,0.6262626262626263,0.008176172176000121,0.9918238278240007,0.9574358452907653,0.04256415470923802
45,22.5752508361204,0.95,45.5,0.12121212121212122,0.6262626262626263,0.008199892712032027,0.9918001072879687,0.9603115096961475,0.03968849030385451
46,23.076923076923077,0.95,45.5,0.12121212121212122,0.6262626262626263,0.00822213616956488,0.9917778638304359,0.9630002070724876,0.03699979292751377
47,23.578595317725753,0.95,45.5,0.12121212121212122,0.6262626262626263,0.008242981493975402,0.9917570185060254,0.965513130842176,0.03448686915782544
48,24.080267558528426,0.95,45.5,0.12121212121212122,0.6262626262626263,0.008262506104939482,0.9917374938950613,0.9678609322466547,0.032139067753347114
49,24.581939799331103,0.95,45.5,0.12121212121212122,0.6262626262626263,0.008280784505922506,0.9917192154940783,0.9700537277855703,0.029946272214431524
50,25.08361204013378,0.95,45.5,0.12121212121212122,0.6262626262626263,0.00829788894531251,0.9917021110546883,0.9721011125760479,0.02789888742395345
51,25.585284280936456,0.95,45.5,0.12121212121212122,0.6262626262626263,0.008313886773703122,0.9916861132262976,0.9740121724224262,0.025987827577574712
52,26.08695652173913,0.95,45.5,0.12121212121212122,0.6262626262626263,0.008328845042106615,0.9916711549578942,0.9757955000637075,0.0242044999362929
53,26.588628762541806,0.95,45.5,0.12121212121212122,0.6262626262626263,0.008342825818394729,0.9916571741816061,0.9774592094129902,0.02254079058701006
54,27.090301003344482,0.95,45.5,0.12121212121212122,0.6262626262626263,0.008355884641313448,0.9916441153586874,0.9790109569404482,0.02098904305955228
55,27.59197324414716,0.95,45.5,0.12121212121212122,0.6262626262626263,0.008368084141009834,0.991631915858991,0.9804579580643127,0.019542041935687822
56,28.093645484949832,0.95,45.5,0.12121212121212122,0.6262626262626263,0.008379476429631993,0.9916205235703689,0.9818070056245193,0.018192994375480966
57,28.59531772575251,0.95,45.5,0.12121212121212122,0.6262626262626263,0.00839010375440518,0.9916098962455956,0.9830644896469996,0.01693551035300038
58,29.096989966555185,0.95,45.5,0.12121212121212122,0.6262626262626263,0.008400021723375077,0.9915999782766257,0.9842364154980257,0.015763584501974126
59,29.598662207357858,0.95,45.5,0.12121212121212122,0.6262626262626263,0.008409274686125892,0.9915907253138749,0.9853284226320317,0.01467157736796815
60,30.100334448160535,0.95,45.5,0.12121212121212122,0.6262626262626263,0.008417905190297432,0.9915820948097034,0.9863458032035328,0.01365419679646748
61,30.60200668896321,0.95,45.5,0.12121212121212122,0.6262626262626263,0.008425956609276322,0.9915740433907244,0.9872935199740525,0.01270648002594809
62,31.103678929765888,0.95,45.5,0.12121212121212122,0.6262626262626263,0.008433461284223313,0.9915665387157774,0.9881762240900384,0.011823775909962244
63,31.60535117056856,0.95,45.5,0.12121212121212122,0.6262626262626263,0.008440451314210742,0.99155954868579,0.9889982726040594,0.011001727395941322
64,32.10702341137124,0.95,45.5,0.12121212121212122,0.6262626262626263,0.008446970646236724,0.991553029353764,0.9897637441051662,0.010236255894834442
65,32.608695652173914,0.95,45.5,0.12121212121212122,0.6262626262626263,0.00845304573377151,0.9915469542662292,0.9904764548036743,0.009523545196326305
66,33.11036789297659,0.95,45.5,0.12121212121212122,0.6262626262626263,0.008458705368139299,0.9915412946318615,0.9911399743553235,0.008860025644676884
67,33.61204013377927,0.95,45.5,0.12121212121212122,0.6262626262626263,0.00846397623072181,0.991536023769279,0.9917576396039725,0.008242360396027557
68,34.11371237458194,0.95,45.5,0.12121212121212122,0.6262626262626263,0.008468884511626012,0.9915311154883747,0.9923325686162162,0.007667431383783586
69,34.61538461538461,0.95,45.5,0.12121212121212122,0.6262626262626263,0.008473454873834293,0.9915265451261664,0.9928676751358226,0.007132324864177119
70,35.11705685618729,0.95,45.5,0.12121212121212122,0.6262626262626263,0.008477712362000159,0.9915222876380007,0.9933656796551804,0.006634320344819433
71,35.618729096989966,0.95,45.5,0.12121212121212122,0.6262626262626263,0.008481676729202142,0.9915183232707986,0.9938291214016454,0.0061708785983548954
72,36.12040133779264,0.95,45.5,0.12121212121212122,0.6262626262626263,0.008485366689514974,0.9915146333104858,0.9942603716740547,0.005739628325946665
73,36.62207357859532,0.95,45.5,0.12121212121212122,0.6262626262626263,0.008488801603301274,0.9915111983966995,0.9946616413090865,0.005338358690915686
74,37.123745819397996,0.95,45.5,0.12121212121212122,0.6262626262626263,0.008491998498186387,0.9915080015018144,0.99503499365402,0.004965006345982961
75,37.625418060200666,0.95,45.5,0.12121212121212122,0.6262626262626263,0.008494974483167059,0.9915050255168338,0.9953823526285985,0.0046176473714048625
76,38.12709030100334,0.95,45.5,0.12121212121212122,0.6262626262626263,0.008497744101688822,0.9915022558983121,0.9957055114460047,0.004294488553999
77,38.62876254180602,0.95,45.5,0.12121212121212122,0.6262626262626263,0.00850032152179662,0.9914996784782043,0.9960061426851872,0.003993857314816801
78,39.130434782608695,0.95,45.5,0.12121212121212122,0.6262626262626263,0.008502720091801311,0.9914972799081996,0.9962858039194115,0.0037141960805927307
79,39.63210702341137,0.95,45.5,0.12121212121212122,0.6262626262626263,0.008504951768885684,0.9914950482311152,0.9965459484324473,0.0034540515675572283
80,40.13377926421405,0.95,45.5,0.12121212121212122,0.6262626262626263,0.00850702785816734,0.9914929721418335,0.9967879284905056,0.003212071509499562
81,40.635451505016725,0.95,45.5,0.12121212121212122,0.6262626262626263,0.008508959072973728,0.9914910409270272,0.9970130058356489,0.00298699416435718
82,41.137123745819395,0.95,45.5,0.12121212121212122,0.6262626262626263,0.008510756203595114,0.9914892437964059,0.997222353748981,0.0027776462510258944
83,41.63879598662207,0.95,45.5,0.12121212121212122,0.6262626262626263,0.008512428245518294,0.9914875717544828,0.9974170665379849,0.0025829334620229238
84,42.14046822742475,0.95,45.5,0.12121212121212122,0.6262626262626263,0.008513982398986413,0.9914860176010146,0.9975981618148707,0.0024018381851378286
85,42.642140468227424,0.95,45.5,0.12121212121212122,0.6262626262626263,0.008515428052193328,0.9914845719478077,0.9977665879312699,0.0022334120687391443
86,43.1438127090301,0.95,45.5,0.12121212121212122,0.6262626262626263,0.008516776039208867,0.9914832239607921,0.9979232272380875,0.0020767727619215833
87,43.64548494983278,0.95,45.5,0.12121212121212122,0.6262626262626263,0.008518030925724382,0.9914819690742765,0.9980689013331286,0.0019310986668798697
88,44.147157190635454,0.95,45.5,0.12121212121212122,0.6262626262626263,0.00851919392684881,0.9914808060731521,0.9982043752047415,0.0017956247952659642
89,44.64882943143812,0.95,45.5,0.12121212121212122,0.6262626262626263,0.00852027365401909,0.9914797263459819,0.9983303603543836,0.0016696396456226292
90,45.1505016722408,0.95,45.5,0.12121212121212122,0.6262626262626263,0.00852127916888414,0.9914787208311169,0.9984475196958976,0.001552480304107499
91,45.65217391304348,0.95,45.5,0.12121212121212122,0.6262626262626263,0.008522215170779123,0.9914777848292219,0.9985564691968624,0.0014435308031417692
92,46.15384615384615,0.95,45.5,0.12121212121212122,0.6262626262626263,0.008523088429682437,0.9914769115703186,0.9986577831992124,0.0013422168007910385
93,46.65551839464883,0.95,45.5,0.12121212121212122,0.6262626262626263,0.008523899828663061,0.9914761001713379,0.998751994738512,0.0012480052614912268
94,47.15719063545151,0.95,45.5,0.12121212121212122,0.6262626262626263,0.008524648900815437,0.9914753510991855,0.9988396012810693,0.0011603987189343487
95,47.65886287625418,0.95,45.5,0.12121212121212122,0.6262626262626263,0.008525346959036237,0.9914746530409647,0.9989210641286306,0.0010789358713736103
96,48.16053511705685,0.95,45.5,0.12121212121212122,0.6262626262626263,0.00852600130286145,0.9914739986971395,0.9989968140811908,0.0010031859188133852
97,48.66220735785953,0.95,45.5,0.12121212121212122,0.6262626262626263,0.008526609837574242,0.9914733901624267,0.9990672502494673,0.0009327497505366129
98,49.163879598662206,0.95,45.5,0.12121212121212122,0.6262626262626263,0.008527175226223977,0.991472824773777,0.9991327454306315,0.000867254569371792
99,49.66555183946488,0.95,45.5,0.12121212121212122,0.6262626262626263,0.008527701061860293,0.9914722989381407,0.9991936449976758,0.0008063550023266377
100,50.16722408026756,0.95,45.5,0.12121212121212122,0.6262626262626263,0.008528187842499507,0.9914718121575015,0.9992502714690092,0.0007497285309926835
101,50.668896321070235,0.95,45.5,0.12121212121212122,0.6262626262626263,0.008528639869160902,0.99147136013084,0.9993029237405637,0.0006970762594378362
102,51.17056856187291,0.95,45.5,0.12121212121212122,0.6262626262626263,0.008529060307558716,0.9914709396924423,0.9993518808766826,0.0006481191233189343
103,51.67224080267559,0.95,45.5,0.12121212121212122,0.6262626262626263,0.008529449772662968,0.991470550227338,0.999397401437627,0.000602598562374768
104,52.17391304347826,0.95,45.5,0.12121212121212122,0.6262626262626263,0.008529811201685139,0.9914701887983158,0.9994397268365871,0.0005602731634151694
105,52.675585284280935,0.95,45.5,0.12121212121212122,0.6262626262626263,0.008530149724186692,0.9914698502758142,0.9994790807344983,0.0005209192655042641
106,53.17725752508361,0.95,45.5,0.12121212121212122,0.6262626262626263,0.008530467996772706,0.9914695320032282,0.9995156718156925,0.00048432818431000776
107,53.67892976588629,0.95,45.5,0.12121212121212122,0.6262626262626263,0.008530762823353804,0.991469237176647,0.9995496934072775,0.0004503065927248447
108,54.180602006688964,0.95,45.5,0.12121212121212122,0.6262626262626263,0.00853103417911202,0.9914689658208888,0.9995813263391791,0.00041867366082320464
109,54.68227424749164,0.95,45.5,0.12121212121212122,0.6262626262626263,0.008531286686683636,0.9914687133133173,0.9996107375234886,0.00038926247651321184
110,55.18394648829432,0.95,45.5,0.12121212121212122,0.6262626262626263,0.008531520713182111,0.9914684792868188,0.9996380836029618,0.00036191639703929033
111,55.68561872909699,0.95,45.5,0.12121212121212122,0.6262626262626263,0.008531738136577873,0.9914682618634231,0.9996635089219835,0.00033649107801781726
112,56.187290969899664,0.95,45.5,0.12121212121212122,0.6262626262626263,0.008531941926815004,0.9914680580731859,0.999687148676997,0.0003128513230062475
113,56.68896321070234,0.95,45.5,0.12121212121212122,0.6262626262626263,0.00853213273524014,0.9914678672647608,0.9997091281589051,0.00029087184110136016
114,57.19063545150502,0.95,45.5,0.12121212121212122,0.6262626262626263,0.00853230959394724,0.9914676904060538,0.9997295638116855,0.00027043618832293384
115,57.69230769230769,0.95,45.5,0.12121212121212122,0.6262626262626263,0.008532473364496357,0.9914675266355046,0.9997485642668454,0.0002514357331636016
116,58.19397993311037,0.95,45.5,0.12121212121212122,0.6262626262626263,0.008532626308630067,0.991467373691371,0.9997662299240606,0.00023377007594993783
117,58.69565217391305,0.95,45.5,0.12121212121212122,0.6262626262626263,0.008532768537991798,0.9914672314620092,0.9997826548284041,0.0002173451716088508
118,59.197324414715716,0.95,45.5,0.12121212121212122,0.6262626262626263,0.008532899391133454,0.9914671006088676,0.9997979257483248,0.00020207425168934255
119,59.69899665551839,0.95,45.5,0.12121212121212122,0.6262626262626263,0.008533018773722407,0.9914669812262785,0.999812124070201,0.00018787592981335305
120,60.20066889632107,0.95,45.5,0.12121212121212122,0.6262626262626263,0.008533130611382878,0.991466869388618,0.9998253244439543,0.00017467555606003377
121,60.702341137123746,0.95,45.5,0.12121212121212122,0.6262626262626263,0.008533235984296771,0.9914667640157042,0.9998375974074312,0.00016240259258231673
122,61.20401337792642,0.95,45.5,0.12121212121212122,0.6262626262626263,0.008533336620336271,0.9914666633796646,0.9998490083811414,0.0001509916188703956
123,61.7056856187291,0.95,45.5,0.12121212121212122,0.6262626262626263,0.008533429166849474,0.9914665708331514,0.9998596171018631,0.00014038289814679255
124,62.207357859531776,0.95,45.5,0.12121212121212122,0.6262626262626263,0.008533514318142142,0.9914664856818588,0.9998694806604266,0.00013051933958150493
125,62.709030100334445,0.95,45.5,0.12121212121212122,0.6262626262626263,0.008533592390352836,0.991466407609648,0.999878651433842,0.00012134856616703517
126,63.21070234113712,0.95,45.5,0.12121212121212122,0.6262626262626263,0.008533665601655338,0.9914663343983454,0.9998871775599446,0.00011282244007425964
127,63.7123745819398,0.95,45.5,0.12121212121212122,0.6262626262626263,0.00853373368670084,0.9914662663132999,0.9998951049732312,0.00010489502681123569
128,64.21404682274247,0.95,45.5,0.12121212121212122,0.6262626262626263,0.00853379690121148,0.9914662030987893,0.9999024754193786,9.75245806936262e-05
129,64.71571906354515,0.95,45.5,0.12121212121212122,0.6262626262626263,0.008533855711787166,0.9914661442882137,0.9999093279366432,9.067206345650162e-05
130,65.21739130434783,0.95,45.5,0.12121212121212122,0.6262626262626263,0.008533910927416627,0.9914660890725842,0.9999156992929188,8.430070719879702e-05
131,65.7190635451505,0.95,45.5,0.12121212121212122,0.6262626262626263,0.008533962115471225,0.9914660378845295,0.9999216227613591,7.837723877594278e-05
132,66.22073578595318,0.95,45.5,0.12121212121212122,0.6262626262626263,0.008534009644200521,0.9914659903558002,0.9999271300770612,7.286992308279008e-05
133,66.72240802675586,0.95,45.5,0.12121212121212122,0.6262626262626263,0.008534053582616483,0.9914659464173842,0.999932250588367,6.774941177583635e-05
134,67.22408026755853,0.95,45.5,0.12121212121212122,0.6262626262626263,0.008534094572521427,0.9914659054274793,0.9999370110915713,6.298890856515631e-05
135,67.72575250836121,0.95,45.5,0.12121212121212122,0.6262626262626263,0.00853413264516353,0.9914658673548371,0.999941437162268,5.856283786003805e-05
136,68.22742474916387,0.95,45.5,0.12121212121212122,0.6262626262626263,0.008534167998503268,0.9914658320014974,0.9999455521299139,5.4447870203701316e-05
137,68.72909698996655,0.95,45.5,0.12121212121212122,0.6262626262626263,0.00853420082016493,0.9914657991798358,0.999949377446612,5.0622553488532985e-05
138,69.23076923076923,0.95,45.5,0.12121212121212122,0.6262626262626263,0.008534231359365884,0.9914657686406347,0.9999529338898968,4.706611018998154e-05
139,69.7324414715719,0.95,45.5,0.12121212121212122,0.6262626262626263,0.00853425987362328,0.9914657401263773,0.9999562407562377,4.3759243845250767e-05
140,70.23411371237458,0.95,45.5,0.12121212121212122,0.6262626262626263,0.008534286241966465,0.9914657137580342,0.9999593145782975,4.068542178216957e-05
141,70.73578595317726,0.95,45.5,0.12121212121212122,0.6262626262626263,0.008534310662808664,0.9914656893371919,0.9999621721988331,3.782780124859888e-05
142,71.23745819397993,0.95,45.5,0.12121212121212122,0.6262626262626263,0.008534333255136878,0.9914656667448637,0.9999648292359182,3.517076417298022e-05
143,71.73913043478261,0.95,45.5,0.12121212121212122,0.6262626262626263,0.00853435422375614,0.9914656457762444,0.9999672998716028,3.270012850494351e-05
144,72.24080267558529,0.95,45.5,0.12121212121212122,0.6262626262626263,0.008534374056233673,0.991465625943767,0.9999695963641991,3.0403635929729286e-05
145,72.74247491638796,0.95,45.5,0.12121212121212122,0.6262626262626263,0.008534392924809307,0.9914656070751913,0.9999717316109894,2.8268389162999038e-05
146,73.24414715719064,0.95,45.5,0.12121212121212122,0.6262626262626263,0.008534411186498246,0.9914655888135023,0.999973717255324,2.628274484976989e-05
147,73.74581939799332,0.95,45.5,0.12121212121212122,0.6262626262626263,0.008534427753724571,0.9914655722462761,0.999975563305866,2.443669432914093e-05
148,74.24749163879599,0.95,45.5,0.12121212121212122,0.6262626262626263,0.00853444212581218,0.9914655578741884,0.9999772795837429,2.272041647077486e-05
149,74.74916387959867,0.95,45.5,0.12121212121212122,0.6262626262626263,0.008534453862025277,0.9914655461379753,0.9999788754677701,2.1124532454620606e-05
150,75.25083612040133,0.95,45.5,0.12121212121212122,0.6262626262626263,0.008534463029102553,0.9914655369708981,0.999980359499944,1.964050028225079e-05
151,75.75250836120401,0.95,45.5,0.12121212121212122,0.6262626262626263,0.008534474965547031,0.9914655250344536,0.9999817390822587,1.8260917967268074e-05
152,76.25418060200668,0.95,45.5,0.12121212121212122,0.6262626262626263,0.008534489705422641,0.9914655102945781,0.9999830218017348,1.6978198487446144e-05
153,76.75585284280936,0.95,45.5,0.12121212121212122,0.6262626262626263,0.008534509999657595,0.9914654900003431,0.9999842145520658,1.5785448152492864e-05
154,77.25752508361204,0.95,45.5,0.12121212121212122,0.6262626262626263,0.00853451453366255,0.9914654854663382,0.999985323764953,1.4676235251693619e-05
155,77.75919732441471,0.95,45.5,0.12121212121212122,0.6262626262626263,0.008534518117284668,0.991465481882716,0.9999863551430671,1.3644857107522175e-05
156,78.26086956521739,0.95,45.5,0.12121212121212122,0.6262626262626263,0.008534528239938154,0.9914654717600625,0.9999873143170087,1.2685683138628185e-05
157,78.76254180602007,0.95,45.5,0.12121212121212122,0.6262626262626263,0.008534535506483828,0.9914654644935169,0.9999882067757478,1.1793224384327806e-05
158,79.26421404682274,0.95,45.5,0.12121212121212122,0.6262626262626263,0.008534542437223937,0.9914654575627768,0.9999890367381599,1.0963261988673338e-05
159,79.76588628762542,0.95,45.5,0.12121212121212122,0.6262626262626263,0.008534549058601279,0.9914654509413995,0.9999898099306626,1.0190069497154668e-05
160,80.2675585284281,0.95,45.5,0.12121212121212122,0.6262626262626263,0.008534555258068259,0.9914654447419324,0.9999905294591891,9.470540958732488e-06
161,80.76923076923077,0.95,45.5,0.12121212121212122,0.6262626262626263,0.00853456103989956,0.9914654389601012,0.9999911988515054,8.801148960636285e-06
162,81.27090301003345,0.95,45.5,0.12121212121212122,0.6262626262626263,0.00853456639696121,0.9914654336030395,0.9999918205050559,8.179496219715741e-06
163,81.77257525083613,0.95,45.5,0.12121212121212122,0.6262626262626263,0.00853457138003027,0.9914654286199704,0.9999923989377083,7.601064402961269e-06
164,82.27424749163879,0.95,45.5,0.12121212121212122,0.6262626262626263,0.008534576003116781,0.991465423996884,0.9999929359660081,7.064036854835324e-06
165,82.77591973244147,0.95,45.5,0.12121212121212122,0.6262626262626263,0.008534580296905452,0.9914654197030953,0.9999934342080629,6.5657956240066315e-06
166,83.27759197324414,0.95,45.5,0.12121212121212122,0.6262626262626263,0.00853458426939065,0.9914654157306101,0.9999938951950788,6.1048092965830825e-06
167,83.77926421404682,0.95,45.5,0.12121212121212122,0.6262626262626263,0.00853458795027637,0.9914654120497244,0.999994322628954,5.6773757843473355e-06
168,84.2809364548495,0.95,45.5,0.12121212121212122,0.6262626262626263,0.008534591369639322,0.9914654086303615,0.9999947202488536,5.279755732312095e-06
169,84.78260869565217,0.95,45.5,0.12121212121212122,0.6262626262626263,0.008534594537916692,0.9914654054620841,0.99999508877695,4.91122796551009e-06
170,85.28428093645485,0.95,45.5,0.12121212121212122,0.6262626262626263,0.008534597474589949,0.9914654025254108,0.9999954303247842,4.5696813932851335e-06
171,85.78595317725753,0.95,45.5,0.12121212121212122,0.6262626262626263,0.008534600210960273,0.9914653997890405,0.9999957488196219,4.251188486127438e-06
172,86.2876254180602,0.95,45.5,0.12121212121212122,0.6262626262626263,0.008534602767387661,0.9914653972326132,0.9999960465767717,3.9534339635832065e-06
173,86.78929765886288,0.95,45.5,0.12121212121212122,0.6262626262626263,0.008534605132068317,0.9914653948679325,0.9999963215095876,3.6785035500320466e-06
174,87.29096989966555,0.95,45.5,0.12121212121212122,0.6262626262626263,0.008534607338539854,0.9914653926614609,0.9999965777368739,3.422278858441499e-06
175,87.79264214046823,0.95,45.5,0.12121212121212122,0.6262626262626263,0.008534609404543736,0.9914653905954571,0.999996817215565,3.182802905043009e-06
176,88.29431438127091,0.95,45.5,0.12121212121212122,0.6262626262626263,0.008534611327383692,0.991465388672617,0.9999970399108378,2.9601100525990927e-06
177,88.79598662207358,0.95,45.5,0.12121212121212122,0.6262626262626263,0.008534613111475443,0.9914653868885253,0.9999972464809672,2.753541708904947e-06
178,89.29765886287625,0.95,45.5,0.12121212121212122,0.6262626262626263,0.008534614776470502,0.9914653852235302,0.9999974390690317,2.560954784620821e-06
179,89.79933110367892,0.95,45.5,0.12121212121212122,0.6262626262626263,0.008534616332136839,0.991465383667864,0.9999976188664284,2.3811577671374726e-06
180,90.3010033444816,0.95,45.5,0.12121212121212122,0.6262626262626263,0.00853461776905073,0.99146538223095,0.9999977853186935,2.2147056318731698e-06
181,90.80267558528428,0.95,45.5,0.12121212121212122,0.6262626262626263,0.008534619104021087,0.9914653808959797,0.9999979402577357,2.059766124583525e-06
182,91.30434782608695,0.95,45.5,0.12121212121212122,0.6262626262626263,0.008534620344812192,0.9914653796551886,0.9999980846926769,1.9153300727245905e-06
183,91.80602006688963,0.95,45.5,0.12121212121212122,0.6262626262626263,0.008534621496118519,0.9914653785038823,0.9999982187937192,1.7812277481631348e-06
184,92.3076923076923,0.95,45.5,0.12121212121212122,0.6262626262626263,0.008534622563805713,0.991465377436195,0.9999983430511247,1.6569691624284878e-06
185,92.80936454849498,0.95,45.5,0.12121212121212122,0.6262626262626263,0.008534623556370543,0.9914653764436302,0.9999984586741891,1.541344844659889e-06
186,93.31103678929766,0.95,45.5,0.12121212121212122,0.6262626262626263,0.008534624480838493,0.9914653755191623,0.999998566470135,1.4335476482704053e-06
187,93.81270903010034,0.95,45.5,0.12121212121212122,0.6262626262626263,0.00853462534053797,0.9914653746594627,0.9999986667014972,1.3333150595451342e-06
188,94.31438127090301,0.95,45.5,0.12121212121212122,0.6262626262626263,0.00853462613750461,0.9914653738624961,0.9999987594403469,1.24057500977678e-06
189,94.81605351170569,0.95,45.5,0.12121212121212122,0.6262626262626263,0.008534626880630908,0.9914653731193698,0.9999988457689721,1.1542453141768598e-06
190,95.31772575250837,0.95,45.5,0.12121212121212122,0.6262626262626263,0.008534627575723099,0.9914653724242776,0.9999989263149645,1.0736984392997026e-06
191,95.81939799331104,0.95,45.5,0.12121212121212122,0.6262626262626263,0.008534628224706999,0.9914653717752936,0.999999001384518,9.986281589039552e-07
192,96.3210702341137,0.95,45.5,0.12121212121212122,0.6262626262626263,0.008534628822802735,0.9914653711771979,0.9999990707284258,9.292834927558408e-07
193,96.82274247491638,0.95,45.5,0.12121212121212122,0.6262626262626263,0.008534629379699267,0.9914653706203014,0.999999135295867,8.647154093361362e-07
194,97.32441471571906,0.95,45.5,0.12121212121212122,0.6262626262626263,0.008534629899262092,0.9914653701007385,0.9999991955536911,8.044570724064086e-07
195,97.82608695652173,0.95,45.5,0.12121212121212122,0.6262626262626263,0.008534630381690111,0.9914653696183104,0.9999992515224158,7.484878885222059e-07
196,98.32775919732441,0.95,45.5,0.12121212121212122,0.6262626262626263,0.008534630830883174,0.9914653691691174,0.9999993036730721,6.963368405955034e-07
197,98.82943143812709,0.95,45.5,0.12121212121212122,0.6262626262626263,0.008534631247724054,0.9914653687522765,0.999999352109425,6.479001046783094e-07
198,99.33110367892976,0.95,45.5,0.12121212121212122,0.6262626262626263,0.008534631635660234,0.9914653683643403,0.9999993972474392,6.02761718868385e-07
199,99.83277591973244,0.95,45.5,0.12121212121212122,0.6262626262626263,0.008534631997788472,0.9914653680022122,0.9999994394560315,5.605527658081851e-07
200,100.33444816053512,0.95,45.5,0.12121212121212122,0.6262626262626263,0.008534632333167246,0.9914653676668334,0.9999994784490919,5.215594473467073e-07
201,100.8361204013378,0.95,45.5,0.12121212121212122,0.6262626262626263,0.008534632646028462,0.9914653673539722,0.999999514804247,4.852040817429259e-07
202,101.33779264214047,0.95,45.5,0.12121212121212122,0.6262626262626263,0.008534632938203062,0.9914653670617976,0.9999995487140458,4.5129411467982574e-07
203,101.83946488294315,0.95,45.5,0.12121212121212122,0.6262626262626263,0.00853463321121225,0.9914653667887884,0.9999995803307477,4.1967727744950893e-07
204,102.34113712374582,0.95,45.5,0.12121212121212122,0.6262626262626263,0.008534633466267495,0.9914653665337332,0.9999996097663212,3.902415869531959e-07
205,102.8428093645485,0.95,45.5,0.12121212121212122,0.6262626262626263,0.008534633704496463,0.9914653662955042,0.999999637187257,3.6282051235938265e-07
206,103.34448160535118,0.95,45.5,0.12121212121212122,0.6262626262626263,0.008534633927707539,0.9914653660722931,0.9999996631353935,3.3687207619791394e-07
207,103.84615384615384,0.95,45.5,0.12121212121212122,0.6262626262626263,0.008534634135699161,0.9914653658643015,0.999999687398797,3.1260823061197175e-07
208,104.34782608695652,0.95,45.5,0.12121212121212122,0.6262626262626263,0.008534634328679519,0.9914653656713212,0.9999997100271741,2.8997921433641323e-07
209,104.84949832775919,0.95,45.5,0.12121212121212122,0.6262626262626263,0.00853463450656961,0.991465365493431,0.9999997310394008,2.6896609049836386e-07
210,105.35117056856187,0.95,45.5,0.12121212121212122,0.6262626262626263,0.008534634669003234,0.9914653653309974,0.9999997504235214,2.495807466172147e-07
211,105.85284280936455,0.95,45.5,0.12121212121212122,0.6262626262626263,0.008534634819540322,0.9914653651804604,0.9999997684217241,2.315811567986458e-07
212,106.35451505016722,0.95,45.5,0.12121212121212122,0.6262626262626263,0.008534634966399779,0.9914653650336008,0.9999997855799069,2.1442185571440738e-07
213,106.8561872909699,0.95,45.5,0.12121212121212122,0.6262626262626263,0.008534635104673123,0.9914653648953275,0.9999998015446725,1.9845594649966606e-07
214,107.35785953177258,0.95,45.5,0.12121212121212122,0.6262626262626263,0.008534635235178103,0.9914653647648225,0.9999998163385194,1.836609673396659e-07
215,107.85953177257525,0.95,45.5,0.12121212121212122,0.6262626262626263,0.00853463535866511,0.9914653646413355,0.9999998299679835,1.7003042445751042e-07
216,108.36120401337793,0.95,45.5,0.12121212121212122,0.6262626262626263,0.008534635475817164,0.9914653645241835,0.9999998424236388,1.5757379211416264e-07
217,108.8628762541806,0.95,45.5,0.12121212121212122,0.6262626262626263,0.008534635583439852,0.9914653644165609,0.9999998539804554,1.4601604156003025e-07
218,109.36454849498328,0.95,45.5,0.12121212121212122,0.6262626262626263,0.00853463567843081,0.99146536432157,0.9999998648848739,1.3511068404541387e-07
219,109.86622073578596,0.95,45.5,0.12121212121212122,0.6262626262626263,0.008534635762760466,0.9914653642372403,0.9999998749621603,1.2503256269939974e-07
220,110.36789297658864,0.95,45.5,0.12121212121212122,0.6262626262626263,0.008534635835434836,0.9914653641645659,0.9999998842500003,1.157440211583262e-07
221,110.8695652173913,0.95,45.5,0.12121212121212122,0.6262626262626263,0.00853463589526185,0.9914653641047388,0.9999998927804226,1.072130619875523e-07
222,111.37123745819397,0.95,45.5,0.12121212121212122,0.6262626262626263,0.00853463594085135,0.9914653640591494,0.9999999005797988,9.941334668145672e-08
223,111.87290969899665,0.95,45.5,0.12121212121212122,0.6262626262626263,0.00853463598137556,0.9914653640186252,0.9999999078734488,9.211950049500944e-08
224,112.37458193979933,0.95,45.5,0.12121212121212122,0.6262626262626263,0.008534636043578134,0.9914653639564226,0.9999999145494533,8.544331417307788e-08
225,112.876254180602,0.95,45.5,0.12121212121212122,0.6262626262626263,0.008534636106626473,0.9914653638933743,0.9999999207225441,7.927020150864372e-08
226,113.37792642140468,0.95,45.5,0.12121212121212122,0.6262626262626263,0.008534636174710153,0.9914653638252906,0.9999999264261188,7.356676216695953e-08
227,113.87959866220736,0.95,45.5,0.12121212121212122,0.6262626262626263,0.008534636252018743,0.991465363747982,0.999999931693575,6.829959581327793e-08
228,114.38127090301003,0.95,45.5,0.12121212121212122,0.6262626262626263,0.008534636342741818,0.9914653636572589,0.9999999365583105,6.343530211285149e-08
229,114.88294314381271,0.95,45.5,0.12121212121212122,0.6262626262626263,0.008534636377125978,0.9914653636228747,0.9999999409877236,5.90005003382458e-08
230,115.38461538461539,0.95,45.5,0.12121212121212122,0.6262626262626263,0.008534636392162391,0.9914653636078383,0.9999999450444897,5.4935165054929754e-08
231,115.88628762541806,0.95,45.5,0.12121212121212122,0.6262626262626263,0.008534636404169071,0.9914653635958316,0.9999999487728319,5.119605125781863e-08
232,116.38795986622074,0.95,45.5,0.12121212121212122,0.6262626262626263,0.008534636414852534,0.9914653635851481,0.9999999522039315,4.775177411356028e-08
233,116.88963210702342,0.95,45.5,0.12121212121212122,0.6262626262626263,0.008534636425919291,0.9914653635740814,0.9999999553689698,4.457094878880256e-08
234,117.3913043478261,0.95,45.5,0.12121212121212122,0.6262626262626263,0.008534636439075859,0.9914653635609249,0.9999999582991282,4.162219045019333e-08
235,117.89297658862876,0.95,45.5,0.12121212121212122,0.6262626262626263,0.008534636456028751,0.991465363543972,0.9999999610255881,3.887411426438053e-08
236,118.39464882943143,0.95,45.5,0.12121212121212122,0.6262626262626263,0.008534636478484483,0.9914653635215162,0.9999999635795306,3.629533539801184e-08
237,118.89632107023411,0.95,45.5,0.12121212121212122,0.6262626262626263,0.00853463650814957,0.9914653634918511,0.9999999659921373,3.385446901773523e-08
238,119.39799331103679,0.95,45.5,0.12121212121212122,0.6262626262626263,0.008534636546730525,0.9914653634532702,0.9999999682945893,3.152013029019853e-08
239,119.89966555183946,0.95,45.5,0.12121212121212122,0.6262626262626263,0.008534636555399787,0.9914653634446009,0.9999999701781352,2.9622177418701593e-08
240,120.40133779264214,0.95,45.5,0.12121212121212122,0.6262626262626263,0.008534636561801404,0.9914653634381994,0.9999999718914775,2.7898068119651905e-08
241,120.90301003344482,0.95,45.5,0.12121212121212122,0.6262626262626263,0.008534636568613507,0.9914653634313872,0.9999999734739459,2.6307758459850172e-08
242,121.40468227424749,0.95,45.5,0.12121212121212122,0.6262626262626263,0.008534636576389278,0.9914653634236115,0.9999999749470493,2.4830142170088938e-08
243,121.90635451505017,0.95,45.5,0.12121212121212122,0.6262626262626263,0.008534636585681904,0.9914653634143188,0.9999999763322971,2.3444112981160738e-08
244,122.40802675585284,0.95,45.5,0.12121212121212122,0.6262626262626263,0.008534636597044572,0.9914653634029561,0.9999999776511982,2.212856462385811e-08
245,122.90969899665552,0.95,45.5,0.12121212121212122,0.6262626262626263,0.008534636611030464,0.9914653633889703,0.9999999789252617,2.0862390828973586e-08
246,123.4113712374582,0.95,45.5,0.12121212121212122,0.6262626262626263,0.008534636628192769,0.9914653633718079,0.999999980175997,1.96244853272997e-08
247,123.91304347826087,0.95,45.5,0.12121212121212122,0.6262626262626263,0.00853463664908467,0.9914653633509161,0.9999999814249129,1.8393741849628997e-08
248,124.41471571906355,0.95,45.5,0.12121212121212122,0.6262626262626263,0.008534636672949795,0.9914653633270509,0.9999999826648753,1.717403073432456e-08
249,124.91638795986621,0.95,45.5,0.12121212121212122,0.6262626262626263,0.008534636681722807,0.991465363318278,0.9999999835101593,1.629934835283748e-08
250,125.41806020066889,0.95,45.5,0.12121212121212122,0.6262626262626263,0.008534636689821662,0.9914653633101791,0.9999999842855314,1.548415197730589e-08
251,125.91973244147157,0.95,45.5,0.12121212121212122,0.6262626262626263,0.008534636697245449,0.9914653633027554,0.9999999850003813,1.4717903298241001e-08
252,126.42140468227424,0.95,45.5,0.12121212121212122,0.6262626262626263,0.008534636703993266,0.9914653632960075,0.9999999856640989,1.399006400615401e-08
253,126.92307692307692,0.95,45.5,0.12121212121212122,0.6262626262626263,0.008534636710064202,0.9914653632899366,0.9999999862860737,1.329009579155611e-08
254,127.4247491638796,0.95,45.5,0.12121212121212122,0.6262626262626263,0.00853463671545735,0.9914653632845434,0.9999999868756954,1.2607460344958488e-08
255,127.92642140468227,0.95,45.5,0.12121212121212122,0.6262626262626263,0.008534636720171804,0.9914653632798289,0.9999999874423539,1.1931619356872338e-08
256,128.42809364548495,0.95,45.5,0.12121212121212122,0.6262626262626263,0.008534636724206656,0.9914653632757942,0.9999999879954388,1.1252034517808854e-08
257,128.9297658862876,0.95,45.5,0.12121212121212122,0.6262626262626263,0.008534636727561,0.9914653632724397,0.9999999885443397,1.0558167518279244e-08
258,129.4314381270903,0.95,45.5,0.12121212121212122,0.6262626262626263,0.008534636736970682,0.9914653632630301,0.9999999899006004,9.268023183001724e-09
259,129.93311036789297,0.95,45.5,0.12121212121212122,0.6262626262626263,0.008534636738894845,0.9914653632611059,0.9999999900834874,8.941982214254321e-09
260,130.43478260869566,0.95,45.5,0.12121212121212122,0.6262626262626263,0.00853463674098988,0.9914653632590109,0.9999999902949226,8.606159107635538e-09
261,130.93645484949832,0.95,45.5,0.12121212121212122,0.6262626262626263,0.008534636743255792,0.991465363256745,0.9999999905349058,8.26055386314541e-09
262,131.438127090301,0.95,45.5,0.12121212121212122,0.6262626262626263,0.008534636745692579,0.9914653632543082,0.9999999908034372,7.905166480783898e-09
263,131.93979933110367,0.95,45.5,0.12121212121212122,0.6262626262626263,0.008534636748300243,0.9914653632517005,0.9999999911005166,7.539996960551046e-09
264,132.44147157190636,0.95,45.5,0.12121212121212122,0.6262626262626263,0.00853463675107878,0.991465363248922,0.9999999914261442,7.165045302446808e-09
265,132.94314381270902,0.95,45.5,0.12121212121212122,0.6262626262626263,0.008534636754028192,0.9914653632459726,0.9999999917803198,6.7803115064712285e-09
266,133.44481605351172,0.95,45.5,0.12121212121212122,0.6262626262626263,0.008534636757148481,0.9914653632428523,0.9999999921630437,6.385795572624264e-09
267,133.94648829431438,0.95,45.5,0.12121212121212122,0.6262626262626263,0.008534636760439645,0.9914653632395611,0.9999999925743156,5.9814975009059585e-09
268,134.44816053511707,0.95,45.5,0.12121212121212122,0.6262626262626263,0.00853463676358123,0.9914653632364197,0.9999999929583337,5.615801462081343e-09
269,134.94983277591973,0.95,45.5,0.12121212121212122,0.6262626262626263,0.008534636766170138,0.9914653632338307,0.9999999932449065,5.349568705077418e-09
270,135.45150501672242,0.95,45.5,0.12121212121212122,0.6262626262626263,0.00853463676881853,0.9914653632311823,0.9999999935406303,5.090372578854906e-09
271,135.95317725752508,0.95,45.5,0.12121212121212122,0.6262626262626263,0.008534636771526403,0.9914653632284744,0.999999993845505,4.838213083413836e-09
272,136.45484949832775,0.95,45.5,0.12121212121212122,0.6262626262626263,0.00853463677429376,0.9914653632257071,0.9999999941595304,4.593090218754194e-09
273,136.95652173913044,0.95,45.5,0.12121212121212122,0.6262626262626263,0.008534636777120597,0.9914653632228803,0.9999999944827069,4.3550039848759666e-09
274,137.4581939799331,0.95,45.5,0.12121212121212122,0.6262626262626263,0.008534636780006917,0.9914653632199939,0.9999999948150343,4.1239543817791796e-09
275,137.9598662207358,0.95,45.5,0.12121212121212122,0.6262626262626263,0.008534636782952718,0.9914653632170481,0.9999999951565126,3.899941409463808e-09
276,138.46153846153845,0.95,45.5,0.12121212121212122,0.6262626262626263,0.008534636785958002,0.9914653632140429,0.9999999955071418,3.682965067929876e-09
277,138.96321070234114,0.95,45.5,0.12121212121212122,0.6262626262626263,0.008534636789022769,0.9914653632109781,0.9999999958669219,3.4730253571773607e-09
278,139.4648829431438,0.95,45.5,0.12121212121212122,0.6262626262626263,0.008534636792147016,0.9914653632078538,0.9999999962358529,3.2701222772062844e-09
279,139.9665551839465,0.95,45.5,0.12121212121212122,0.6262626262626263,0.008534636795330746,0.99146536320467,0.9999999966139348,3.074255828016625e-09
280,140.46822742474916,0.95,45.5,0.12121212121212122,0.6262626262626263,0.008534636798573959,0.9914653632014269,0.9999999970011676,2.8854260096084047e-09
281,140.96989966555185,0.95,45.5,0.12121212121212122,0.6262626262626263,0.008534636801876652,0.9914653631981242,0.9999999973975513,2.703632821981601e-09
282,141.4715719063545,0.95,45.5,0.12121212121212122,0.6262626262626263,0.008534636805238829,0.991465363194762,0.9999999978030859,2.528876265136236e-09
283,141.9732441471572,0.95,45.5,0.12121212121212122,0.6262626262626263,0.008534636808660487,0.9914653631913404,0.9999999982177714,2.361156339072289e-09
284,142.47491638795987,0.95,45.5,0.12121212121212122,0.6262626262626263,0.008534636812141626,0.9914653631878592,0.9999999986416079,2.200473043789779e-09
285,142.97658862876253,0.95,45.5,0.12121212121212122,0.6262626262626263,0.008534636815251713,0.9914653631847492,0.9999999990190523,2.046553559508916e-09
286,143.47826086956522,0.95,45.5,0.12121212121212122,0.6262626262626263,0.00853463681698117,0.9914653631830197,0.9999999992198599,1.8987581417325895e-09
287,143.97993311036788,0.95,45.5,0.12121212121212122,0.6262626262626263,0.008534636818568716,0.9914653631814322,0.9999999994038369,1.7578717370240012e-09
288,144.48160535117057,0.95,45.5,0.12121212121212122,0.6262626262626263,0.00853463682001435,0.9914653631799866,0.9999999995709833,1.6238943453831363e-09
289,144.98327759197323,0.95,45.5,0.12121212121212122,0.6262626262626263,0.008534636821318074,0.9914653631786828,0.999999999721299,1.4968259668100093e-09
290,145.48494983277592,0.95,45.5,0.12121212121212122,0.6262626262626263,0.008534636822479888,0.991465363177521,0.9999999998547843,1.3766666013046058e-09
291,145.9866220735786,0.95,45.5,0.12121212121212122,0.6262626262626263,0.008534636823499791,0.991465363176501,0.9999999999714388,1.2634162488669394e-09
292,146.48829431438128,0.95,45.5,0.12121212121212122,0.6262626262626263,0.008534636824377783,0.9914653631756231,1.0000000000712628,1.1570749094969974e-09
293,146.98996655518394,0.95,45.5,0.12121212121212122,0.6262626262626263,0.008534636825113864,0.991465363174887,1.0000000001542562,1.057642583194792e-09
294,147.49163879598663,0.95,45.5,0.12121212121212122,0.6262626262626263,0.008534636825708035,0.9914653631742928,1.000000000220419,9.651192699603116e-10
295,147.9933110367893,0.95,45.5,0.12121212121212122,0.6262626262626263,0.008534636826160293,0.9914653631738406,1.000000000269751,8.79504969793567e-10
296,148.49498327759198,0.95,45.5,0.12121212121212122,0.6262626262626263,0.008534636826470642,0.9914653631735302,1.0000000003022527,8.007996826945482e-10
297,148.99665551839465,0.95,45.5,0.12121212121212122,0.6262626262626263,0.00853463682663908,0.9914653631733618,1.0000000003179237,7.290034086632643e-10
298,149.49832775919734,0.95,45.5,0.12121212121212122,0.6262626262626263,0.008534636826665607,0.9914653631733352,1.0000000003167642,6.641161476997071e-10
299,150.0,0.95,45.5,0.12121212121212122,0.6262626262626263,0.008534636826550224,0.9914653631734507,1.000000000298774,6.061378998038839e-10
