,time,sigma,beta,S,I,C,D
0,0.0,0.5555555555555556,0.5050505050505051,0.9998,0.0002,0.5,0.5
1,0.5016722408026756,0.5555555555555556,0.5050505050505051,0.999782562585038,0.00021743741496214338,0.4791140151492233,0.5208859848507764
2,1.0033444816053512,0.5555555555555556,0.5050505050505051,0.9997628308440666,0.0002371691559335045,0.45830119561428584,0.5416988043857139
3,1.5050167224080266,0.5555555555555556,0.5050505050505051,0.9997404483444594,0.0002595516555407452,0.4376333602150797,0.5623666397849201
4,2.0066889632107023,0.5555555555555556,0.5050505050505051,0.999714997706139,0.0002850022938611421,0.41718031020189406,0.5828196897981056
5,2.508361204013378,0.5555555555555556,0.5050505050505051,0.9996859899374884,0.000314010062511775,0.3970089340799505,0.6029910659200491
6,3.0100334448160533,0.5555555555555556,0.5050505050505051,0.9996528508872901,0.00034714911270999395,0.37718235682657575,0.622817643173424
7,3.511705685618729,0.5555555555555556,0.5050505050505051,0.9996149066079897,0.0003850933920104278,0.3577592445408975,0.6422407554591022
8,4.013377926421405,0.5555555555555556,0.5050505050505051,0.9995713629696824,0.0004286370303176716,0.33879309073597563,0.661206909264024
9,4.51505016722408,0.5555555555555556,0.5050505050505051,0.999521285406077,0.0004787145939230694,0.3203318497515435,0.6796681502484562
10,5.016722408026756,0.5555555555555556,0.5050505050505051,0.9994635718896947,0.0005364281103053675,0.30241753485438655,0.6975824651456132
11,5.518394648829432,0.5555555555555556,0.5050505050505051,0.9993969216594409,0.0006030783405590993,0.28508601875616285,0.714913981243837
12,6.020066889632107,0.5555555555555556,0.5050505050505051,0.9993197978926833,0.0006802021073168096,0.2683669631179642,0.7316330368820356
13,6.521739130434782,0.5555555555555556,0.5050505050505051,0.9992303828656617,0.0007696171343383931,0.25228387347494685,0.747716126525053
14,7.023411371237458,0.5555555555555556,0.5050505050505051,0.9991265291146951,0.0008734708853049114,0.23685419582694386,0.763145804173056
15,7.525083612040134,0.5555555555555556,0.5050505050505051,0.9990056896401127,0.000994310359887423,0.22208969722495225,0.7779103027750476
16,8.02675585284281,0.5555555555555556,0.5050505050505051,0.9988648474913147,0.0011351525086854741,0.20799673740077673,0.792003262599223
17,8.528428093645484,0.5555555555555556,0.5050505050505051,0.9987004266774834,0.0012995733225167213,0.19457658313553866,0.8054234168644611
18,9.03010033444816,0.5555555555555556,0.5050505050505051,0.9985081858659148,0.0014918141340851477,0.18182598883430387,0.8181740111656959
19,9.531772575250836,0.5555555555555556,0.5050505050505051,0.9982830921298906,0.0017169078701093996,0.16973758563275104,0.8302624143672487
20,10.033444816053512,0.5555555555555556,0.5050505050505051,0.9980191719523019,0.001980828047698103,0.15830038593465226,0.8416996140653473
21,10.535117056856187,0.5555555555555556,0.5050505050505051,0.9977093345887149,0.002290665411285121,0.14750027950584482,0.8524997204941548
22,11.036789297658864,0.5555555555555556,0.5050505050505051,0.9973451621434213,0.002654837856578728,0.13732050551466488,0.8626794944853348
23,11.538461538461538,0.5555555555555556,0.5050505050505051,0.9969166616478671,0.003083338352132924,0.1277421136660662,0.8722578863339333
24,12.040133779264213,0.5555555555555556,0.5050505050505051,0.9964119730967537,0.003588026903246353,0.11874440052316007,0.8812555994768394
25,12.54180602006689,0.5555555555555556,0.5050505050505051,0.9958170236075965,0.004182976392403472,0.11030531238460886,0.8896946876153906
26,13.043478260869565,0.5555555555555556,0.5050505050505051,0.9951151322588089,0.004884867741191044,0.10240182115366617,0.8975981788463333
27,13.545150501672241,0.5555555555555556,0.5050505050505051,0.9942865285649553,0.005713471435044717,0.09501025164286046,0.904989748357139
28,14.046822742474916,0.5555555555555556,0.5050505050505051,0.9933078187128417,0.006692181287158233,0.08810658295222189,0.9118934170477776
29,14.548494983277592,0.5555555555555556,0.5050505050505051,0.992151339311959,0.007848660688041017,0.08166670792383737,0.9183332920761621
30,15.050167224080267,0.5555555555555556,0.5050505050505051,0.990784451813213,0.009215548186787019,0.07566666075380976,0.9243333392461898
31,15.551839464882944,0.5555555555555556,0.5050505050505051,0.9891687103818636,0.010831289618136388,0.0700828072190179,0.9299171927809816
32,16.05351170568562,0.5555555555555556,0.5050505050505051,0.9872589537767129,0.012741046223287058,0.06489200665151997,0.9351079933484796
33,16.555183946488295,0.5555555555555556,0.5050505050505051,0.9850022882533268,0.01499771174667307,0.060071741182525625,0.9399282588174739
34,17.05685618729097,0.5555555555555556,0.5050505050505051,0.9823370072315427,0.017662992768457186,0.055600224148441436,0.944399775851558
35,17.558528428093645,0.5555555555555556,0.5050505050505051,0.9791914386386659,0.02080856136133406,0.051456476571010754,0.9485435234289887
36,18.06020066889632,0.5555555555555556,0.5050505050505051,0.9754828260975048,0.02451717390249506,0.04762039173352708,0.9523796082664724
37,18.561872909698998,0.5555555555555556,0.5050505050505051,0.9711162208892885,0.028883779110711334,0.04407277049799872,0.9559272295020007
38,19.06354515050167,0.5555555555555556,0.5050505050505051,0.96598370105051,0.03401629894948981,0.0407953526528257,0.9592046473471737
39,19.565217391304348,0.5555555555555556,0.5050505050505051,0.959963734533448,0.04003626546655192,0.03777081791575227,0.9622291820842471
40,20.066889632107024,0.5555555555555556,0.5050505050505051,0.9529212676022237,0.047078732397776185,0.034982787307798226,0.9650172126922012
41,20.568561872909697,0.5555555555555556,0.5050505050505051,0.9447085826157067,0.055291417384293204,0.032415806772566544,0.9675841932274329
42,21.070234113712374,0.5555555555555556,0.5050505050505051,0.9351672746521599,0.06483272534784013,0.030055320641390236,0.9699446793586092
43,21.57190635451505,0.5555555555555556,0.5050505050505051,0.9241318188970132,0.07586818110298668,0.02788763842241533,0.9721123615775842
44,22.073578595317727,0.5555555555555556,0.5050505050505051,0.9114350125014496,0.08856498749855032,0.02589989134321731,0.9741001086567821
45,22.5752508361204,0.5555555555555556,0.5050505050505051,0.8969156646559185,0.10308433534408157,0.024079982989040044,0.9759200170109593
46,23.076923076923077,0.5555555555555556,0.5050505050505051,0.8804287291219782,0.11957127087802179,0.022416533501027867,0.9775834664989714
47,23.578595317725753,0.5555555555555556,0.5050505050505051,0.8618577868677979,0.13814221313220207,0.02089881913349723,0.9791011808665021
48,24.080267558528426,0.5555555555555556,0.5050505050505051,0.8411294076887728,0.15887059231122724,0.019516708816748725,0.9804832911832506
49,24.581939799331103,0.5555555555555556,0.5050505050505051,0.8182284054068145,0.1817715945931854,0.01826059972497358,0.9817394002750257
50,25.08361204013378,0.5555555555555556,0.5050505050505051,0.7932122265408119,0.20678777345918797,0.017121354955502262,0.9828786450444971
51,25.585284280936456,0.5555555555555556,0.5050505050505051,0.7662226873248655,0.2337773126751345,0.016090245738679915,0.9839097542613194
52,26.08695652173913,0.5555555555555556,0.5050505050505051,0.7374923097845499,0.26250769021545006,0.015158902281884191,0.9848410977181151
53,26.588628762541806,0.5555555555555556,0.5050505050505051,0.7073433255550324,0.2926566744449675,0.014319275995332562,0.9856807240046668
54,27.090301003344482,0.5555555555555556,0.5050505050505051,0.6761778131792303,0.3238221868207697,0.013563615820767315,0.9864363841792321
55,27.59197324414716,0.5555555555555556,0.5050505050505051,0.6444588915386072,0.35554110846139275,0.01288445990297645,0.9871155400970228
56,28.093645484949832,0.5555555555555556,0.5050505050505051,0.6126843891921128,0.3873156108078873,0.01227464233676535,0.9877253576632339
57,28.59531772575251,0.5555555555555556,0.5050505050505051,0.5813560603057694,0.41864393969423075,0.011727312909895695,0.9882726870901035
58,29.096989966555185,0.5555555555555556,0.5050505050505051,0.5509482843631552,0.44905171563684476,0.011235965762488004,0.9887640342375111
59,29.598662207357858,0.5555555555555556,0.5050505050505051,0.52188022845561,0.47811977154438995,0.01079447270505872,0.9892055272949404
60,30.100334448160535,0.5555555555555556,0.5050505050505051,0.4944948966573358,0.5055051033426643,0.010397115597809125,0.9896028844021898
61,30.60200668896321,0.5555555555555556,0.5050505050505051,0.4690469411671675,0.5309530588328325,0.010038613417200963,0.9899613865827979
62,31.103678929765888,0.5555555555555556,0.5050505050505051,0.44569943768559267,0.5543005623144074,0.009714140366619214,0.9902858596333796
63,31.60535117056856,0.5555555555555556,0.5050505050505051,0.4245288622923276,0.5754711377076724,0.009419333539237965,0.9905806664607608
64,32.10702341137124,0.5555555555555556,0.5050505050505051,0.4055352787613836,0.5944647212386166,0.009150288427144977,0.9908497115728538
65,32.608695652173914,0.5555555555555556,0.5050505050505051,0.388656660105707,0.6113433398942933,0.008903544988501856,0.9910964550114968
66,33.11036789297659,0.5555555555555556,0.5050505050505051,0.37378410169526843,0.6262158983047319,0.008676064409677444,0.9913239355903212
67,33.61204013377927,0.5555555555555556,0.5050505050505051,0.36077660346889256,0.6392233965311078,0.00846519956308364,0.9915348004369149
68,34.11371237458194,0.5555555555555556,0.5050505050505051,0.3494741683025016,0.6505258316974988,0.00826866124336542,0.991731338756633
69,34.61538461538461,0.5555555555555556,0.5050505050505051,0.3397085838534393,0.6602914161465611,0.008084482332692716,0.9919155176673056
70,35.11705685618729,0.5555555555555556,0.5050505050505051,0.3313117715846066,0.6686882284153938,0.007910981784420408,0.9920890182155778
71,35.618729096989966,0.5555555555555556,0.5050505050505051,0.3241218001610534,0.6758781998389469,0.007746729686108186,0.9922532703138899
72,36.12040133779264,0.5555555555555556,0.5050505050505051,0.3179868889013758,0.6820131110986245,0.007590514398204353,0.9924094856017937
73,36.62207357859532,0.5555555555555556,0.5050505050505051,0.3127676942183557,0.6872323057816447,0.007441312441633341,0.9925586875583645
74,37.123745819397996,0.5555555555555556,0.5050505050505051,0.3083385272568252,0.6916614727431751,0.007298261364986212,0.9927017386350113
75,37.625418060200666,0.5555555555555556,0.5050505050505051,0.30458749343968783,0.6954125065603126,0.007160635591578193,0.9928393644084192
76,38.12709030100334,0.5555555555555556,0.5050505050505051,0.30141605264593435,0.698583947354066,0.0070278253342540035,0.9929721746657433
77,38.62876254180602,0.5555555555555556,0.5050505050505051,0.29873821335798795,0.7012617866420126,0.006899318392639548,0.9931006816073575
78,39.130434782608695,0.5555555555555556,0.5050505050505051,0.29647947876337094,0.7035205212366296,0.006774684423684114,0.9932253155763128
79,39.63210702341137,0.5555555555555556,0.5050505050505051,0.2945756906657461,0.7054243093342544,0.0066535616148236535,0.993346438385173
80,40.13377926421405,0.5555555555555556,0.5050505050505051,0.2929718886723566,0.7070281113276439,0.00653564535261406,0.9934643546473824
81,40.635451505016725,0.5555555555555556,0.5050505050505051,0.29162117504289237,0.7083788249571081,0.006420678660502079,0.9935793213394941
82,41.137123745819395,0.5555555555555556,0.5050505050505051,0.2904836715793891,0.7095163284206113,0.006308444187023404,0.9936915558129725
83,41.63879598662207,0.5555555555555556,0.5050505050505051,0.2895255675558459,0.7104744324441545,0.00619875750989201,0.9938012424901036
84,42.14046822742475,0.5555555555555556,0.5050505050505051,0.2887182639423383,0.7112817360576621,0.0060914615356007186,0.9939085384643946
85,42.642140468227424,0.5555555555555556,0.5050505050505051,0.2880376179797585,0.7119623820202419,0.005986421841962028,0.9940135781580329
86,43.1438127090301,0.5555555555555556,0.5050505050505051,0.2874632830407785,0.7125367169592218,0.005883522801870147,0.9941164771981246
87,43.64548494983278,0.5555555555555556,0.5050505050505051,0.28697813700162944,0.713021862998371,0.0057826644277218595,0.9942173355722725
88,44.147157190635454,0.5555555555555556,0.5050505050505051,0.28656778538118793,0.7134322146188126,0.005683759637518479,0.9943162403624756
89,44.64882943143812,0.5555555555555556,0.5050505050505051,0.2862201395755272,0.7137798604244732,0.005586732104989457,0.9944132678950042
90,45.1505016722408,0.5555555555555556,0.5050505050505051,0.2859250564011654,0.714074943598835,0.005491514442507249,0.9945084855574859
91,45.65217391304348,0.5555555555555556,0.5050505050505051,0.2856740301706991,0.7143259698293013,0.005398046689994498,0.9946019533099982
92,46.15384615384615,0.5555555555555556,0.5050505050505051,0.28545993154560984,0.7145400684543906,0.005306275076604864,0.9946937249233875
93,46.65551839464883,0.5555555555555556,0.5050505050505051,0.28527678859722827,0.7147232114027721,0.005216151007736162,0.9947838489922557
94,47.15719063545151,0.5555555555555556,0.5050505050505051,0.2851196010269836,0.7148803989730168,0.005127630221173312,0.994872369778818
95,47.65886287625418,0.5555555555555556,0.5050505050505051,0.28498418230628203,0.7150158176937184,0.005040672084800789,0.9949593279151899
96,48.16053511705685,0.5555555555555556,0.5050505050505051,0.284867028678234,0.7151329713217663,0.004955239028720878,0.9950447609712691
97,48.66220735785953,0.5555555555555556,0.5050505050505051,0.28476520863321514,0.7152347913667852,0.00487129607331134,0.9951287039266781
98,49.163879598662206,0.5555555555555556,0.5050505050505051,0.2846762695998906,0.7153237304001097,0.004788810436889638,0.9952111895630991
99,49.66555183946488,0.5555555555555556,0.5050505050505051,0.2845981595455365,0.7154018404544638,0.004707751211962483,0.9952922487880255
100,50.16722408026756,0.5555555555555556,0.5050505050505051,0.28452916212287815,0.7154708378771222,0.004628089102132907,0.9953719108978542
101,50.668896321070235,0.5555555555555556,0.5050505050505051,0.28446784180458684,0.7155321581954135,0.004549796201754788,0.9954502037982313
102,51.17056856187291,0.5555555555555556,0.5050505050505051,0.28441299760565936,0.7155870023943409,0.004472845812257168,0.995527154187728
103,51.67224080267559,0.5555555555555556,0.5050505050505051,0.28436362481590066,0.7156363751840997,0.004397212292392945,0.9956027877075913
104,52.17391304347826,0.5555555555555556,0.5050505050505051,0.2843188830617954,0.7156811169382049,0.004322870934280171,0.9956771290657029
105,52.675585284280935,0.5555555555555556,0.5050505050505051,0.28427806881911766,0.7157219311808828,0.004249797857024187,0.9957502021429578
106,53.17725752508361,0.5555555555555556,0.5050505050505051,0.2842405935810087,0.7157594064189918,0.004177969923269184,0.9958220300767116
107,53.67892976588629,0.5555555555555556,0.5050505050505051,0.28420596600633596,0.7157940339936646,0.004107364671685529,0.9958926353282939
108,54.180602006688964,0.5555555555555556,0.5050505050505051,0.2841737723626093,0.7158262276373911,0.004037960240825251,0.9959620397591527
109,54.68227424749164,0.5555555555555556,0.5050505050505051,0.28414366728306206,0.7158563327169385,0.0039697353345389584,0.9960302646654375
110,55.18394648829432,0.5555555555555556,0.5050505050505051,0.28411536009277344,0.7158846399072271,0.003902669168716968,0.996097330831258
111,55.68561872909699,0.5555555555555556,0.5050505050505051,0.28408860893337184,0.7159113910666286,0.0038367414474475576,0.9961632585525256
112,56.187290969899664,0.5555555555555556,0.5050505050505051,0.28406320985310535,0.7159367901468952,0.0037719323207151866,0.9962280676792562
113,56.68896321070234,0.5555555555555556,0.5050505050505051,0.2840389925607747,0.7159610074392259,0.0037082223675071538,0.9962917776324622
114,57.19063545150502,0.5555555555555556,0.5050505050505051,0.28401581254967906,0.7159841874503214,0.0036455925638184416,0.9963544074361489
115,57.69230769230769,0.5555555555555556,0.5050505050505051,0.2839935493965998,0.7160064506034006,0.0035840242731492284,0.996415975726816
116,58.19397993311037,0.5555555555555556,0.5050505050505051,0.2839721011664523,0.7160278988335481,0.0035234992227831928,0.9964765007771796
117,58.69565217391305,0.5555555555555556,0.5050505050505051,0.28395138173755347,0.716048618262447,0.0034639994919113885,0.9965360005080489
118,59.197324414715716,0.5555555555555556,0.5050505050505051,0.2839313177155658,0.7160686822844348,0.0034055074951411927,0.9965944925048164
119,59.69899665551839,0.5555555555555556,0.5050505050505051,0.2839118490353346,0.716088150964666,0.0033480059832047626,0.99665199401675
120,60.20066889632107,0.5555555555555556,0.5050505050505051,0.28389292412934897,0.7161070758706517,0.0032914780209853207,0.9967085219789663
121,60.702341137123746,0.5555555555555556,0.5050505050505051,0.2838744981388281,0.7161255018611726,0.003235906976722794,0.9967640930232254
122,61.20401337792642,0.5555555555555556,0.5050505050505051,0.2838565336345881,0.7161434663654126,0.0031812765226545132,0.9968187234772903
123,61.7056856187291,0.5555555555555556,0.5050505050505051,0.2838389975132612,0.7161610024867394,0.003127570616932354,0.9968724293830087
124,62.207357859531776,0.5555555555555556,0.5050505050505051,0.2838218623686628,0.7161781376313379,0.003074773508058872,0.9969252264918781
125,62.709030100334445,0.5555555555555556,0.5050505050505051,0.28380510411092114,0.7161948958890795,0.003022869717245073,0.9969771302826876
126,63.21070234113712,0.5555555555555556,0.5050505050505051,0.28378870237089104,0.7162112976291096,0.0029718440406947106,0.9970281559592334
127,63.7123745819398,0.5555555555555556,0.5050505050505051,0.28377263879640197,0.7162273612035988,0.0029216815346979797,0.9970783184652253
128,64.21404682274247,0.5555555555555556,0.5050505050505051,0.2837568990060983,0.7162431009939023,0.0028723675325285597,0.9971276324673894
129,64.71571906354515,0.5555555555555556,0.5050505050505051,0.28374146830831004,0.7162585316916905,0.002823887600328907,0.9971761123995836
130,65.21739130434783,0.5555555555555556,0.5050505050505051,0.2837263345062421,0.7162736654937586,0.002776227566915336,0.9972237724329912
131,65.7190635451505,0.5555555555555556,0.5050505050505051,0.2837114868425507,0.7162885131574498,0.002729373504816845,0.9972706264950832
132,66.22073578595318,0.5555555555555556,0.5050505050505051,0.28369691520614704,0.7163030847938535,0.0026833117181079527,0.9973166882817853
133,66.72240802675586,0.5555555555555556,0.5050505050505051,0.2836826112278529,0.7163173887721476,0.0026380287616630956,0.9973619712382229
134,67.22408026755853,0.5555555555555556,0.5050505050505051,0.2836685667780091,0.7163314332219914,0.0025935114058005812,0.9974064885940775
135,67.72575250836121,0.5555555555555556,0.5050505050505051,0.2836547739124518,0.7163452260875488,0.002549746305653403,0.9974502536942164
136,68.22742474916387,0.5555555555555556,0.5050505050505051,0.28364122881594067,0.7163587711840599,0.0025067217058663753,0.9974932782939946
137,68.72909698996655,0.5555555555555556,0.5050505050505051,0.283627922652083,0.7163720773479176,0.002464424121475808,0.9975355758783756
138,69.23076923076923,0.5555555555555556,0.5050505050505051,0.28361485045387075,0.7163851495461298,0.0024228414643876423,0.9975771585354537
139,69.7324414715719,0.5555555555555556,0.5050505050505051,0.2836020070144151,0.7163979929855854,0.0023819617714504514,0.99761803822838
140,70.23411371237458,0.5555555555555556,0.5050505050505051,0.283589387210685,0.7164106127893156,0.0023417730358352177,0.9976582269639838
141,70.73578595317726,0.5555555555555556,0.5050505050505051,0.2835769860468474,0.7164230139531532,0.002302263332224415,0.9976977366675821
142,71.23745819397993,0.5555555555555556,0.5050505050505051,0.28356479929590855,0.7164352007040921,0.0022634214624791707,0.9977365785373141
143,71.73913043478261,0.5555555555555556,0.5050505050505051,0.2835528224982772,0.7164471775017235,0.0022252360084665202,0.9977747639913127
144,72.24080267558529,0.5555555555555556,0.5050505050505051,0.28354105119011913,0.7164589488098814,0.0021876955460381165,0.9978123044537262
145,72.74247491638796,0.5555555555555556,0.5050505050505051,0.2835294818172199,0.7164705181827806,0.002150789492452354,0.9978492105072958
146,73.24414715719064,0.5555555555555556,0.5050505050505051,0.2835181105964203,0.7164818894035803,0.0021145070531918466,0.997885492946539
147,73.74581939799332,0.5555555555555556,0.5050505050505051,0.28350693364770135,0.7164930663522991,0.0020788373705702273,0.9979211626291422
148,74.24749163879599,0.5555555555555556,0.5050505050505051,0.2834959476021424,0.7165040523978581,0.0020437703741017265,0.9979562296255912
149,74.74916387959867,0.5555555555555556,0.5050505050505051,0.2834851489906374,0.7165148510093631,0.00200929583899363,0.9979907041606783
150,75.25083612040133,0.5555555555555556,0.5050505050505051,0.28347453427424857,0.7165254657257518,0.001975403443204744,0.9980245965564447
151,75.75250836120401,0.5555555555555556,0.5050505050505051,0.2834641002589343,0.7165358997410661,0.0019420835575552535,0.9980579164420702
152,76.25418060200668,0.5555555555555556,0.5050505050505051,0.2834538437217896,0.7165461562782108,0.0019093264948818955,0.9980906735047179
153,76.75585284280936,0.5555555555555556,0.5050505050505051,0.28344376143155353,0.716556238568447,0.0018771225546096587,0.9981228774449628
154,77.25752508361204,0.5555555555555556,0.5050505050505051,0.28343385043353825,0.7165661495664621,0.0018454626072675253,0.9981545373922757
155,77.75919732441471,0.5555555555555556,0.5050505050505051,0.2834241076693766,0.7165758923306239,0.0018143373092934848,0.9981856626902185
156,78.26086956521739,0.5555555555555556,0.5050505050505051,0.2834145301789034,0.716585469821097,0.001783737544417357,0.9982162624550613
157,78.76254180602007,0.5555555555555556,0.5050505050505051,0.2834051151854042,0.7165948848145963,0.0017536546129831416,0.9982463453864598
158,79.26421404682274,0.5555555555555556,0.5050505050505051,0.2833958599099256,0.7166041400900748,0.0017240798505825665,0.9982759201488223
159,79.76588628762542,0.5555555555555556,0.5050505050505051,0.28338676132771823,0.7166132386722821,0.001695003944226048,0.9983049960551381
160,80.2675585284281,0.5555555555555556,0.5050505050505051,0.2833778170406798,0.7166221829593206,0.0016664192364194519,0.9983335807629012
161,80.76923076923077,0.5555555555555556,0.5050505050505051,0.2833690242689001,0.7166309757311002,0.001638317068357953,0.9983616829309162
162,81.27090301003345,0.5555555555555556,0.5050505050505051,0.2833603804450202,0.7166396195549801,0.0016106894116225464,0.9983893105876019
163,81.77257525083613,0.5555555555555556,0.5050505050505051,0.283351882997036,0.7166481170029643,0.001583528198335045,0.9984164718008363
164,82.27424749163879,0.5555555555555556,0.5050505050505051,0.2833435293886198,0.7166564706113805,0.0015568254455124823,0.998443174553602
165,82.77591973244147,0.5555555555555556,0.5050505050505051,0.28333531714948956,0.7166646828505108,0.0015305733487270892,0.9984694266503267
166,83.27759197324414,0.5555555555555556,0.5050505050505051,0.28332724387540886,0.7166727561245915,0.0015047642821063006,0.9984952357168826
167,83.77926421404682,0.5555555555555556,0.5050505050505051,0.28331930722818705,0.7166806927718132,0.0014793907983327507,0.9985206092005869
168,84.2809364548495,0.5555555555555556,0.5050505050505051,0.2833115049356791,0.7166884950643212,0.0014544456286442748,0.9985455543702014
169,84.78260869565217,0.5555555555555556,0.5050505050505051,0.28330383474673126,0.7166961652532691,0.0014299215828572776,0.9985700784159094
170,85.28428093645485,0.5555555555555556,0.5050505050505051,0.28329629427925096,0.7167037057207494,0.001405811212229374,0.9985941887864529
171,85.78595317725753,0.5555555555555556,0.5050505050505051,0.2832888813295616,0.7167111186704388,0.001382107495926309,0.9986178925026656
172,86.2876254180602,0.5555555555555556,0.5050505050505051,0.2832815937687151,0.7167184062312852,0.00135880361093643,0.998641196387559
173,86.78929765886288,0.5555555555555556,0.5050505050505051,0.28327442952160037,0.7167255704783999,0.0013358928857118298,0.9986641071126804
174,87.29096989966555,0.5555555555555556,0.5050505050505051,0.2832673865669433,0.716732613433057,0.001313368800168347,0.9986866311981136
175,87.79264214046823,0.5555555555555556,0.5050505050505051,0.28326046293730656,0.7167395370626938,0.0012912249856855667,0.9987087750124786
176,88.29431438127091,0.5555555555555556,0.5050505050505051,0.2832536567190899,0.7167463432809105,0.0012694552251068189,0.9987305447729315
177,88.79598662207358,0.5555555555555556,0.5050505050505051,0.28324696592356136,0.716753034076439,0.0012480532151941156,0.9987519467827098
178,89.29765886287625,0.5555555555555556,0.5050505050505051,0.2832403883404063,0.7167596116595939,0.0012270122968833133,0.9987729877008769
179,89.79933110367892,0.5555555555555556,0.5050505050505051,0.283233922018868,0.7167660779811323,0.0012063263414871122,0.9987936736561195
180,90.3010033444816,0.5555555555555556,0.5050505050505051,0.2832275650542914,0.7167724349457089,0.0011859893575351772,0.998814010639907
181,90.80267558528428,0.5555555555555556,0.5050505050505051,0.2832213155753814,0.7167786844246189,0.0011659954673038917,0.9988340045299627
182,91.30434782608695,0.5555555555555556,0.5050505050505051,0.28321517174420197,0.7167848282557984,0.0011463389068163594,0.9988536610902626
183,91.80602006688963,0.5555555555555556,0.5050505050505051,0.2832091317561768,0.7167908682438234,0.0011270140258424033,0.9988729859710361
184,92.3076923076923,0.5555555555555556,0.5050505050505051,0.28320319384008913,0.7167968061599111,0.0011080152878985656,0.998891984708766
185,92.80936454849498,0.5555555555555556,0.5050505050505051,0.28319735621152,0.7168026437884804,0.0010893371386664378,0.9989106628577695
186,93.31103678929766,0.5555555555555556,0.5050505050505051,0.28319161707738655,0.7168083829226138,0.0010709740188171184,0.9989290259773743
187,93.81270903010034,0.5555555555555556,0.5050505050505051,0.28318597472170276,0.7168140252782976,0.0010529206063689491,0.9989470793895611
188,94.31438127090301,0.5555555555555556,0.5050505050505051,0.28318042745734784,0.7168195725426525,0.0010351716803863105,0.9989648283152642
189,94.81605351170569,0.5555555555555556,0.5050505050505051,0.2831749736257463,0.716825026374254,0.0010177221200754533,0.9989822778752763
190,95.31772575250837,0.5555555555555556,0.5050505050505051,0.2831696115968679,0.7168303884031325,0.0010005669047844989,0.998999433090248
191,95.81939799331104,0.5555555555555556,0.5050505050505051,0.2831643397692276,0.7168356602307727,0.0009837011140034389,0.999016298880688
192,96.3210702341137,0.5555555555555556,0.5050505050505051,0.28315915114353357,0.7168408488564669,0.0009671068278847701,0.9990328931664557
193,96.82274247491638,0.5555555555555556,0.5050505050505051,0.2831540574403802,0.7168459425596203,0.0009508109170839817,0.9990491890768618
194,97.32441471571906,0.5555555555555556,0.5050505050505051,0.2831490487069178,0.7168509512930826,0.000934787899854725,0.9990652120936714
195,97.82608695652173,0.5555555555555556,0.5050505050505051,0.2831441237548454,0.7168558762451551,0.0009190336836221878,0.9990809663094569
196,98.32775919732441,0.5555555555555556,0.5050505050505051,0.28313928139586164,0.7168607186041388,0.0009035441758115581,0.9990964558167907
197,98.82943143812709,0.5555555555555556,0.5050505050505051,0.2831345204416656,0.7168654795583349,0.0008883152838480238,0.9991116847082453
198,99.33110367892976,0.5555555555555556,0.5050505050505051,0.283129839703956,0.7168701602960444,0.0008733429151567729,0.9991266570763931
199,99.83277591973244,0.5555555555555556,0.5050505050505051,0.28312523799443173,0.7168747620055687,0.0008586229771629934,0.9991413770138066
200,100.33444816053512,0.5555555555555556,0.5050505050505051,0.28312071414229656,0.716879285857704,0.0008441513734837318,0.9991558486168661
201,100.8361204013378,0.5555555555555556,0.5050505050505051,0.2831162674230139,0.7168837325769867,0.0008299239106528654,0.9991700760790349
202,101.33779264214047,0.5555555555555556,0.5050505050505051,0.2831118971403223,0.7168881028596782,0.0008159363890530548,0.9991840635999268
203,101.83946488294315,0.5555555555555556,0.5050505050505051,0.2831076021155814,0.7168923978844192,0.0008021846987571304,0.9991978152894659
204,102.34113712374582,0.5555555555555556,0.5050505050505051,0.28310337993809853,0.716896620061902,0.000788664947529647,0.9992113350398844
205,102.8428093645485,0.5555555555555556,0.5050505050505051,0.2830992287191002,0.7169007712809004,0.0007753731536657793,0.9992246268328838
206,103.34448160535118,0.5555555555555556,0.5050505050505051,0.2830951471853463,0.7169048528146542,0.0007623054957142281,0.9992376944899114
207,103.84615384615384,0.5555555555555556,0.5050505050505051,0.28309113426394605,0.7169088657360545,0.0007494582134802794,0.9992505417711579
208,104.34782608695652,0.5555555555555556,0.5050505050505051,0.283087188731741,0.7169128112682596,0.0007368275199457428,0.9992631724636372
209,104.84949832775919,0.5555555555555556,0.5050505050505051,0.283083309699579,0.7169166903004216,0.0007244098366936091,0.9992755901457614
210,105.35117056856187,0.5555555555555556,0.5050505050505051,0.2830794961758472,0.7169205038241534,0.0007122015213157951,0.9992877984599338
211,105.85284280936455,0.5555555555555556,0.5050505050505051,0.28307574707779554,0.7169242529222051,0.0007001990472122711,0.9992998009327491
212,106.35451505016722,0.5555555555555556,0.5050505050505051,0.2830720612733688,0.7169279387266319,0.0006883989943609725,0.9993116009842232
213,106.8561872909699,0.5555555555555556,0.5050505050505051,0.28306843767085704,0.7169315623291436,0.0006767978574366233,0.999323202119676
214,107.35785953177258,0.5555555555555556,0.5050505050505051,0.28306487521093593,0.7169351247890647,0.0006653923145919687,0.9993346076609478
215,107.85953177257525,0.5555555555555556,0.5050505050505051,0.2830613728457034,0.7169386271542972,0.0006541791087027698,0.9993458208651558
216,108.36120401337793,0.5555555555555556,0.5050505050505051,0.2830579295162016,0.716942070483799,0.0006431549098967182,0.9993568450621653
217,108.8628762541806,0.5555555555555556,0.5050505050505051,0.2830545442589151,0.7169454557410855,0.0006323165849628611,0.999367683385179
218,109.36454849498328,0.5555555555555556,0.5050505050505051,0.28305121611793677,0.7169487838820638,0.0006216610163678229,0.9993783389517215
219,109.86622073578596,0.5555555555555556,0.5050505050505051,0.2830479441130211,0.7169520558869795,0.0006111850416833421,0.9993888149242127
220,110.36789297658864,0.5555555555555556,0.5050505050505051,0.2830447273226766,0.7169552726773241,0.0006008857014624983,0.9993991142620892
221,110.8695652173913,0.5555555555555556,0.5050505050505051,0.28304156481905096,0.7169584351809497,0.0005907600142824714,0.9994092399467633
222,111.37123745819397,0.5555555555555556,0.5050505050505051,0.28303845567049546,0.7169615443295052,0.0005808049877647347,0.9994191949706034
223,111.87290969899665,0.5555555555555556,0.5050505050505051,0.28303539901230584,0.7169646009876948,0.0005710178783629964,0.9994289820771417
224,112.37458193979933,0.5555555555555556,0.5050505050505051,0.28303239395306573,0.7169676060469349,0.0005613958432416177,0.9994386041092012
225,112.876254180602,0.5555555555555556,0.5050505050505051,0.2830294395904921,0.7169705604095085,0.0005519359991746029,0.9994480639499961
226,113.37792642140468,0.5555555555555556,0.5050505050505051,0.28302653502915776,0.7169734649708429,0.0005426354852569191,0.9994573644604191
227,113.87959866220736,0.5555555555555556,0.5050505050505051,0.28302367948042867,0.7169763205195719,0.0005334917882897464,0.9994665081536499
228,114.38127090301003,0.5555555555555556,0.5050505050505051,0.2830208721295945,0.7169791278704061,0.0005245023101725692,0.9994754976277717
229,114.88294314381271,0.5555555555555556,0.5050505050505051,0.2830181121358817,0.7169818878641189,0.000515664367946409,0.9994843355657277
230,115.38461538461539,0.5555555555555556,0.5050505050505051,0.28301539866092656,0.716984601339074,0.0005069752860937571,0.9994930246430195
231,115.88628762541806,0.5555555555555556,0.5050505050505051,0.2830127309605076,0.7169872690394931,0.0004984326798044788,0.9995015672444331
232,116.38795986622074,0.5555555555555556,0.5050505050505051,0.28301010828700784,0.7169898917129928,0.0004900341537835783,0.99950996576524
233,116.88963210702342,0.5555555555555556,0.5050505050505051,0.28300752985861677,0.7169924701413838,0.0004817772071475025,0.999518222706303
234,117.3913043478261,0.5555555555555556,0.5050505050505051,0.283004995038069,0.7169950049619316,0.0004736598023204942,0.9995263401051592
235,117.89297658862876,0.5555555555555556,0.5050505050505051,0.2830025027298542,0.7169974972701463,0.00046567843292304677,0.9995343214682061
236,118.39464882943143,0.5555555555555556,0.5050505050505051,0.2830000525480056,0.7169999474519949,0.00045783186686205465,0.9995421680274671
237,118.89632107023411,0.5555555555555556,0.5050505050505051,0.2829976437308734,0.7170023562691271,0.00045011766787518353,0.9995498822191813
238,119.39799331103679,0.5555555555555556,0.5050505050505051,0.2829952755296373,0.7170047244703631,0.0004425334408222852,0.999557466438464
239,119.89966555183946,0.5555555555555556,0.5050505050505051,0.28299294725694246,0.717007052743058,0.000435076988614322,0.9995649228823651
240,120.40133779264214,0.5555555555555556,0.5050505050505051,0.2829906582680628,0.7170093417319376,0.0004277462514359323,0.9995722536106512
241,120.90301003344482,0.5555555555555556,0.5050505050505051,0.28298840788433,0.7170115921156706,0.00042053905967912877,0.9995794607928923
242,121.40468227424749,0.5555555555555556,0.5050505050505051,0.2829861954423506,0.71701380455765,0.00041345329274871344,0.9995865465496436
243,121.90635451505017,0.5555555555555556,0.5050505050505051,0.28298402029414593,0.7170159797058545,0.00040648687951311057,0.9995935129519942
244,122.40802675585284,0.5555555555555556,0.5050505050505051,0.28298188180715217,0.7170181181928483,0.0003996377983043669,0.9996003620215673
245,122.90969899665552,0.5555555555555556,0.5050505050505051,0.28297977936421986,0.7170202206357806,0.0003929040769181512,0.9996070957305204
246,123.4113712374582,0.5555555555555556,0.5050505050505051,0.2829777123636146,0.717022287636386,0.0003862837926137546,0.9996137160015449
247,123.91304347826087,0.5555555555555556,0.5050505050505051,0.2829756802190163,0.7170243197809842,0.00037977507211409047,0.9996202247078665
248,124.41471571906355,0.5555555555555556,0.5050505050505051,0.2829736823595199,0.7170263176404806,0.0003733760916056944,0.9996266236732447
249,124.91638795986621,0.5555555555555556,0.5050505050505051,0.2829717182273083,0.7170282817726922,0.0003670850692994892,0.9996329146794114
250,125.41806020066889,0.5555555555555556,0.5050505050505051,0.2829697871975126,0.7170302128024879,0.0003609000091796446,0.9996390997222788
251,125.91973244147157,0.5555555555555556,0.5050505050505051,0.2829678886775294,0.7170321113224711,0.00035481901857571126,0.9996451806944203
252,126.42140468227424,0.5555555555555556,0.5050505050505051,0.28296602212113675,0.7170339778788637,0.0003488403532976002,0.9996511593399433
253,126.92307692307692,0.5555555555555556,0.5050505050505051,0.28296418699455655,0.717035813005444,0.00034296230911999006,0.9996570373629868
254,127.4247491638796,0.5555555555555556,0.5050505050505051,0.2829623827764548,0.7170376172235458,0.0003371832217823274,0.9996628164277209
255,127.92642140468227,0.5555555555555556,0.5050505050505051,0.2829606089579415,0.717039391042059,0.0003315014669888261,0.9996684981583472
256,128.42809364548495,0.5555555555555556,0.5050505050505051,0.2829588650425707,0.7170411349574298,0.00032591546040846805,0.9996740841390988
257,128.9297658862876,0.5555555555555556,0.5050505050505051,0.28295715054634035,0.7170428494536601,0.00032042365767500286,0.9996795759142396
258,129.4314381270903,0.5555555555555556,0.5050505050505051,0.2829554649976926,0.7170445350023079,0.0003150245543869472,0.9996849749880657
259,129.93311036789297,0.5555555555555556,0.5050505050505051,0.2829538079375135,0.717046192062487,0.00030971668610758657,0.999690282824904
260,130.43478260869566,0.5555555555555556,0.5050505050505051,0.28295217890396773,0.7170478210960328,0.00030449857864746734,0.9996955008988161
261,130.93645484949832,0.5555555555555556,0.5050505050505051,0.28295057733766216,0.7170494226623384,0.0002993684371590031,0.9997006310044115
262,131.438127090301,0.5555555555555556,0.5050505050505051,0.2829490027535223,0.7170509972464782,0.0002943247096053719,0.9997056746935455
263,131.93979933110367,0.5555555555555556,0.5050505050505051,0.2829474546954062,0.7170525453045943,0.00028936593796899705,0.9997106334240653
264,132.44147157190636,0.5555555555555556,0.5050505050505051,0.28294593271593044,0.7170540672840701,0.00028449069211503773,0.9997155086259285
265,132.94314381270902,0.5555555555555556,0.5050505050505051,0.28294443637647015,0.7170555636235304,0.0002796975697913913,0.9997203017012022
266,133.44481605351172,0.5555555555555556,0.5050505050505051,0.2829429652471591,0.7170570347528414,0.0002749851966286909,0.9997250140240636
267,133.94648829431438,0.5555555555555556,0.5050505050505051,0.2829415189068898,0.7170584810931108,0.000270352226140308,0.9997296469407997
268,134.44816053511707,0.5555555555555556,0.5050505050505051,0.2829400969433131,0.7170599030566874,0.0002657973397223499,0.9997342017698073
269,134.94983277591973,0.5555555555555556,0.5050505050505051,0.28293869895283874,0.7170613010471618,0.00026131924665366194,0.9997386798015931
270,135.45150501672242,0.5555555555555556,0.5050505050505051,0.28293732454063486,0.7170626754593656,0.0002569166840958255,0.9997430822987738
271,135.95317725752508,0.5555555555555556,0.5050505050505051,0.28293597330834147,0.717064026691659,0.00025258837324424523,0.9997474105398457
272,136.45484949832775,0.5555555555555556,0.5050505050505051,0.2829346448371219,0.7170653551628785,0.0002483329588428843,0.9997516658795613
273,136.95652173913044,0.5555555555555556,0.5050505050505051,0.28293333874211524,0.7170666612578852,0.0002441492035126248,0.9997558495549509
274,137.4581939799331,0.5555555555555556,0.5050505050505051,0.2829320546479652,0.7170679453520352,0.00024003590041960372,0.999759962772497
275,137.9598662207358,0.5555555555555556,0.5050505050505051,0.28293079218687284,0.7170692078131276,0.00023599186632587232,0.9997640067150708
276,138.46153846153845,0.5555555555555556,0.5050505050505051,0.28292955099859673,0.7170704490014037,0.00023201594158939827,0.9997679825419329
277,138.96321070234114,0.5555555555555556,0.5050505050505051,0.28292833073045276,0.7170716692695477,0.00022810699016406362,0.9997718913887325
278,139.4648829431438,0.5555555555555556,0.5050505050505051,0.2829271310373142,0.7170728689626863,0.00022426389959966661,0.9997757343675079
279,139.9665551839465,0.5555555555555556,0.5050505050505051,0.2829259515816118,0.7170740484183886,0.00022048558104192004,0.9997795125666862
280,140.46822742474916,0.5555555555555556,0.5050505050505051,0.2829247920333338,0.7170752079666667,0.0002167709692324528,0.9997832270510839
281,140.96989966555185,0.5555555555555556,0.5050505050505051,0.2829236520700256,0.7170763479299749,0.0002131190225088083,0.999786878861906
282,141.4715719063545,0.5555555555555556,0.5050505050505051,0.2829225314431763,0.7170774685568242,0.00020952892152467192,0.9997904688188255
283,141.9732441471572,0.5555555555555556,0.5050505050505051,0.28292142958396854,0.717078570416032,0.0002059988891017869,0.9997939986953858
284,142.47491638795987,0.5555555555555556,0.5050505050505051,0.28292034632054486,0.7170796536794557,0.00020252833729559442,0.9997974690805687
285,142.97658862876253,0.5555555555555556,0.5050505050505051,0.28291928133904587,0.7170807186609546,0.00019911625406666714,0.9998008809856352
286,143.47826086956522,0.5555555555555556,0.5050505050505051,0.2829182343328069,0.7170817656671936,0.00019576164988524298,0.9998042353993177
287,143.97993311036788,0.5555555555555556,0.5050505050505051,0.28291720500223494,0.7170827949977655,0.0001924635573640931,0.9998075332881848
288,144.48160535117057,0.5555555555555556,0.5050505050505051,0.2829161930546864,0.7170838069453142,0.00018922103089138837,0.9998107755970072
289,144.98327759197323,0.5555555555555556,0.5050505050505051,0.2829151982043441,0.7170848017956564,0.00018603314626356837,0.9998139632491233
290,145.48494983277592,0.5555555555555556,0.5050505050505051,0.2829142201720949,0.7170857798279056,0.0001828990003182074,0.9998170971468053
291,145.9866220735786,0.5555555555555556,0.5050505050505051,0.2829132586854069,0.7170867413145936,0.00017981771056688368,0.9998201781716246
292,146.48829431438128,0.5555555555555556,0.5050505050505051,0.28291231347730206,0.7170876865226985,0.00017678841119662058,0.9998232071884066
293,146.98996655518394,0.5555555555555556,0.5050505050505051,0.28291138425908363,0.7170886157409169,0.00017381014374586172,0.9998261851533051
294,147.49163879598663,0.5555555555555556,0.5050505050505051,0.2829104707569355,0.717089529243065,0.00017088200410904277,0.9998291129684851
295,147.9933110367893,0.5555555555555556,0.5050505050505051,0.2829095727140983,0.7170904272859022,0.00016800315139454215,0.9998319914733697
296,148.49498327759198,0.5555555555555556,0.5050505050505051,0.28290868987899653,0.7170913101210039,0.00016517276040243993,0.9998348214916197
297,148.99665551839465,0.5555555555555556,0.5050505050505051,0.2829078220050895,0.717092177994911,0.00016239002115048397,0.9998376038316056
298,149.49832775919734,0.5555555555555556,0.5050505050505051,0.28290696885072186,0.7170930311492787,0.0001596541384000536,0.9998403392868782
299,150.0,0.5555555555555556,0.5050505050505051,0.28290613017897426,0.7170938698210262,0.00015696433118212583,0.9998430286366403
