,time,sigma,beta,omega,alpha,S,I,C,D
0,0.0,0.95,0.9285714285714286,0.4040404040404041,0.06060606060606061,0.9998,0.0002,0.5,0.5
1,0.5016722408026756,0.95,0.9285714285714286,0.4040404040404041,0.06060606060606061,0.9997517260244311,0.00024827397556912106,0.4622865412470729,0.5377134587529275
2,1.0033444816053512,0.95,0.9285714285714286,0.4040404040404041,0.06060606060606061,0.9996883933636549,0.0003116066363453222,0.4250019544841027,0.5749980455158977
3,1.5050167224080266,0.95,0.9285714285714286,0.4040404040404041,0.06060606060606061,0.9996044955890874,0.00039550441091284723,0.38855436533937593,0.6114456346606244
4,2.0066889632107023,0.95,0.9285714285714286,0.4040404040404041,0.06060606060606061,0.9994923085099017,0.0005076914900985072,0.3533155100408962,0.6466844899591041
5,2.508361204013378,0.95,0.9285714285714286,0.4040404040404041,0.06060606060606061,0.9993409348124529,0.0006590651875471373,0.3196066828717423,0.680393317128258
6,3.0100334448160533,0.95,0.9285714285714286,0.4040404040404041,0.06060606060606061,0.9991349304714464,0.0008650695285536647,0.28768913971014054,0.71231086028986
7,3.511705685618729,0.95,0.9285714285714286,0.4040404040404041,0.06060606060606061,0.9988523046843465,0.0011476953156535907,0.2577591141602911,0.7422408858397093
8,4.013377926421405,0.95,0.9285714285714286,0.4040404040404041,0.06060606060606061,0.9984616481995813,0.0015383518004188023,0.22994732538460722,0.7700526746153931
9,4.51505016722408,0.95,0.9285714285714286,0.4040404040404041,0.06060606060606061,0.9979179232189131,0.0020820767810870427,0.2043226478675833,0.795677352132417
10,5.016722408026756,0.95,0.9285714285714286,0.4040404040404041,0.06060606060606061,0.997156417975706,0.002843582024294202,0.1808983472754537,0.8191016527245466
11,5.518394648829432,0.95,0.9285714285714286,0.4040404040404041,0.06060606060606061,0.9960840272509526,0.003915972749047475,0.1596406161292564,0.840359383870744
12,6.020066889632107,0.95,0.9285714285714286,0.4040404040404041,0.06060606060606061,0.9945667324520703,0.005433267547929742,0.14047779772028746,0.8595222022797129
13,6.521739130434782,0.95,0.9285714285714286,0.4040404040404041,0.06060606060606061,0.9924118539445482,0.007588146055451775,0.12330980197613786,0.8766901980238625
14,7.023411371237458,0.95,0.9285714285714286,0.4040404040404041,0.06060606060606061,0.9893432445028368,0.01065675549716308,0.1080169365730026,0.8919830634269978
15,7.525083612040134,0.95,0.9285714285714286,0.4040404040404041,0.06060606060606061,0.984967455974312,0.015032544025687943,0.09446777950561407,0.9055322204943862
16,8.02675585284281,0.95,0.9285714285714286,0.4040404040404041,0.06060606060606061,0.9787293839434748,0.02127061605652519,0.08252585927019326,0.9174741407298069
17,8.528428093645484,0.95,0.9285714285714286,0.4040404040404041,0.06060606060606061,0.9698578907010453,0.030142109298954545,0.07205506298608808,0.9279449370139121
18,9.03010033444816,0.95,0.9285714285714286,0.4040404040404041,0.06060606060606061,0.9573070980148156,0.042692901985184176,0.06292378201794196,0.9370762179820582
19,9.531772575250836,0.95,0.9285714285714286,0.4040404040404041,0.06060606060606061,0.9397100292852139,0.06028997071478588,0.055007843254797295,0.944992156745203
20,10.033444816053512,0.95,0.9285714285714286,0.4040404040404041,0.06060606060606061,0.9153803023354974,0.08461969766450239,0.04819226106551017,0.9518077389344902
21,10.535117056856187,0.95,0.9285714285714286,0.4040404040404041,0.06060606060606061,0.8824240281715685,0.11757597182843126,0.04237180268081476,0.9576281973191856
22,11.036789297658864,0.95,0.9285714285714286,0.4040404040404041,0.06060606060606061,0.8390442365412517,0.16095576345874807,0.03745032435311574,0.9625496756468847
23,11.538461538461538,0.95,0.9285714285714286,0.4040404040404041,0.06060606060606061,0.7840964363859888,0.215903563614011,0.03333888477643039,0.96666111522357
24,12.040133779264213,0.95,0.9285714285714286,0.4040404040404041,0.06060606060606061,0.7178315286740713,0.2821684713259286,0.02995287663745826,0.9700471233625422
25,12.54180602006689,0.95,0.9285714285714286,0.4040404040404041,0.06060606060606061,0.6425329894904506,0.3574670105095493,0.02720887048135156,0.9727911295186489
26,13.043478260869565,0.95,0.9285714285714286,0.4040404040404041,0.06060606060606061,0.562572290325433,0.4374277096745669,0.025022342203054174,0.9749776577969463
27,13.545150501672241,0.95,0.9285714285714286,0.4040404040404041,0.06060606060606061,0.48356469578423344,0.5164353042157664,0.02330748750682651,0.976692512493174
28,14.046822742474916,0.95,0.9285714285714286,0.4040404040404041,0.06060606060606061,0.4108811327488475,0.5891188672511524,0.021979537334624974,0.9780204626653755
29,14.548494983277592,0.95,0.9285714285714286,0.4040404040404041,0.06060606060606061,0.34828815771481386,0.6517118422851861,0.02095870993984134,0.979041290060159
30,15.050167224080267,0.95,0.9285714285714286,0.4040404040404041,0.06060606060606061,0.29738169177687507,0.702618308223125,0.020174130381753794,0.9798258696182467
31,15.551839464882944,0.95,0.9285714285714286,0.4040404040404041,0.06060606060606061,0.2578728679749451,0.7421271320250551,0.019566315450670474,0.98043368454933
32,16.05351170568562,0.95,0.9285714285714286,0.4040404040404041,0.06060606060606061,0.2283094128263126,0.7716905871736874,0.019087779010999166,0.9809122209890014
33,16.555183946488295,0.95,0.9285714285714286,0.4040404040404041,0.06060606060606061,0.20678633031302932,0.7932136696869707,0.018702136618510196,0.9812978633814906
34,17.05685618729097,0.95,0.9285714285714286,0.4040404040404041,0.06060606060606061,0.19142694032408275,0.8085730596759172,0.018382397457763877,0.9816176025422371
35,17.558528428093645,0.95,0.9285714285714286,0.4040404040404041,0.06060606060606061,0.18062069895702945,0.8193793010429705,0.018109032689933278,0.9818909673100679
36,18.06020066889632,0.95,0.9285714285714286,0.4040404040404041,0.06060606060606061,0.17309241126562783,0.826907588734372,0.01786817849729124,0.9821318215027101
37,18.561872909698998,0.95,0.9285714285714286,0.4040404040404041,0.06060606060606061,0.1678824475622388,0.8321175524377611,0.017650132338288337,0.9823498676617132
38,19.06354515050167,0.95,0.9285714285714286,0.4040404040404041,0.06060606060606061,0.16429210039885125,0.8357078996011487,0.017448174579730316,0.9825518254202713
39,19.565217391304348,0.95,0.9285714285714286,0.4040404040404041,0.06060606060606061,0.16182375968494211,0.8381762403150578,0.017257686425127157,0.9827423135748746
40,20.066889632107024,0.95,0.9285714285714286,0.4040404040404041,0.06060606060606061,0.16012823193672,0.8398717680632799,0.017075509315582896,0.9829244906844191
41,20.568561872909697,0.95,0.9285714285714286,0.4040404040404041,0.06060606060606061,0.15896290999357082,0.841037090006429,0.01689949016966161,0.9831005098303407
42,21.070234113712374,0.95,0.9285714285714286,0.4040404040404041,0.06060606060606061,0.1581603723112381,0.8418396276887617,0.016728163789237693,0.983271836210765
43,21.57190635451505,0.95,0.9285714285714286,0.4040404040404041,0.06060606060606061,0.15760562046612556,0.8423943795338743,0.016560533269770833,0.9834394667302322
44,22.073578595317727,0.95,0.9285714285714286,0.4040404040404041,0.06060606060606061,0.15721991272078176,0.8427800872792183,0.016395919536404593,0.9836040804635988
45,22.5752508361204,0.95,0.9285714285714286,0.4040404040404041,0.06060606060606061,0.15694944867796956,0.8430505513220304,0.016233858722520308,0.9837661412774836
46,23.076923076923077,0.95,0.9285714285714286,0.4040404040404041,0.06060606060606061,0.1567575254048171,0.8432424745951829,0.016074032493243864,0.9839259675067608
47,23.578595317725753,0.95,0.9285714285714286,0.4040404040404041,0.06060606060606061,0.15661912865223312,0.8433808713477668,0.015916220810050802,0.9840837791899545
48,24.080267558528426,0.95,0.9285714285714286,0.4040404040404041,0.06060606060606061,0.1565172240317131,0.8434827759682869,0.015760270019657,0.9842397299803489
49,24.581939799331103,0.95,0.9285714285714286,0.4040404040404041,0.06060606060606061,0.15644021709530326,0.8435597829046967,0.015606071282157264,0.9843939287178496
50,25.08361204013378,0.95,0.9285714285714286,0.4040404040404041,0.06060606060606061,0.1563802176509325,0.8436197823490675,0.015453546010926753,0.984546453989081
51,25.585284280936456,0.95,0.9285714285714286,0.4040404040404041,0.06060606060606061,0.15633185687731077,0.8436681431226892,0.01530263605343842,0.9846973639465704
52,26.08695652173913,0.95,0.9285714285714286,0.4040404040404041,0.06060606060606061,0.15629148571545726,0.8437085142845429,0.015153297114670042,0.9848467028853399
53,26.588628762541806,0.95,0.9285714285714286,0.4040404040404041,0.06060606060606061,0.15625662166080395,0.8437433783391961,0.015005494266064652,0.9849945057339468
54,27.090301003344482,0.95,0.9285714285714286,0.4040404040404041,0.06060606060606061,0.15622557392200787,0.8437744260779922,0.014859198928769437,0.9851408010712436
55,27.59197324414716,0.95,0.9285714285714286,0.4040404040404041,0.06060606060606061,0.15619719563821408,0.8438028043617859,0.014714386900773474,0.9852856130992413
56,28.093645484949832,0.95,0.9285714285714286,0.4040404040404041,0.06060606060606061,0.1561707055024896,0.8438292944975105,0.014571036951044905,0.9854289630489719
57,28.59531772575251,0.95,0.9285714285714286,0.4040404040404041,0.06060606060606061,0.15614557098969184,0.8438544290103083,0.014429129907410155,0.985570870092609
58,29.096989966555185,0.95,0.9285714285714286,0.4040404040404041,0.06060606060606061,0.1561214304745418,0.8438785695254584,0.014288648051912944,0.9857113519481089
59,29.598662207357858,0.95,0.9285714285714286,0.4040404040404041,0.06060606060606061,0.15609803623288523,0.8439019637671149,0.014149574684168567,0.9858504253158562
60,30.100334448160535,0.95,0.9285714285714286,0.4040404040404041,0.06060606060606061,0.156075219097603,0.8439247809023972,0.014011893849907205,0.9859881061501209
61,30.60200668896321,0.95,0.9285714285714286,0.4040404040404041,0.06060606060606061,0.15605286645892621,0.843947133541074,0.013875590175581116,0.9861244098244509
62,31.103678929765888,0.95,0.9285714285714286,0.4040404040404041,0.06060606060606061,0.15603089855598373,0.8439691014440165,0.013740648690620453,0.986259351309416
63,31.60535117056856,0.95,0.9285714285714286,0.4040404040404041,0.06060606060606061,0.15600925912382643,0.8439907408761738,0.013607054756542657,0.9863929452434989
64,32.10702341137124,0.95,0.9285714285714286,0.4040404040404041,0.06060606060606061,0.1559879113253356,0.8440120886746646,0.013474794039704285,0.986525205960343
65,32.608695652173914,0.95,0.9285714285714286,0.4040404040404041,0.06060606060606061,0.1559668292380136,0.8440331707619867,0.013343852436421657,0.9866561475636323
66,33.11036789297659,0.95,0.9285714285714286,0.4040404040404041,0.06060606060606061,0.15594599385554253,0.8440540061444577,0.013214216053217237,0.9867857839468441
67,33.61204013377927,0.95,0.9285714285714286,0.4040404040404041,0.06060606060606061,0.15592539046970996,0.8440746095302902,0.013085871160046402,0.9869141288400236
68,34.11371237458194,0.95,0.9285714285714286,0.4040404040404041,0.06060606060606061,0.1559050095391888,0.8440949904608115,0.012958801887154245,0.9870411981129256
69,34.61538461538461,0.95,0.9285714285714286,0.4040404040404041,0.06060606060606061,0.1558848478239862,0.8441151521760141,0.012833001972930847,0.9871669980271601
70,35.11705685618729,0.95,0.9285714285714286,0.4040404040404041,0.06060606060606061,0.1558648951129542,0.8441351048870461,0.012708448532600463,0.9872915514675032
71,35.618729096989966,0.95,0.9285714285714286,0.4040404040404041,0.06060606060606061,0.1558451493002583,0.844154850699742,0.012585134248396024,0.9874148657517222
72,36.12040133779264,0.95,0.9285714285714286,0.4040404040404041,0.06060606060606061,0.15582560757931652,0.8441743924206838,0.012463051466946396,0.9875369485331883
73,36.62207357859532,0.95,0.9285714285714286,0.4040404040404041,0.06060606060606061,0.15580626164113015,0.8441937383588702,0.012342168277872774,0.987657831722281
74,37.123745819397996,0.95,0.9285714285714286,0.4040404040404041,0.06060606060606061,0.15578711397632963,0.8442128860236707,0.012222493971930395,0.9877775060282451
75,37.625418060200666,0.95,0.9285714285714286,0.4040404040404041,0.06060606060606061,0.15576816095939314,0.8442318390406073,0.012104011443744813,0.9878959885564552
76,38.12709030100334,0.95,0.9285714285714286,0.4040404040404041,0.06060606060606061,0.1557493991112406,0.8442506008887597,0.011986705283757712,0.9880132947164705
77,38.62876254180602,0.95,0.9285714285714286,0.4040404040404041,0.06060606060606061,0.15573082499014834,0.844269175009852,0.011870560515001601,0.9881294394852586
78,39.130434782608695,0.95,0.9285714285714286,0.4040404040404041,0.06060606060606061,0.1557124360143923,0.8442875639856081,0.011755564212008695,0.988244435788288
79,39.63210702341137,0.95,0.9285714285714286,0.4040404040404041,0.06060606060606061,0.15569423122756676,0.8443057687724337,0.011641707326451783,0.9883582926738868
80,40.13377926421405,0.95,0.9285714285714286,0.4040404040404041,0.06060606060606061,0.15567620850974845,0.8443237914902519,0.011528978034472778,0.9884710219659135
81,40.635451505016725,0.95,0.9285714285714286,0.4040404040404041,0.06060606060606061,0.1556583656980956,0.8443416343019048,0.011417364399531013,0.9885826356009094
82,41.137123745819395,0.95,0.9285714285714286,0.4040404040404041,0.06060606060606061,0.1556407024900339,0.8443592975099665,0.011306855091284478,0.988693144909218
83,41.63879598662207,0.95,0.9285714285714286,0.4040404040404041,0.06060606060606061,0.15562321926451872,0.8443767807354817,0.011197439001478805,0.9888025609990946
84,42.14046822742475,0.95,0.9285714285714286,0.4040404040404041,0.06060606060606061,0.15560591536257354,0.8443940846374268,0.01108910468363248,0.9889108953170219
85,42.642140468227424,0.95,0.9285714285714286,0.4040404040404041,0.06060606060606061,0.15558878963690895,0.8444112103630915,0.010981840714930562,0.9890181592858158
86,43.1438127090301,0.95,0.9285714285714286,0.4040404040404041,0.06060606060606061,0.15557183098009328,0.8444281690199071,0.01087563619736037,0.9891243638034909
87,43.64548494983278,0.95,0.9285714285714286,0.4040404040404041,0.06060606060606061,0.1555550385966698,0.8444449614033306,0.010770480388122302,0.9892295196128487
88,44.147157190635454,0.95,0.9285714285714286,0.4040404040404041,0.06060606060606061,0.15553841446185812,0.8444615855381422,0.010666362393500814,0.9893336376076067
89,44.64882943143812,0.95,0.9285714285714286,0.4040404040404041,0.06060606060606061,0.15552195605085467,0.8444780439491457,0.010563270966774913,0.9894367290344886
90,45.1505016722408,0.95,0.9285714285714286,0.4040404040404041,0.06060606060606061,0.1555056614821512,0.8444943385178493,0.010461195315746005,0.9895388046856959
91,45.65217391304348,0.95,0.9285714285714286,0.4040404040404041,0.06060606060606061,0.15548952932344096,0.8445104706765595,0.010360125584551043,0.9896398744170946
92,46.15384615384615,0.95,0.9285714285714286,0.4040404040404041,0.06060606060606061,0.15547355832102733,0.8445264416789731,0.01026005362247173,0.9897399463794057
93,46.65551839464883,0.95,0.9285714285714286,0.4040404040404041,0.06060606060606061,0.15545774619774055,0.8445422538022599,0.010160965650553593,0.9898390343515893
94,47.15719063545151,0.95,0.9285714285714286,0.4040404040404041,0.06060606060606061,0.15544209241611226,0.8445579075838882,0.010062858346720084,0.9899371416557253
95,47.65886287625418,0.95,0.9285714285714286,0.4040404040404041,0.06060606060606061,0.15542659493747435,0.844573405062526,0.009965719313397244,0.990034280689395
96,48.16053511705685,0.95,0.9285714285714286,0.4040404040404041,0.06060606060606061,0.15541125188052182,0.8445887481194786,0.00986953713337449,0.9901304628698144
97,48.66220735785953,0.95,0.9285714285714286,0.4040404040404041,0.06060606060606061,0.15539606136394962,0.8446039386360508,0.009774300389441238,0.9902256996141997
98,49.163879598662206,0.95,0.9285714285714286,0.4040404040404041,0.06060606060606061,0.15538102150645278,0.8446189784935476,0.00967999766438691,0.9903200023397672
99,49.66555183946488,0.95,0.9285714285714286,0.4040404040404041,0.06060606060606061,0.1553661307245579,0.8446338692754424,0.00958661940229839,0.9904133806024401
100,50.16722408026756,0.95,0.9285714285714286,0.4040404040404041,0.06060606060606061,0.15535138791249478,0.8446486120875055,0.009494159032665631,0.9905058409727454
101,50.668896321070235,0.95,0.9285714285714286,0.4040404040404041,0.06060606060606061,0.15533679151657107,0.8446632084834292,0.009402607185691686,0.9905973928204906
102,51.17056856187291,0.95,0.9285714285714286,0.4040404040404041,0.06060606060606061,0.15532233996734507,0.8446776600326552,0.00931195439315426,0.9906880456139082
103,51.67224080267559,0.95,0.9285714285714286,0.4040404040404041,0.06060606060606061,0.1553080316953751,0.8446919683046252,0.009222191186831066,0.9907778088212308
104,52.17391304347826,0.95,0.9285714285714286,0.4040404040404041,0.06060606060606061,0.15529386515582624,0.8447061348441741,0.009133308236703212,0.9908666917724902
105,52.675585284280935,0.95,0.9285714285714286,0.4040404040404041,0.06060606060606061,0.15527983901286666,0.8447201609871337,0.009045297386615735,0.9909547026238775
106,53.17725752508361,0.95,0.9285714285714286,0.4040404040404041,0.06060606060606061,0.15526595183168884,0.8447340481683115,0.008958149924517544,0.9910418500874691
107,53.67892976588629,0.95,0.9285714285714286,0.4040404040404041,0.06060606060606061,0.155252202138313,0.8447477978616873,0.008871856918346967,0.9911281430953475
108,54.180602006688964,0.95,0.9285714285714286,0.4040404040404041,0.06060606060606061,0.15523858845875937,0.844761411541241,0.008786409436042338,0.9912135905795951
109,54.68227424749164,0.95,0.9285714285714286,0.4040404040404041,0.06060606060606061,0.15522510931938777,0.8447748906806126,0.008701798547219478,0.9912982014706171
110,55.18394648829432,0.95,0.9285714285714286,0.4040404040404041,0.06060606060606061,0.15521176341519105,0.8447882365848093,0.008618016154357228,0.9913819838659917
111,55.68561872909699,0.95,0.9285714285714286,0.4040404040404041,0.06060606060606061,0.15519854948247358,0.8448014505175268,0.008535054363968285,0.9914649456592723
112,56.187290969899664,0.95,0.9285714285714286,0.4040404040404041,0.06060606060606061,0.15518546614879974,0.8448145338512006,0.008452904745508309,0.9915470952810459
113,56.68896321070234,0.95,0.9285714285714286,0.4040404040404041,0.06060606060606061,0.15517251204173385,0.8448274879582665,0.00837155886843296,0.9916284411618994
114,57.19063545150502,0.95,0.9285714285714286,0.4040404040404041,0.06060606060606061,0.15515968578884035,0.84484031421116,0.008291008302197901,0.9917089917324199
115,57.69230769230769,0.95,0.9285714285714286,0.4040404040404041,0.06060606060606061,0.15514698609685615,0.8448530139031443,0.008211244902963065,0.9917887551365165
116,58.19397993311037,0.95,0.9285714285714286,0.4040404040404041,0.06060606060606061,0.1551344119080796,0.8448655880919208,0.00813226137991568,0.9918677386651502
117,58.69565217391305,0.95,0.9285714285714286,0.4040404040404041,0.06060606060606061,0.15512196200095574,0.8448780379990447,0.008054049848888679,0.991945950202581
118,59.197324414715716,0.95,0.9285714285714286,0.4040404040404041,0.06060606060606061,0.15510963513759038,0.8448903648624101,0.007976602366546664,0.9920233976922322
119,59.69899665551839,0.95,0.9285714285714286,0.4040404040404041,0.06060606060606061,0.15509743008008944,0.844902569919911,0.007899910989554232,0.992100089077527
120,60.20066889632107,0.95,0.9285714285714286,0.4040404040404041,0.06060606060606061,0.1550853456374831,0.8449146543625173,0.007823968207370344,0.9921760318691792
121,60.702341137123746,0.95,0.9285714285714286,0.4040404040404041,0.06060606060606061,0.15507338066094842,0.8449266193390521,0.007748766898183839,0.99225123318925
122,61.20401337792642,0.95,0.9285714285714286,0.4040404040404041,0.06060606060606061,0.1550615339542579,0.8449384660457426,0.0076742995029608005,0.9923257005969367
123,61.7056856187291,0.95,0.9285714285714286,0.4040404040404041,0.06060606060606061,0.15504980432087076,0.8449501956791298,0.007600558459777347,0.9923994416543261
124,62.207357859531776,0.95,0.9285714285714286,0.4040404040404041,0.06060606060606061,0.1550381905624382,0.8449618094375623,0.007527536219297488,0.9924724639109221
125,62.709030100334445,0.95,0.9285714285714286,0.4040404040404041,0.06060606060606061,0.15502669138712294,0.8449733086128774,0.007455225883090274,0.9925447742655742
126,63.21070234113712,0.95,0.9285714285714286,0.4040404040404041,0.06060606060606061,0.1550153055058701,0.8449846944941304,0.007383620533352653,0.9926163796364964
127,63.7123745819398,0.95,0.9285714285714286,0.4040404040404041,0.06060606060606061,0.1550040316686224,0.844995968331378,0.00731271298076374,0.9926872872133162
128,64.21404682274247,0.95,0.9285714285714286,0.4040404040404041,0.06060606060606061,0.15499286862532266,0.8450071313746778,0.007242496036002646,0.9927575041856611
129,64.71571906354515,0.95,0.9285714285714286,0.4040404040404041,0.06060606060606061,0.15498179754800157,0.8450182024519989,0.007172869482683735,0.9928271307781505
130,65.21739130434783,0.95,0.9285714285714286,0.4040404040404041,0.06060606060606061,0.154970861799396,0.8450291382006044,0.007104063786119026,0.9928959365063549
131,65.7190635451505,0.95,0.9285714285714286,0.4040404040404041,0.06060606060606061,0.15496002863452546,0.8450399713654749,0.007035905636414227,0.9929640946949296
132,66.22073578595318,0.95,0.9285714285714286,0.4040404040404041,0.06060606060606061,0.15494929805338994,0.8450507019466105,0.006968395033569339,0.9930316053438748
133,66.72240802675586,0.95,0.9285714285714286,0.4040404040404041,0.06060606060606061,0.1549386700559895,0.845061329944011,0.006901531977584362,0.9930984684531905
134,67.22408026755853,0.95,0.9285714285714286,0.4040404040404041,0.06060606060606061,0.15492814407641067,0.8450718559235897,0.006835315671263446,0.9931646848204362
135,67.72575250836121,0.95,0.9285714285714286,0.4040404040404041,0.06060606060606061,0.15491771842808885,0.8450822815719116,0.006769742920916438,0.9932302576406021
136,68.22742474916387,0.95,0.9285714285714286,0.4040404040404041,0.06060606060606061,0.1549073950807193,0.8450926049192812,0.006704807422625775,0.9932951932187375
137,68.72909698996655,0.95,0.9285714285714286,0.4040404040404041,0.06060606060606061,0.15489717402169617,0.8451028259783043,0.006640502883874596,0.9933594978487337
138,69.23076923076923,0.95,0.9285714285714286,0.4040404040404041,0.06060606060606061,0.1548870540447243,0.8451129459552762,0.006576822436130162,0.993423178400966
139,69.7324414715719,0.95,0.9285714285714286,0.4040404040404041,0.06060606060606061,0.15487703345188028,0.8451229665481202,0.006513758531194571,0.9934862424259207
140,70.23411371237458,0.95,0.9285714285714286,0.4040404040404041,0.06060606060606061,0.15486711184504198,0.8451328881549586,0.006451309266699587,0.993548691826703
141,70.73578595317726,0.95,0.9285714285714286,0.4040404040404041,0.06060606060606061,0.15485728706640742,0.8451427129335932,0.006389464186341655,0.9936105370638326
142,71.23745819397993,0.95,0.9285714285714286,0.4040404040404041,0.06060606060606061,0.15484756025664106,0.8451524397433595,0.006328230314866882,0.9936717711083285
143,71.73913043478261,0.95,0.9285714285714286,0.4040404040404041,0.06060606060606061,0.15483792539260952,0.845162074607391,0.006267572572861892,0.9937324290592664
144,72.24080267558529,0.95,0.9285714285714286,0.4040404040404041,0.06060606060606061,0.15482838575075644,0.845171614249244,0.006207510042707001,0.9937924918235701
145,72.74247491638796,0.95,0.9285714285714286,0.4040404040404041,0.06060606060606061,0.15481894010296982,0.8451810598970306,0.0061480354188605925,0.9938519667125766
146,73.24414715719064,0.95,0.9285714285714286,0.4040404040404041,0.06060606060606061,0.15480958703097786,0.8451904129690226,0.006089140147576764,0.9939108622880916
147,73.74581939799332,0.95,0.9285714285714286,0.4040404040404041,0.06060606060606061,0.15480032534927582,0.8451996746507247,0.006030817202987471,0.9939691855812708
148,74.24749163879599,0.95,0.9285714285714286,0.4040404040404041,0.06060606060606061,0.1547911538745573,0.8452088461254432,0.005973059573654503,0.9940269436088144
149,74.74916387959867,0.95,0.9285714285714286,0.4040404040404041,0.06060606060606061,0.15478207142351583,0.8452179285764846,0.005915860248139645,0.994084143387422
150,75.25083612040133,0.95,0.9285714285714286,0.4040404040404041,0.06060606060606061,0.15477307683186653,0.8452269231681339,0.005859212323544736,0.9941407918255846
151,75.75250836120401,0.95,0.9285714285714286,0.4040404040404041,0.06060606060606061,0.15476416951117897,0.8452358304888214,0.005803112182896114,0.9941968925558862
152,76.25418060200668,0.95,0.9285714285714286,0.4040404040404041,0.06060606060606061,0.15475534875970604,0.8452446512402945,0.0057475555626159665,0.9942524498555437
153,76.75585284280936,0.95,0.9285714285714286,0.4040404040404041,0.06060606060606061,0.15474661366390446,0.8452533863360959,0.005692536990581214,0.9943074692066349
154,77.25752508361204,0.95,0.9285714285714286,0.4040404040404041,0.06060606060606061,0.15473796331023107,0.8452620366897694,0.005638050994668779,0.9943619560912376
155,77.75919732441471,0.95,0.9285714285714286,0.4040404040404041,0.06060606060606061,0.1547293967851426,0.8452706032148578,0.005584092102755581,0.9944159159914293
156,78.26086956521739,0.95,0.9285714285714286,0.4040404040404041,0.06060606060606061,0.15472091379248634,0.845279086207514,0.0055306549224342,0.9944693543125686
157,78.76254180602007,0.95,0.9285714285714286,0.4040404040404041,0.06060606060606061,0.15471251844668135,0.8452874815533191,0.005477734635921219,0.9945222759069712
158,79.26421404682274,0.95,0.9285714285714286,0.4040404040404041,0.06060606060606061,0.15470420852575856,0.8452957914742418,0.0054253262546494945,0.9945746857890455
159,79.76588628762542,0.95,0.9285714285714286,0.4040404040404041,0.06060606060606061,0.15469597756857695,0.8453040224314234,0.005373424645919372,0.9946265891114644
160,80.2675585284281,0.95,0.9285714285714286,0.4040404040404041,0.06060606060606061,0.15468782450869495,0.8453121754913056,0.005322023582483341,0.9946779921413051
161,80.76923076923077,0.95,0.9285714285714286,0.4040404040404041,0.06060606060606061,0.15467974920405228,0.8453202507959482,0.00527112180405319,0.9947288961471098
162,81.27090301003345,0.95,0.9285714285714286,0.4040404040404041,0.06060606060606061,0.15467175279689505,0.8453282472031054,0.005220709927863237,0.9947793105854664
163,81.77257525083613,0.95,0.9285714285714286,0.4040404040404041,0.06060606060606061,0.15466383420613095,0.8453361657938696,0.005170785237371453,0.9948292382023975
164,82.27424749163879,0.95,0.9285714285714286,0.4040404040404041,0.06060606060606061,0.15465599229343205,0.8453440077065685,0.005121342494940212,0.9948786842933871
165,82.77591973244147,0.95,0.9285714285714286,0.4040404040404041,0.06060606060606061,0.15464822638267256,0.8453517736173278,0.0050723776120996196,0.9949276529993633
166,83.27759197324414,0.95,0.9285714285714286,0.4040404040404041,0.06060606060606061,0.1546405358095518,0.8453594641904486,0.005023885900730126,0.9949761490760406
167,83.77926421404682,0.95,0.9285714285714286,0.4040404040404041,0.06060606060606061,0.15463292006977222,0.8453670799302282,0.004975864059996206,0.9950241759011224
168,84.2809364548495,0.95,0.9285714285714286,0.4040404040404041,0.06060606060606061,0.15462537832954323,0.8453746216704572,0.00492830635240312,0.9950717393114736
169,84.78260869565217,0.95,0.9285714285714286,0.4040404040404041,0.06060606060606061,0.15461790979300782,0.8453820902069926,0.004881207268484361,0.9951188449081431
170,85.28428093645485,0.95,0.9285714285714286,0.4040404040404041,0.06060606060606061,0.15461051368105264,0.8453894863189478,0.004834561468037355,0.9951654981304736
171,85.78595317725753,0.95,0.9285714285714286,0.4040404040404041,0.06060606060606061,0.15460318939594173,0.8453968106040587,0.004788365444441118,0.9952117026661057
172,86.2876254180602,0.95,0.9285714285714286,0.4040404040404041,0.06060606060606061,0.15459593628110457,0.8454040637188959,0.0047426150963030935,0.9952574627708918
173,86.78929765886288,0.95,0.9285714285714286,0.4040404040404041,0.06060606060606061,0.1545887536444557,0.8454112463555448,0.004697305963203044,0.9953027830436794
174,87.29096989966555,0.95,0.9285714285714286,0.4040404040404041,0.06060606060606061,0.15458164078715558,0.8454183592128448,0.004652433606321883,0.995347668073423
175,87.79264214046823,0.95,0.9285714285714286,0.4040404040404041,0.06060606060606061,0.15457459691359715,0.8454254030864032,0.004607993896332091,0.9953921223073342
176,88.29431438127091,0.95,0.9285714285714286,0.4040404040404041,0.06060606060606061,0.15456762125311707,0.8454323787468834,0.00456398262412825,0.9954361502291615
177,88.79598662207358,0.95,0.9285714285714286,0.4040404040404041,0.06060606060606061,0.15456071305744318,0.8454392869425572,0.004520395508991806,0.9954797563554519
178,89.29765886287625,0.95,0.9285714285714286,0.4040404040404041,0.06060606060606061,0.15455386518965772,0.8454461348103427,0.004477191661425821,0.9955229854502514
179,89.79933110367892,0.95,0.9285714285714286,0.4040404040404041,0.06060606060606061,0.15454709359726299,0.8454529064027375,0.004434462458332733,0.9955657372380752
180,90.3010033444816,0.95,0.9285714285714286,0.4040404040404041,0.06060606060606061,0.1545403853444852,0.8454596146555152,0.004392133771997096,0.9956080932681723
181,90.80267558528428,0.95,0.9285714285714286,0.4040404040404041,0.06060606060606061,0.15453374043132434,0.8454662595686762,0.00435020560241891,0.9956500535405427
182,91.30434782608695,0.95,0.9285714285714286,0.4040404040404041,0.06060606060606061,0.1545271588689487,0.8454728411310517,0.0043086778872400205,0.9956916181418082
183,91.80602006688963,0.95,0.9285714285714286,0.4040404040404041,0.06060606060606061,0.15452064093854506,0.8454793590614553,0.004267549056453877,0.9957327892528686
184,92.3076923076923,0.95,0.9285714285714286,0.4040404040404041,0.06060606060606061,0.15451418637704661,0.8454858136229538,0.004226816234216695,0.9957735704419888
185,92.80936454849498,0.95,0.9285714285714286,0.4040404040404041,0.06060606060606061,0.15450779452893793,0.8454922054710625,0.0041864757681458545,0.9958139661187777
186,93.31103678929766,0.95,0.9285714285714286,0.4040404040404041,0.06060606060606061,0.15450146456109287,0.8454985354389075,0.004146523318243467,0.995853981741657
187,93.81270903010034,0.95,0.9285714285714286,0.4040404040404041,0.06060606060606061,0.15449519611266815,0.8455048038873322,0.004106956617378918,0.9958936205078296
188,94.31438127090301,0.95,0.9285714285714286,0.4040404040404041,0.06060606060606061,0.15448898833744198,0.8455110116625584,0.004067770960889964,0.9959328886001383
189,94.81605351170569,0.95,0.9285714285714286,0.4040404040404041,0.06060606060606061,0.15448284041681612,0.8455171595831843,0.00402896187186276,0.995971791840234
190,95.31772575250837,0.95,0.9285714285714286,0.4040404040404041,0.06060606060606061,0.15447675165035052,0.8455232483496499,0.003990525310536435,0.9960103359121627
191,95.81939799331104,0.95,0.9285714285714286,0.4040404040404041,0.06060606060606061,0.15447072165232856,0.8455292783476718,0.003952458401539914,0.9960485261334507
192,96.3210702341137,0.95,0.9285714285714286,0.4040404040404041,0.06060606060606061,0.1544647498439297,0.8455352501560707,0.003914757555070565,0.9960863680465087
193,96.82274247491638,0.95,0.9285714285714286,0.4040404040404041,0.06060606060606061,0.15445883563197085,0.8455411643680294,0.0038774191259947736,0.9961238672222124
194,97.32441471571906,0.95,0.9285714285714286,0.4040404040404041,0.06060606060606061,0.15445297854357984,0.8455470214564205,0.003840439640553493,0.9961610305559948
195,97.82608695652173,0.95,0.9285714285714286,0.4040404040404041,0.06060606060606061,0.15444717813426415,0.8455528218657362,0.0038038156654126064,0.996197865255735
196,98.32775919732441,0.95,0.9285714285714286,0.4040404040404041,0.06060606060606061,0.15444143390325568,0.8455585660967446,0.0037675436870772527,0.9962343779097469
197,98.82943143812709,0.95,0.9285714285714286,0.4040404040404041,0.06060606060606061,0.15443574534190188,0.8455642546580985,0.0037316202234205557,0.9962705755384206
198,99.33110367892976,0.95,0.9285714285714286,0.4040404040404041,0.06060606060606061,0.15443011188884154,0.8455698881111587,0.003696042002014076,0.9963064680506166
199,99.83277591973244,0.95,0.9285714285714286,0.4040404040404041,0.06060606060606061,0.15442453300369682,0.8455754669963035,0.003660805666948193,0.996342064205292
200,100.33444816053512,0.95,0.9285714285714286,0.4040404040404041,0.06060606060606061,0.15441900815294685,0.8455809918470535,0.003625907835033081,0.9963773723856355
201,100.8361204013378,0.95,0.9285714285714286,0.4040404040404041,0.06060606060606061,0.1544135367328326,0.8455864632671677,0.003591345226906928,0.9964124033637016
202,101.33779264214047,0.95,0.9285714285714286,0.4040404040404041,0.06060606060606061,0.15440811804918678,0.8455918819508135,0.0035571146968516568,0.9964471709864088
203,101.83946488294315,0.95,0.9285714285714286,0.4040404040404041,0.06060606060606061,0.1544027514797274,0.845597248520273,0.0035232129928865416,0.9964816866557932
204,102.34113712374582,0.95,0.9285714285714286,0.4040404040404041,0.06060606060606061,0.15439743641086653,0.8456025635891339,0.0034896368767916176,0.9965159623173628
205,102.8428093645485,0.95,0.9285714285714286,0.4040404040404041,0.06060606060606061,0.15439217232686156,0.8456078276731389,0.0034563833059013125,0.996550017315967
206,103.34448160535118,0.95,0.9285714285714286,0.4040404040404041,0.06060606060606061,0.15438695868903202,0.8456130413109684,0.0034234491917063585,0.9965838692618323
207,103.84615384615384,0.95,0.9285714285714286,0.4040404040404041,0.06060606060606061,0.15438179493883575,0.8456182050611647,0.00339083140600168,0.9966175342631841
208,104.34782608695652,0.95,0.9285714285714286,0.4040404040404041,0.06060606060606061,0.15437668064726195,0.8456233193527384,0.0033585269126197993,0.9966510339406666
209,104.84949832775919,0.95,0.9285714285714286,0.4040404040404041,0.06060606060606061,0.1543716155922552,0.8456283844077452,0.0033265328224438948,0.9966843987222456
210,105.35117056856187,0.95,0.9285714285714286,0.4040404040404041,0.06060606060606061,0.15436659940019926,0.8456334005998011,0.0032948461386667145,0.9967176525859713
211,105.85284280936455,0.95,0.9285714285714286,0.4040404040404041,0.06060606060606061,0.1543616316964504,0.8456383683035501,0.003263463874081595,0.9967508204901715
212,106.35451505016722,0.95,0.9285714285714286,0.4040404040404041,0.06060606060606061,0.1543567121563968,0.8456432878436037,0.0032323832474762952,0.9967839464172643
213,106.8561872909699,0.95,0.9285714285714286,0.4040404040404041,0.06060606060606061,0.1543518404467601,0.8456481595532404,0.003201601441955788,0.9968170710542752
214,107.35785953177258,0.95,0.9285714285714286,0.4040404040404041,0.06060606060606061,0.15434701622252803,0.8456529837774724,0.0031711155923138364,0.9968502306265705
215,107.85953177257525,0.95,0.9285714285714286,0.4040404040404041,0.06060606060606061,0.1543422389976225,0.845657761002378,0.003140922913407968,0.996883472139677
216,108.36120401337793,0.95,0.9285714285714286,0.4040404040404041,0.06060606060606061,0.15433750798424056,0.8456624920157599,0.003111020791343582,0.9969168656567362
217,108.8628762541806,0.95,0.9285714285714286,0.4040404040404041,0.06060606060606061,0.15433282255940853,0.845667177440592,0.003081406518675412,0.9969504686448042
218,109.36454849498328,0.95,0.9285714285714286,0.4040404040404041,0.06060606060606061,0.15432818213891072,0.8456718178610898,0.003052077489051724,0.9969843577427672
219,109.86622073578596,0.95,0.9285714285714286,0.4040404040404041,0.06060606060606061,0.15432358616223021,0.8456764138377704,0.003023031176540524,0.9970186246577932
220,110.36789297658864,0.95,0.9285714285714286,0.4040404040404041,0.06060606060606061,0.15431903406073127,0.8456809659392692,0.0029942649950398617,0.9970533500029437
221,110.8695652173913,0.95,0.9285714285714286,0.4040404040404041,0.06060606060606061,0.15431452567934306,0.8456854743206574,0.0029657765179976893,0.9970886511486511
222,111.37123745819397,0.95,0.9285714285714286,0.4040404040404041,0.06060606060606061,0.1543100609518489,0.8456899390481516,0.0029375633531411043,0.9971246533626359
223,111.87290969899665,0.95,0.9285714285714286,0.4040404040404041,0.06060606060606061,0.15430563964626456,0.845694360353736,0.0029096231489494713,0.9971614957218422
224,112.37458193979933,0.95,0.9285714285714286,0.4040404040404041,0.06060606060606061,0.15430126145558565,0.8456987385444149,0.0028819536677049066,0.9971993495480341
225,112.876254180602,0.95,0.9285714285714286,0.4040404040404041,0.06060606060606061,0.15429692604967007,0.8457030739503305,0.002854552655918516,0.9972383834966557
226,113.37792642140468,0.95,0.9285714285714286,0.4040404040404041,0.06060606060606061,0.15429263282171474,0.8457073671782859,0.0028274180562978227,0.9972788297311046
227,113.87959866220736,0.95,0.9285714285714286,0.4040404040404041,0.06060606060606061,0.15428838125715758,0.8457116187428431,0.002800547762385327,0.9973209049695778
228,114.38127090301003,0.95,0.9285714285714286,0.4040404040404041,0.06060606060606061,0.15428417095988492,0.8457158290401158,0.0027739398630289096,0.9973648970689768
229,114.88294314381271,0.95,0.9285714285714286,0.4040404040404041,0.06060606060606061,0.1542800015798876,0.845719998420113,0.002747592499983874,0.9974111140911417
230,115.38461538461539,0.95,0.9285714285714286,0.4040404040404041,0.06060606060606061,0.15427587298393264,0.845724127016068,0.0027215039720269426,0.9974599282560571
231,115.88628762541806,0.95,0.9285714285714286,0.4040404040404041,0.06060606060606061,0.154271784989433,0.8457282150105676,0.002695672625519605,0.9975117326500833
232,116.38795986622074,0.95,0.9285714285714286,0.4040404040404041,0.06060606060606061,0.15426773731650648,0.8457322626834941,0.0026700970198875055,0.9975670117255484
233,116.88963210702342,0.95,0.9285714285714286,0.4040404040404041,0.06060606060606061,0.15426372967693994,0.8457362703230608,0.00264477577980941,0.9976262809422968
234,117.3913043478261,0.95,0.9285714285714286,0.4040404040404041,0.06060606060606061,0.15425976174320097,0.8457402382567997,0.0026197077637762326,0.9976901621107008
235,117.89297658862876,0.95,0.9285714285714286,0.4040404040404041,0.06060606060606061,0.15425583331234635,0.8457441666876543,0.002594892006863215,0.9977593625884383
236,118.39464882943143,0.95,0.9285714285714286,0.4040404040404041,0.06060606060606061,0.15425194421579724,0.8457480557842035,0.0025703277130189025,0.9978346726223344
237,118.89632107023411,0.95,0.9285714285714286,0.4040404040404041,0.06060606060606061,0.1542480943141496,0.8457519056858511,0.002546014350460146,0.9979170139575999
238,119.39799331103679,0.95,0.9285714285714286,0.4040404040404041,0.06060606060606061,0.15424428346939434,0.8457557165306063,0.0025219516138721425,0.9980074250842838
239,119.89966555183946,0.95,0.9285714285714286,0.4040404040404041,0.06060606060606061,0.15424051156936325,0.8457594884306374,0.002498139464623044,0.9981070836393089
240,120.40133779264214,0.95,0.9285714285714286,0.4040404040404041,0.06060606060606061,0.15423677855549425,0.8457632214445063,0.0024745782588199224,0.998217376510489
241,120.90301003344482,0.95,0.9285714285714286,0.4040404040404041,0.06060606060606061,0.15423308441571168,0.845766915584289,0.002451268697109095,0.9983398783074743
242,121.40468227424749,0.95,0.9285714285714286,0.4040404040404041,0.06060606060606061,0.15422942919211477,0.8457705708078859,0.0024282118809121076,0.9984763834762219
243,121.90635451505017,0.95,0.9285714285714286,0.4040404040404041,0.06060606060606061,0.15422581297718127,0.8457741870228194,0.002405409375248582,0.9986289495135222
244,122.40802675585284,0.95,0.9285714285714286,0.4040404040404041,0.06060606060606061,0.15422223592056772,0.845777764079433,0.00238286324844942,0.9987999187454959
245,122.90969899665552,0.95,0.9285714285714286,0.4040404040404041,0.06060606060606061,0.15421869823853532,0.8457813017614654,0.002360576186745787,0.998991989921383
246,123.4113712374582,0.95,0.9285714285714286,0.4040404040404041,0.06060606060606061,0.15421520023279173,0.845784799767209,0.00233855156344652,0.9992082650975566
247,123.91304347826087,0.95,0.9285714285714286,0.4040404040404041,0.06060606060606061,0.15421174229137996,0.8457882577086208,0.0023167934653745377,0.999452266405409
248,124.41471571906355,0.95,0.9285714285714286,0.4040404040404041,0.06060606060606061,0.1542083249097247,0.845791675090276,0.0022953068945033538,0.9997280678094465
249,124.91638795986621,0.95,0.9285714285714286,0.4040404040404041,0.06060606060606061,0.1542049486960514,0.8457950513039494,0.002274097813142262,1.0000403246112506
250,125.41806020066889,0.95,0.9285714285714286,0.4040404040404041,0.06060606060606061,0.154201614387263,0.8457983856127378,0.002253173332007889,1.000394397480128
251,125.91973244147157,0.95,0.9285714285714286,0.4040404040404041,0.06060606060606061,0.15419832287013585,0.8458016771298649,0.0022325418579162296,1.000796449931081
252,126.42140468227424,0.95,0.9285714285714286,0.4040404040404041,0.06060606060606061,0.1541950751990804,0.8458049248009204,0.00221221324728102,1.0012535550310138
253,126.92307692307692,0.95,0.9285714285714286,0.4040404040404041,0.06060606060606061,0.15419187262254483,0.845808127377456,0.0021921990332167984,1.0017738450354623
254,127.4247491638796,0.95,0.9285714285714286,0.4040404040404041,0.06060606060606061,0.15418871661651717,0.8458112833834837,0.0021725127055889524,1.0023667022299239
255,127.92642140468227,0.95,0.9285714285714286,0.4040404040404041,0.06060606060606061,0.15418560890938235,0.8458143910906184,0.0021531699693017213,1.0030429340814206
256,128.42809364548495,0.95,0.9285714285714286,0.4040404040404041,0.06060606060606061,0.15418255151948917,0.8458174484805117,0.002134189112415851,1.0038150246022157
257,128.9297658862876,0.95,0.9285714285714286,0.4040404040404041,0.06060606060606061,0.15417954680221946,0.8458204531977814,0.0021155914063266694,1.0046974099951265
258,129.4314381270903,0.95,0.9285714285714286,0.4040404040404041,0.06060606060606061,0.15417659749778884,0.845823402502212,0.0020974015494608176,1.005706783869265
259,129.93311036789297,0.95,0.9285714285714286,0.4040404040404041,0.06060606060606061,0.15417370680187806,0.8458262931981227,0.002079648281476011,1.006862521363697
260,130.43478260869566,0.95,0.9285714285714286,0.4040404040404041,0.06060606060606061,0.15417087844185096,0.8458291215581498,0.0020623650925878974,1.0081871704470529
261,130.93645484949832,0.95,0.9285714285714286,0.4040404040404041,0.06060606060606061,0.15416811674501077,0.84583188325499,0.002045590977482004,1.0097069744118818
262,131.438127090301,0.95,0.9285714285714286,0.4040404040404041,0.06060606060606061,0.15416542675591344,0.8458345732440874,0.0020293714887639766,1.0114526045189944
263,131.93979933110367,0.95,0.9285714285714286,0.4040404040404041,0.06060606060606061,0.15416281436034415,0.8458371856396566,0.00201375992204074,1.0134599837361637
264,132.44147157190636,0.95,0.9285714285714286,0.4040404040404041,0.06060606060606061,0.1541602864488003,0.8458397135512005,0.001998818878832957,1.015771373039729
265,132.94314381270902,0.95,0.9285714285714286,0.4040404040404041,0.06060606060606061,0.15415785109342894,0.8458421489065718,0.001984622124298544,1.0184366656891968
266,133.44481605351172,0.95,0.9285714285714286,0.4040404040404041,0.06060606060606061,0.15415551779037664,0.8458444822096242,0.0019712570206010895,1.0215150799464314
267,133.94648829431438,0.95,0.9285714285714286,0.4040404040404041,0.06060606060606061,0.15415329775110453,0.8458467022488962,0.0019588274484864123,1.0250771900661266
268,134.44816053511707,0.95,0.9285714285714286,0.4040404040404041,0.06060606060606061,0.15415120427735926,0.8458487957226415,0.0019474577600549971,1.0292076740272011
269,134.94983277591973,0.95,0.9285714285714286,0.4040404040404041,0.06060606060606061,0.15414925322696338,0.8458507467730373,0.001937297788037807,1.034008789641277
270,135.45150501672242,0.95,0.9285714285714286,0.4040404040404041,0.06060606060606061,0.15414746364882304,0.8458525363511776,0.0019285296896578113,1.0396051218747282
271,135.95317725752508,0.95,0.9285714285714286,0.4040404040404041,0.06060606060606061,0.1541458585776912,0.8458541414223095,0.0019213767753751701,1.0461496967538855
272,136.45484949832775,0.95,0.9285714285714286,0.4040404040404041,0.06060606060606061,0.1541444661185083,0.8458555338814924,0.0019161158899107674,1.0538325470517946
273,136.95652173913044,0.95,0.9285714285714286,0.4040404040404041,0.06060606060606061,0.15414332090798621,0.8458566790920145,0.0019130944548197686,1.062892485879247
274,137.4581939799331,0.95,0.9285714285714286,0.4040404040404041,0.06060606060606061,0.15414246615642696,0.8458575338435738,0.0019127549822619118,1.073634021947848
275,137.9598662207358,0.95,0.9285714285714286,0.4040404040404041,0.06060606060606061,0.15414195649782542,0.8458580435021752,0.0019156703911521232,1.0864516977556034
276,138.46153846153845,0.95,0.9285714285714286,0.4040404040404041,0.06060606060606061,0.15414186214753914,0.8458581378524616,0.001922597351497255,1.1018668074866442
277,138.96321070234114,0.95,0.9285714285714286,0.4040404040404041,0.06060606060606061,0.15414227509942607,0.8458577249005744,0.0019345588251997213,1.1205841453683252
278,139.4648829431438,0.95,0.9285714285714286,0.4040404040404041,0.06060606060606061,0.15414331863776348,0.845856681362237,0.0019529765238440187,1.1435829697576079
279,139.9665551839465,0.95,0.9285714285714286,0.4040404040404041,0.06060606060606061,0.15414516263754505,0.8458548373624554,0.0019798947374607837,1.1722705452479931
280,140.46822742474916,0.95,0.9285714285714286,0.4040404040404041,0.06060606060606061,0.15414804920666242,0.845851950793338,0.0020183778259026575,1.2087545190621019
281,140.96989966555185,0.95,0.9285714285714286,0.4040404040404041,0.06060606060606061,0.15415233845729406,0.8458476615427062,0.002073269601321654,1.2563627199760035
282,141.4715719063545,0.95,0.9285714285714286,0.4040404040404041,0.06060606060606061,0.15415859643757665,0.8458414035624235,0.0021527770591649874,1.3207260577186912
283,141.9732441471572,0.95,0.9285714285714286,0.4040404040404041,0.06060606060606061,0.15416778198441014,0.84583221801559,0.002272196849775173,1.4123237654242768
284,142.47491638795987,0.95,0.9285714285714286,0.4040404040404041,0.06060606060606061,0.15418170400450779,0.8458182959954924,0.0024643278018052278,1.5535873007812655
285,142.97658862876253,0.95,0.9285714285714286,0.4040404040404041,0.06060606060606061,0.15420441477810598,0.8457955852218946,0.0028176990045522647,1.8049501300473292
286,143.47826086956522,0.95,0.9285714285714286,0.4040404040404041,0.06060606060606061,0.15424861403871368,0.8457513859612873,0.003717267990295222,2.428644210362298
287,143.97993311036788,0.95,0.9285714285714286,0.4040404040404041,0.06060606060606061,0.1544475341138718,0.8455524658861286,87.98476874923128,59706.28005868738
288,144.48160535117057,0.95,0.9285714285714286,0.4040404040404041,0.06060606060606061,2.5814238573761997e-57,2.5814239143507647e-57,3.251934477882094e-86,2.526191639223084e-52
289,144.98327759197323,0.95,0.9285714285714286,0.4040404040404041,0.06060606060606061,1.5187162958629215e-47,5.349660604620351e-38,1.2564754755345605e-71,2.9077692014471542e-33
290,145.48494983277592,0.95,0.9285714285714286,0.4040404040404041,0.06060606060606061,9.72821376304628e-72,3.436320073031239e+179,1.3973698826517276e-76,1.6901306254994766e-52
291,145.9866220735786,0.95,0.9285714285714286,0.4040404040404041,0.06060606060606061,1.2156726991447695e-67,2.4074344653356626e-57,8.1576932215588e-43,1.575896236316701e-52
292,146.48829431438128,0.95,0.9285714285714286,0.4040404040404041,0.06060606060606061,2.404626830144458e-57,2.5814239143507647e-57,8.054290706461421e-96,2.5814239143498954e-57
293,146.98996655518394,0.95,0.9285714285714286,0.4040404040404041,0.06060606060606061,2.5814239143507647e-57,2.0025295520375333e-52,1.5195254091626816e-47,1.0400658001926243e-95
294,147.49163879598663,0.95,0.9285714285714286,0.4040404040404041,0.06060606060606061,9.515160082142749e-43,6.522863639982329e-38,1.0846366226472592e-42,3.890390300272838e-33
295,147.9933110367893,0.95,0.9285714285714286,0.4040404040404041,0.06060606060606061,8.318582973200689e-72,1.3980432758199678e-76,2.5274087550495373e-52,4.0820987007283644e-33
296,148.49498327759198,0.95,0.9285714285714286,0.4040404040404041,0.06060606060606061,4.6729403398900315e-62,4.6637685470279705e-33,9.915988346907424e-96,1.742815307120743e-76
297,148.99665551839465,0.95,0.9285714285714286,0.4040404040404041,0.06060606060606061,1.74349529947847e-76,1.2173630671101045e-76,1.7434952994784682e-76,1.74349529947847e-76
298,149.49832775919734,0.95,0.9285714285714286,0.4040404040404041,0.06060606060606061,9.50637448967668e-43,1.2571404740203386e-71,3.2519436946990705e-86,2.7426122024305413e-57
299,150.0,0.95,0.9285714285714286,0.4040404040404041,0.06060606060606061,4.9103405455798225e-62,1.7258555201113512e-47,6.820181093689178e-38,8.516951939436678e-96
