,time,sigma,beta,omega,alpha,S,I,C,D
0,0.0,0.95,45.5,0.8383838383838385,0.36363636363636365,0.9998,0.0002,0.5,0.5
1,0.5016722408026756,0.95,45.5,0.8383838383838385,0.36363636363636365,0.008739574037093113,0.9912604259629068,0.46844392059549683,0.531556079404504
2,1.0033444816053512,0.95,45.5,0.8383838383838385,0.36363636363636365,0.005078307674546631,0.9949216923254532,0.48180286203619416,0.5181971379638071
3,1.5050167224080266,0.95,45.5,0.8383838383838385,0.36363636363636365,0.005147036250272092,0.9948529637497275,0.49525872036303126,0.5047412796369696
4,2.0066889632107023,0.95,45.5,0.8383838383838385,0.36363636363636365,0.005216594682644642,0.9947834053173549,0.5086935316598288,0.4913064683401718
5,2.508361204013378,0.95,45.5,0.8383838383838385,0.36363636363636365,0.005286886025496389,0.9947131139745031,0.5220878154099673,0.4779121845900334
6,3.0100334448160533,0.95,45.5,0.8383838383838385,0.36363636363636365,0.005357812516026218,0.9946421874839733,0.5354224594267146,0.46457754057328604
7,3.511705685618729,0.95,45.5,0.8383838383838385,0.36363636363636365,0.005429273181726018,0.9945707268182735,0.5486787965443866,0.45132120345561405
8,4.013377926421405,0.95,45.5,0.8383838383838385,0.36363636363636365,0.00550116450188461,0.9944988354981149,0.5618387079602937,0.43816129203970683
9,4.51505016722408,0.95,45.5,0.8383838383838385,0.36363636363636365,0.005573381448319153,0.9944266185516804,0.574884773379075,0.42511522662092566
10,5.016722408026756,0.95,45.5,0.8383838383838385,0.36363636363636365,0.0056458179216714866,0.994354182078328,0.5878002999640378,0.4121997000359627
11,5.518394648829432,0.95,45.5,0.8383838383838385,0.36363636363636365,0.005718366955298268,0.9942816330447013,0.6005693922752472,0.39943060772475325
12,6.020066889632107,0.95,45.5,0.8383838383838385,0.36363636363636365,0.005790921814201218,0.9942090781857984,0.6131770224260349,0.3868229775739656
13,6.521739130434782,0.95,45.5,0.8383838383838385,0.36363636363636365,0.005863376499509204,0.9941366235004904,0.6256090950054681,0.37439090499453237
14,7.023411371237458,0.95,45.5,0.8383838383838385,0.36363636363636365,0.005935626344474024,0.9940643736555256,0.6378524914416817,0.3621475085583188
15,7.525083612040134,0.95,45.5,0.8383838383838385,0.36363636363636365,0.006007568688963775,0.9939924313110359,0.6498951009638438,0.35010489903615644
16,8.02675585284281,0.95,45.5,0.8383838383838385,0.36363636363636365,0.0060791033634963595,0.9939208966365033,0.6617258429455701,0.3382741570544301
17,8.528428093645484,0.95,45.5,0.8383838383838385,0.36363636363636365,0.006150133195464656,0.993849866804535,0.6733346810877749,0.3266653189122252
18,9.03010033444816,0.95,45.5,0.8383838383838385,0.36363636363636365,0.006220564583531266,0.9937794354164683,0.6847126284548671,0.315287371545133
19,9.531772575250836,0.95,45.5,0.8383838383838385,0.36363636363636365,0.006290307792118027,0.9937096922078815,0.6958517445405965,0.30414825545940355
20,10.033444816053512,0.95,45.5,0.8383838383838385,0.36363636363636365,0.006359277527241948,0.9936407224727577,0.7067451181792358,0.2932548818207642
21,10.535117056856187,0.95,45.5,0.8383838383838385,0.36363636363636365,0.006427392909887021,0.9935726070901126,0.7173868611608653,0.2826131388391348
22,11.036789297658864,0.95,45.5,0.8383838383838385,0.36363636363636365,0.006494578273675287,0.9935054217263244,0.7277720753486281,0.2722279246513721
23,11.538461538461538,0.95,45.5,0.8383838383838385,0.36363636363636365,0.006560762900863502,0.9934392370991362,0.7378968204153841,0.26210317958461615
24,12.040133779264213,0.95,45.5,0.8383838383838385,0.36363636363636365,0.0066258819545826405,0.9933741180454171,0.7477580732026958,0.2522419267973046
25,12.54180602006689,0.95,45.5,0.8383838383838385,0.36363636363636365,0.0066898758938278916,0.9933101241061718,0.7573536915997526,0.24264630840024792
26,13.043478260869565,0.95,45.5,0.8383838383838385,0.36363636363636365,0.006752689915225286,0.9932473100847744,0.7666823712737432,0.23331762872625753
27,13.545150501672241,0.95,45.5,0.8383838383838385,0.36363636363636365,0.0068142747030634,0.9931857252969364,0.7757436019865523,0.22425639801344852
28,14.046822742474916,0.95,45.5,0.8383838383838385,0.36363636363636365,0.006874587477778641,0.9931254125222211,0.7845376181662759,0.2154623818337251
29,14.548494983277592,0.95,45.5,0.8383838383838385,0.36363636363636365,0.006933592209228595,0.993066407790771,0.793065350887843,0.206934649112158
30,15.050167224080267,0.95,45.5,0.8383838383838385,0.36363636363636365,0.006991257416866504,0.9930087425831333,0.8013283636841221,0.19867163631587903
31,15.551839464882944,0.95,45.5,0.8383838383838385,0.36363636363636365,0.007047552415638001,0.9929524475843617,0.8093288084422225,0.19067119155777854
32,16.05351170568562,0.95,45.5,0.8383838383838385,0.36363636363636365,0.007102451184161897,0.9928975488158379,0.817069378249382,0.18293062175061878
33,16.555183946488295,0.95,45.5,0.8383838383838385,0.36363636363636365,0.007155940989329425,0.9928440590106703,0.8245532616077842,0.17544673839221617
34,17.05685618729097,0.95,45.5,0.8383838383838385,0.36363636363636365,0.007208020200385918,0.992791979799614,0.8317840967701504,0.16821590322984975
35,17.558528428093645,0.95,45.5,0.8383838383838385,0.36363636363636365,0.007258684423023822,0.992741315576976,0.8387659193238799,0.16123408067612058
36,18.06020066889632,0.95,45.5,0.8383838383838385,0.36363636363636365,0.007307904377110103,0.9926920956228897,0.8455031105100442,0.15449688948995713
37,18.561872909698998,0.95,45.5,0.8383838383838385,0.36363636363636365,0.007355662684658177,0.9926443373153416,0.8520003505823216,0.14799964941767987
38,19.06354515050167,0.95,45.5,0.8383838383838385,0.36363636363636365,0.00740197698387547,0.9925980230161243,0.8582625859581637,0.1417374140418363
39,19.565217391304348,0.95,45.5,0.8383838383838385,0.36363636363636365,0.007446944474767371,0.9925530555252325,0.8642950081378918,0.13570499186210677
40,20.066889632107024,0.95,45.5,0.8383838383838385,0.36363636363636365,0.0074904859134386345,0.9925095140865612,0.8701029993771016,0.1298970006228973
41,20.568561872909697,0.95,45.5,0.8383838383838385,0.36363636363636365,0.007532613857977273,0.9924673861420226,0.875692067882974,0.12430793211702489
42,21.070234113712374,0.95,45.5,0.8383838383838385,0.36363636363636365,0.007573362980780779,0.9924266370192191,0.8810678701344506,0.11893212986554834
43,21.57190635451505,0.95,45.5,0.8383838383838385,0.36363636363636365,0.007612750104499679,0.9923872498955002,0.8862361470933613,0.11376385290663792
44,22.073578595317727,0.95,45.5,0.8383838383838385,0.36363636363636365,0.007650796305164028,0.9923492036948359,0.8912027047810268,0.10879729521897245
45,22.5752508361204,0.95,45.5,0.8383838383838385,0.36363636363636365,0.0076875241651717195,0.9923124758348281,0.8959733857698552,0.10402661423014409
46,23.076923076923077,0.95,45.5,0.8383838383838385,0.36363636363636365,0.00772295808441871,0.9922770419155811,0.9005540527723345,0.0994459472276649
47,23.578595317725753,0.95,45.5,0.8383838383838385,0.36363636363636365,0.007757123734016851,0.9922428762659831,0.9049505633029411,0.09504943669705838
48,24.080267558528426,0.95,45.5,0.8383838383838385,0.36363636363636365,0.007790048217651482,0.9922099517823484,0.9091687520724883,0.09083124792751128
49,24.581939799331103,0.95,45.5,0.8383838383838385,0.36363636363636365,0.007821759723646782,0.9921782402763532,0.9132144139960188,0.08678558600398072
50,25.08361204013378,0.95,45.5,0.8383838383838385,0.36363636363636365,0.00785228722453467,0.9921477127754652,0.91709329252629,0.08290670747370954
51,25.585284280936456,0.95,45.5,0.8383838383838385,0.36363636363636365,0.007881660523317409,0.9921183394766824,0.9208110590937056,0.07918894090629382
52,26.08695652173913,0.95,45.5,0.8383838383838385,0.36363636363636365,0.007909910337557344,0.9920900896624425,0.9243732992706214,0.07562670072937797
53,26.588628762541806,0.95,45.5,0.8383838383838385,0.36363636363636365,0.00793706708187524,0.9920629329181248,0.9277855078484065,0.07221449215159277
54,27.090301003344482,0.95,45.5,0.8383838383838385,0.36363636363636365,0.007963161472429005,0.9920368385275711,0.931053087341612,0.06894691265838729
55,27.59197324414716,0.95,45.5,0.8383838383838385,0.36363636363636365,0.007988225230282591,0.9920117747697176,0.934181325595577,0.0658186744044223
56,28.093645484949832,0.95,45.5,0.8383838383838385,0.36363636363636365,0.008012289755064152,0.9919877102449359,0.9371753835985451,0.0628246164014542
57,28.59531772575251,0.95,45.5,0.8383838383838385,0.36363636363636365,0.008035384932563984,0.991964615067436,0.940040308796066,0.05995969120393348
58,29.096989966555185,0.95,45.5,0.8383838383838385,0.36363636363636365,0.008057541558086606,0.9919424584419135,0.9427810267051653,0.05721897329483438
59,29.598662207357858,0.95,45.5,0.8383838383838385,0.36363636363636365,0.008078791994634876,0.9919212080053652,0.9454023356863467,0.05459766431365298
60,30.100334448160535,0.95,45.5,0.8383838383838385,0.36363636363636365,0.008099165986202299,0.9919008340137977,0.9479089039214524,0.052091096078547276
61,30.60200668896321,0.95,45.5,0.8383838383838385,0.36363636363636365,0.0081186928450182,0.9918813071549818,0.9503052681126751,0.04969473188732455
62,31.103678929765888,0.95,45.5,0.8383838383838385,0.36363636363636365,0.008137402371439412,0.9918625976285605,0.9525958258690892,0.04740417413091052
63,31.60535117056856,0.95,45.5,0.8383838383838385,0.36363636363636365,0.008155323537257949,0.9918446764627421,0.9547848451352337,0.045215154864766065
64,32.10702341137124,0.95,45.5,0.8383838383838385,0.36363636363636365,0.008172484874416283,0.9918275151255838,0.9568764551196445,0.04312354488035541
65,32.608695652173914,0.95,45.5,0.8383838383838385,0.36363636363636365,0.008188914208192719,0.9918110857918073,0.958874653519161,0.04112534648083898
66,33.11036789297659,0.95,45.5,0.8383838383838385,0.36363636363636365,0.008204638732322857,0.9917953612676772,0.9607833041524221,0.03921669584757796
67,33.61204013377927,0.95,45.5,0.8383838383838385,0.36363636363636365,0.008219684972556004,0.991780315027444,0.9626061442079034,0.03739385579209677
68,34.11371237458194,0.95,45.5,0.8383838383838385,0.36363636363636365,0.00823407893498636,0.9917659210650137,0.9643467719663151,0.035653228033684994
69,34.61538461538461,0.95,45.5,0.8383838383838385,0.36363636363636365,0.00824784582196832,0.9917521541780318,0.9660086646703574,0.03399133532964283
70,35.11705685618729,0.95,45.5,0.8383838383838385,0.36363636363636365,0.00826101014596901,0.9917389898540311,0.9675951715984277,0.032404828401572494
71,35.618729096989966,0.95,45.5,0.8383838383838385,0.36363636363636365,0.008273595740415286,0.9917264042595848,0.9691095227106548,0.030890477289345096
72,36.12040133779264,0.95,45.5,0.8383838383838385,0.36363636363636365,0.008285625737746088,0.991714374262254,0.9705548213561368,0.029445178643862226
73,36.62207357859532,0.95,45.5,0.8383838383838385,0.36363636363636365,0.008297122495483738,0.9917028775045162,0.9719340631198305,0.028065936880167536
74,37.123745819397996,0.95,45.5,0.8383838383838385,0.36363636363636365,0.008308107696697226,0.9916918923033028,0.9732501164879498,0.026749883512047254
75,37.625418060200666,0.95,45.5,0.8383838383838385,0.36363636363636365,0.00831860235119857,0.9916813976488014,0.9745057515681489,0.02549424843184698
76,38.12709030100334,0.95,45.5,0.8383838383838385,0.36363636363636365,0.008328626747955255,0.9916713732520447,0.9757036159533672,0.024296384046627716
77,38.62876254180602,0.95,45.5,0.8383838383838385,0.36363636363636365,0.008338200578449077,0.9916617994215509,0.9768462662728025,0.02315373372719148
78,39.130434782608695,0.95,45.5,0.8383838383838385,0.36363636363636365,0.008347342773157072,0.9916526572268429,0.9779361405439517,0.02206385945604155
79,39.63210702341137,0.95,45.5,0.8383838383838385,0.36363636363636365,0.008356071482579561,0.9916439285174204,0.978975590111787,0.02102440988820611
80,40.13377926421405,0.95,45.5,0.8383838383838385,0.36363636363636365,0.00836440426564849,0.9916355957343516,0.9799668639282461,0.020033136071747705
81,40.635451505016725,0.95,45.5,0.8383838383838385,0.36363636363636365,0.00837235818018329,0.9916276418198168,0.980912122504346,0.019087877495648546
82,41.137123745819395,0.95,45.5,0.8383838383838385,0.36363636363636365,0.008379949516332339,0.9916200504836677,0.9818134353140501,0.0181865646859453
83,41.63879598662207,0.95,45.5,0.8383838383838385,0.36363636363636365,0.008387193970614206,0.991612806029386,0.9826727865621274,0.01732721343786879
84,42.14046822742475,0.95,45.5,0.8383838383838385,0.36363636363636365,0.008394106637632952,0.9916058933623672,0.9834920740814209,0.016507925918575615
85,42.642140468227424,0.95,45.5,0.8383838383838385,0.36363636363636365,0.008400702013409292,0.9915992979865909,0.9842731161802506,0.015726883819745845
86,43.1438127090301,0.95,45.5,0.8383838383838385,0.36363636363636365,0.008406994045247227,0.9915930059547529,0.9850176520355821,0.014982347964414118
87,43.64548494983278,0.95,45.5,0.8383838383838385,0.36363636363636365,0.008412996106781147,0.991587003893219,0.9857273454146175,0.014272654585379112
88,44.147157190635454,0.95,45.5,0.8383838383838385,0.36363636363636365,0.008418721040348397,0.9915812789596518,0.9864037891541644,0.013596210845832651
89,44.64882943143812,0.95,45.5,0.8383838383838385,0.36363636363636365,0.008424181166392337,0.9915758188336079,0.9870485061476686,0.012951493852329106
90,45.1505016722408,0.95,45.5,0.8383838383838385,0.36363636363636365,0.008429388302263913,0.9915706116977363,0.9876629536308027,0.01233704636919574
91,45.65217391304348,0.95,45.5,0.8383838383838385,0.36363636363636365,0.008434353782390344,0.9915656462176098,0.9882485249039284,0.011751475096070448
92,46.15384615384615,0.95,45.5,0.8383838383838385,0.36363636363636365,0.008439088477616524,0.9915609115223837,0.9888065509669378,0.011193449033061466
93,46.65551839464883,0.95,45.5,0.8383838383838385,0.36363636363636365,0.008443602797834633,0.9915563972021656,0.9893383055785981,0.010661694421401092
94,47.15719063545151,0.95,45.5,0.8383838383838385,0.36363636363636365,0.008447906673941097,0.9915520933260591,0.9898450036233848,0.010154996376614217
95,47.65886287625418,0.95,45.5,0.8383838383838385,0.36363636363636365,0.008452009633917274,0.9915479903660829,0.9903278076109205,0.009672192389078137
96,48.16053511705685,0.95,45.5,0.8383838383838385,0.36363636363636365,0.008455920898020278,0.9915440791019798,0.9907878263021817,0.009212173697816586
97,48.66220735785953,0.95,45.5,0.8383838383838385,0.36363636363636365,0.008459649259903175,0.9915403507400969,0.9912261196065637,0.008773880393434266
98,49.163879598662206,0.95,45.5,0.8383838383838385,0.36363636363636365,0.008463202922723121,0.991536797077277,0.9916436989168308,0.00835630108316713
99,49.66555183946488,0.95,45.5,0.8383838383838385,0.36363636363636365,0.008466589714849997,0.9915334102851502,0.9920415302904655,0.007958469709532446
100,50.16722408026756,0.95,45.5,0.8383838383838385,0.36363636363636365,0.00846981749270099,0.9915301825072991,0.9924205357790618,0.007579464220936374
101,50.668896321070235,0.95,45.5,0.8383838383838385,0.36363636363636365,0.008472894157817028,0.9915271058421831,0.992781595413029,0.007218404586969279
102,51.17056856187291,0.95,45.5,0.8383838383838385,0.36363636363636365,0.00847582659837303,0.991524173401627,0.9931255493395198,0.0068744506604787444
103,51.67224080267559,0.95,45.5,0.8383838383838385,0.36363636363636365,0.008478620414677243,0.9915213795853228,0.9934531983408793,0.006546801659119514
104,52.17391304347826,0.95,45.5,0.8383838383838385,0.36363636363636365,0.008481281998870126,0.9915187180011299,0.9937653086338346,0.006234691366164426
105,52.675585284280935,0.95,45.5,0.8383838383838385,0.36363636363636365,0.008483817756644045,0.9915161822433559,0.9940626094277911,0.005937390572208104
106,53.17725752508361,0.95,45.5,0.8383838383838385,0.36363636363636365,0.008486234193645772,0.9915137658063542,0.9943457962238785,0.005654203776120799
107,53.67892976588629,0.95,45.5,0.8383838383838385,0.36363636363636365,0.008488537120829623,0.9915114628791704,0.9946155348830614,0.005384465116938014
108,54.180602006688964,0.95,45.5,0.8383838383838385,0.36363636363636365,0.008490731251010191,0.9915092687489898,0.9948724572242712,0.005127542775728297
109,54.68227424749164,0.95,45.5,0.8383838383838385,0.36363636363636365,0.008492821518407155,0.9915071784815929,0.9951171676337239,0.004882832366275592
110,55.18394648829432,0.95,45.5,0.8383838383838385,0.36363636363636365,0.008494812671508613,0.9915051873284914,0.995350243452677,0.004649756547322548
111,55.68561872909699,0.95,45.5,0.8383838383838385,0.36363636363636365,0.008496709695351106,0.9915032903046489,0.9955722318085611,0.004427768191438312
112,56.187290969899664,0.95,45.5,0.8383838383838385,0.36363636363636365,0.008498516792197474,0.9915014832078025,0.9957836576352308,0.004216342364768356
113,56.68896321070234,0.95,45.5,0.8383838383838385,0.36363636363636365,0.00850023814905237,0.9914997618509476,0.9959850206715392,0.004014979328459651
114,57.19063545150502,0.95,45.5,0.8383838383838385,0.36363636363636365,0.008501877891885945,0.991498122108114,0.9961767953759418,0.003823204624056572
115,57.69230769230769,0.95,45.5,0.8383838383838385,0.36363636363636365,0.008503439905350968,0.991496560094649,0.9963594366438464,0.0036405633561516857
116,58.19397993311037,0.95,45.5,0.8383838383838385,0.36363636363636365,0.008504927868606647,0.9914950721313933,0.9965333770838838,0.003466622916114064
117,58.69565217391305,0.95,45.5,0.8383838383838385,0.36363636363636365,0.00850634511727408,0.9914936548827259,0.9966990279165819,0.0033009720834157024
118,59.197324414715716,0.95,45.5,0.8383838383838385,0.36363636363636365,0.008507695025306595,0.9914923049746933,0.9968567832694587,0.003143216730538726
119,59.69899665551839,0.95,45.5,0.8383838383838385,0.36363636363636365,0.00850898076838983,0.9914910192316101,0.9970070172688222,0.0029929827311750814
120,60.20066889632107,0.95,45.5,0.8383838383838385,0.36363636363636365,0.00851020538163371,0.9914897946183662,0.9971500863510095,0.0028499136489876327
121,60.702341137123746,0.95,45.5,0.8383838383838385,0.36363636363636365,0.008511371724344722,0.9914886282756551,0.9972863317383123,0.0027136682616848954
122,61.20401337792642,0.95,45.5,0.8383838383838385,0.36363636363636365,0.008512482567607048,0.9914875174323928,0.9974160766398096,0.00258392336018748
123,61.7056856187291,0.95,45.5,0.8383838383838385,0.36363636363636365,0.00851354055016249,0.9914864594498374,0.9975396301400105,0.0024603698599865997
124,62.207357859531776,0.95,45.5,0.8383838383838385,0.36363636363636365,0.008514548196468835,0.9914854518035311,0.99765728732497,0.002342712675027024
125,62.709030100334445,0.95,45.5,0.8383838383838385,0.36363636363636365,0.008515507837830666,0.9914844921621693,0.9977693273459335,0.002230672654063607
126,63.21070234113712,0.95,45.5,0.8383838383838385,0.36363636363636365,0.008516421765742478,0.9914835782342575,0.9978760181635917,0.002123981836405353
127,63.7123745819398,0.95,45.5,0.8383838383838385,0.36363636363636365,0.00851729214286391,0.9914827078571359,0.9979776146354977,0.0020223853644993953
128,64.21404682274247,0.95,45.5,0.8383838383838385,0.36363636363636365,0.008518121034378417,0.9914818789656215,0.9980743583265705,0.00192564167342656
129,64.71571906354515,0.95,45.5,0.8383838383838385,0.36363636363636365,0.008518910404284404,0.9914810895957155,0.9981664810052626,0.0018335189947345425
130,65.21739130434783,0.95,45.5,0.8383838383838385,0.36363636363636365,0.008519662127811346,0.9914803378721884,0.9982542028285194,0.0017457971714778752
131,65.7190635451505,0.95,45.5,0.8383838383838385,0.36363636363636365,0.008520377996321393,0.9914796220036783,0.9983377328513467,0.0016622671486506094
132,66.22073578595318,0.95,45.5,0.8383838383838385,0.36363636363636365,0.008521059719890508,0.9914789402801092,0.9984172714899254,0.0015827285100720322
133,66.72240802675586,0.95,45.5,0.8383838383838385,0.36363636363636365,0.008521708917083669,0.9914782910829162,0.9984930087940054,0.0015069912059920768
134,67.22408026755853,0.95,45.5,0.8383838383838385,0.36363636363636365,0.008522327126842017,0.9914776728731578,0.9985651257440684,0.0014348742559290538
135,67.72575250836121,0.95,45.5,0.8383838383838385,0.36363636363636365,0.008522915828327534,0.9914770841716724,0.9986337955675564,0.0013662044324412165
136,68.22742474916387,0.95,45.5,0.8383838383838385,0.36363636363636365,0.00852347642145037,0.9914765235785494,0.9986991819033868,0.0013008180966107758
137,68.72909698996655,0.95,45.5,0.8383838383838385,0.36363636363636365,0.008524010244255626,0.9914759897557442,0.9987614415985535,0.0012385584014440911
138,69.23076923076923,0.95,45.5,0.8383838383838385,0.36363636363636365,0.008524518573553389,0.9914754814264465,0.9988207244132025,0.0011792755867951912
139,69.7324414715719,0.95,45.5,0.8383838383838385,0.36363636363636365,0.008525002620163735,0.9914749973798361,0.9988771720642572,0.0011228279357405288
140,70.23411371237458,0.95,45.5,0.8383838383838385,0.36363636363636365,0.00852546353737877,0.9914745364626211,0.998930919475956,0.0010690805240417018
141,70.73578595317726,0.95,45.5,0.8383838383838385,0.36363636363636365,0.008525902431897018,0.9914740975681028,0.9989820963659564,0.0010179036340413063
142,71.23745819397993,0.95,45.5,0.8383838383838385,0.36363636363636365,0.008526320354334623,0.9914736796456651,0.9990308255990842,0.0009691744009133904
143,71.73913043478261,0.95,45.5,0.8383838383838385,0.36363636363636365,0.008526718299827327,0.9914732817001725,0.9990772231145956,0.0009227768854019082
144,72.24080267558529,0.95,45.5,0.8383838383838385,0.36363636363636365,0.008527097228428343,0.9914729027715714,0.9991214011151152,0.0008785988848823011
145,72.74247491638796,0.95,45.5,0.8383838383838385,0.36363636363636365,0.008527458051963857,0.991472541948036,0.9991634660050697,0.0008365339949276907
146,73.24414715719064,0.95,45.5,0.8383838383838385,0.36363636363636365,0.008527801616735546,0.9914721983832643,0.9992035176690643,0.0007964823309329392
147,73.74581939799332,0.95,45.5,0.8383838383838385,0.36363636363636365,0.00852812875239584,0.991471871247604,0.9992416529693612,0.0007583470306361075
148,74.24749163879599,0.95,45.5,0.8383838383838385,0.36363636363636365,0.008528440242076671,0.9914715597579232,0.9992779638288258,0.0007220361711714548
149,74.74916387959867,0.95,45.5,0.8383838383838385,0.36363636363636365,0.008528736839699616,0.9914712631603003,0.9993125367059839,0.0006874632940134681
150,75.25083612040133,0.95,45.5,0.8383838383838385,0.36363636363636365,0.008529019261148369,0.9914709807388515,0.9993454549496201,0.0006545450503772482
151,75.75250836120401,0.95,45.5,0.8383838383838385,0.36363636363636365,0.00852928819264523,0.9914707118073547,0.9993767979658168,0.0006232020341806133
152,76.25418060200668,0.95,45.5,0.8383838383838385,0.36363636363636365,0.0085295442594345,0.9914704557405655,0.9994066407693356,0.0005933592306617874
153,76.75585284280936,0.95,45.5,0.8383838383838385,0.36363636363636365,0.008529788055339257,0.9914702119446607,0.9994350549293736,0.0005649450706240138
154,77.25752508361204,0.95,45.5,0.8383838383838385,0.36363636363636365,0.008530020159249701,0.9914699798407502,0.99946210913798,0.0005378908620177387
155,77.75919732441471,0.95,45.5,0.8383838383838385,0.36363636363636365,0.00853024113946837,0.9914697588605316,0.9994878682923639,0.0005121317076338054
156,78.26086956521739,0.95,45.5,0.8383838383838385,0.36363636363636365,0.008530451571197997,0.9914695484288019,0.999512393776091,0.000487606223906784
157,78.76254180602007,0.95,45.5,0.8383838383838385,0.36363636363636365,0.008530651951979298,0.9914693480480206,0.9995357451413858,0.00046425485861229963
158,79.26421404682274,0.95,45.5,0.8383838383838385,0.36363636363636365,0.008530842784148236,0.9914691572158517,0.999557978938106,0.00044202106189214583
159,79.76588628762542,0.95,45.5,0.8383838383838385,0.36363636363636365,0.008531024487918381,0.9914689755120816,0.9995791480362765,0.0004208519637273377
160,80.2675585284281,0.95,45.5,0.8383838383838385,0.36363636363636365,0.008531197475624778,0.9914688025243752,0.9995993031665521,0.00040069683346753465
161,80.76923076923077,0.95,45.5,0.8383838383838385,0.36363636363636365,0.008531362170588442,0.9914686378294115,0.9996184934259353,0.00038150657411379865
162,81.27090301003345,0.95,45.5,0.8383838383838385,0.36363636363636365,0.008531518953382288,0.9914684810466177,0.9996367654270046,0.00036323457309350986
163,81.77257525083613,0.95,45.5,0.8383838383838385,0.36363636363636365,0.008531668241256493,0.9914683317587435,0.9996541620099259,0.00034583799022214293
164,82.27424749163879,0.95,45.5,0.8383838383838385,0.36363636363636365,0.008531810385417405,0.9914681896145826,0.9996707255171063,0.00032927448309388863
165,82.77591973244147,0.95,45.5,0.8383838383838385,0.36363636363636365,0.008531945732448755,0.9914680542675512,0.9996864961287025,0.000313503871547971
166,83.27759197324414,0.95,45.5,0.8383838383838385,0.36363636363636365,0.008532074615899112,0.9914679253841008,0.9997015120081529,0.0002984879921399121
167,83.77926421404682,0.95,45.5,0.8383838383838385,0.36363636363636365,0.0085321973149685,0.9914678026850314,0.9997158083731768,0.0002841916271600437
168,84.2809364548495,0.95,45.5,0.8383838383838385,0.36363636363636365,0.008532314142251161,0.9914676858577488,0.9997294201852608,0.0002705798151109326
169,84.78260869565217,0.95,45.5,0.8383838383838385,0.36363636363636365,0.008532425380806967,0.991467574619193,0.9997423803665789,0.0002576196338138227
170,85.28428093645485,0.95,45.5,0.8383838383838385,0.36363636363636365,0.00853253129732486,0.9914674687026751,0.999754720073252,0.0002452799271476809
171,85.78595317725753,0.95,45.5,0.8383838383838385,0.36363636363636365,0.00853263213966594,0.991467367860334,0.9997664685265143,0.00023353147388580563
172,86.2876254180602,0.95,45.5,0.8383838383838385,0.36363636363636365,0.008532728152662542,0.9914672718473374,0.9997776543768394,0.00022234562355271054
173,86.78929765886288,0.95,45.5,0.8383838383838385,0.36363636363636365,0.008532819565862392,0.9914671804341375,0.9997883047122892,0.00021169528809010594
174,87.29096989966555,0.95,45.5,0.8383838383838385,0.36363636363636365,0.008532906600498118,0.9914670933995019,0.9997984449472602,0.000201555053100713
175,87.79264214046823,0.95,45.5,0.8383838383838385,0.36363636363636365,0.008532989467875306,0.9914670105321247,0.9998080993198747,0.0001919006804628769
176,88.29431438127091,0.95,45.5,0.8383838383838385,0.36363636363636365,0.008533068367943368,0.9914669316320567,0.9998172913571081,0.000182708643207634
177,88.79598662207358,0.95,45.5,0.8383838383838385,0.36363636363636365,0.008533143493334712,0.9914668565066653,0.9998260433747523,0.0001739566255485244
178,89.29765886287625,0.95,45.5,0.8383838383838385,0.36363636363636365,0.008533215015098093,0.991466784984902,0.999834375781465,0.00016562421881879168
179,89.79933110367892,0.95,45.5,0.8383838383838385,0.36363636363636365,0.008533283108253482,0.9914667168917466,0.9998423088572438,0.00015769114302511346
180,90.3010033444816,0.95,45.5,0.8383838383838385,0.36363636363636365,0.008533347939598876,0.9914666520604012,0.9998498619455368,0.00015013805472242661
181,90.80267558528428,0.95,45.5,0.8383838383838385,0.36363636363636365,0.00853340966741125,0.9914665903325889,0.9998570534602961,0.00014294653995989325
182,91.30434782608695,0.95,45.5,0.8383838383838385,0.36363636363636365,0.008533468439865688,0.9914665315601344,0.9998639005782696,0.00013609942198948517
183,91.80602006688963,0.95,45.5,0.8383838383838385,0.36363636363636365,0.008533524394620033,0.99146647560538,0.9998704191771123,0.0001295808231554716
184,92.3076923076923,0.95,45.5,0.8383838383838385,0.36363636363636365,0.008533577672081752,0.9914664223279184,0.9998766255241852,0.00012337447609618652
185,92.80936454849498,0.95,45.5,0.8383838383838385,0.36363636363636365,0.008533628403648786,0.9914663715963513,0.9998825347631902,0.00011746523710775644
186,93.31103678929766,0.95,45.5,0.8383838383838385,0.36363636363636365,0.00853367671573415,0.991466323284266,0.9998881614203893,0.0001118385799255204
187,93.81270903010034,0.95,45.5,0.8383838383838385,0.36363636363636365,0.008533722703530266,0.99146627729647,0.9998935180187274,0.00010648198160937518
188,94.31438127090301,0.95,45.5,0.8383838383838385,0.36363636363636365,0.008533766484857925,0.9914662335151423,0.999898618010744,0.00010138198961498146
189,94.81605351170569,0.95,45.5,0.8383838383838385,0.36363636363636365,0.00853380816352011,0.9914661918364801,0.9999034738312806,9.65261690981057e-05
190,95.31772575250837,0.95,45.5,0.8383838383838385,0.36363636363636365,0.008533847837086434,0.9914661521629138,0.9999080973462334,9.190265415975359e-05
191,95.81939799331104,0.95,45.5,0.8383838383838385,0.36363636363636365,0.008533885610186576,0.9914661143898136,0.9999124994772843,8.75005231188933e-05
192,96.3210702341137,0.95,45.5,0.8383838383838385,0.36363636363636365,0.008533921587662764,0.9914660784123374,0.9999166905116268,8.330948878431036e-05
193,96.82274247491638,0.95,45.5,0.8383838383838385,0.36363636363636365,0.00853395585572271,0.9914660441442774,0.9999206808598491,7.931914056453046e-05
194,97.32441471571906,0.95,45.5,0.8383838383838385,0.36363636363636365,0.00853398850591869,0.9914660114940814,0.9999244802143546,7.551978605580072e-05
195,97.82608695652173,0.95,45.5,0.8383838383838385,0.36363636363636365,0.008534019623786408,0.9914659803762137,0.9999280978190583,7.190218134317583e-05
196,98.32775919732441,0.95,45.5,0.8383838383838385,0.36363636363636365,0.008534049205673,0.9914659507943271,0.9999315418771382,6.845812324946651e-05
197,98.82943143812709,0.95,45.5,0.8383838383838385,0.36363636363636365,0.008534077344836246,0.9914659226551639,0.9999348209760212,6.517902434862874e-05
198,99.33110367892976,0.95,45.5,0.8383838383838385,0.36363636363636365,0.008534104090407722,0.9914658959095924,0.9999379430616424,6.205693870713292e-05
199,99.83277591973244,0.95,45.5,0.8383838383838385,0.36363636363636365,0.008534129483419157,0.991465870516581,0.9999409157391668,5.908426116277589e-05
200,100.33444816053512,0.95,45.5,0.8383838383838385,0.36363636363636365,0.008534153676598549,0.9914658463234015,0.9999437459785728,5.625402173498554e-05
201,100.8361204013378,0.95,45.5,0.8383838383838385,0.36363636363636365,0.008534176798882095,0.991465823201118,0.9999464405071145,5.3559493169961174e-05
202,101.33779264214047,0.95,45.5,0.8383838383838385,0.36363636363636365,0.008534198904353866,0.9914658010956462,0.9999490059746163,5.099402564622156e-05
203,101.83946488294315,0.95,45.5,0.8383838383838385,0.36363636363636365,0.00853422010212433,0.9914657798978758,0.9999514486319312,4.855136831258164e-05
204,102.34113712374582,0.95,45.5,0.8383838383838385,0.36363636363636365,0.00853424043553171,0.9914657595644684,0.9999537743656816,4.622563454714404e-05
205,102.8428093645485,0.95,45.5,0.8383838383838385,0.36363636363636365,0.00853425956415223,0.9914657404358478,0.9999559882705034,4.4011729707394494e-05
206,103.34448160535118,0.95,45.5,0.8383838383838385,0.36363636363636365,0.008534277735364117,0.9914657222646359,0.9999580960431582,4.1903957035906777e-05
207,103.84615384615384,0.95,45.5,0.8383838383838385,0.36363636363636365,0.008534294956365028,0.991465705043635,0.9999601028342644,3.989716591361358e-05
208,104.34782608695652,0.95,45.5,0.8383838383838385,0.36363636363636365,0.008534311223632489,0.9914656887763675,0.9999620135939737,3.79864061880649e-05
209,104.84949832775919,0.95,45.5,0.8383838383838385,0.36363636363636365,0.008534326522296475,0.9914656734777035,0.9999638330925811,3.6166907563162066e-05
210,105.35117056856187,0.95,45.5,0.8383838383838385,0.36363636363636365,0.008534341133662424,0.9914656588663376,0.9999655651476707,3.443485247488104e-05
211,105.85284280936455,0.95,45.5,0.8383838383838385,0.36363636363636365,0.008534355122946091,0.9914656448770539,0.9999672139621548,3.278603801607877e-05
212,106.35451505016722,0.95,45.5,0.8383838383838385,0.36363636363636365,0.008534368476536514,0.9914656315234635,0.9999687837898271,3.1216210393375526e-05
213,106.8561872909699,0.95,45.5,0.8383838383838385,0.36363636363636365,0.008534381274432276,0.9914656187255677,0.9999702785103463,2.9721489955057925e-05
214,107.35785953177258,0.95,45.5,0.8383838383838385,0.36363636363636365,0.008534393607424012,0.991465606392576,0.9999717018614801,2.8298138941741402e-05
215,107.85953177257525,0.95,45.5,0.8383838383838385,0.36363636363636365,0.008534405483091737,0.9914655945169082,0.9999730572413671,2.6942759209105655e-05
216,108.36120401337793,0.95,45.5,0.8383838383838385,0.36363636363636365,0.008534416624806907,0.9914655833751931,0.9999743472708024,2.5652729909741187e-05
217,108.8628762541806,0.95,45.5,0.8383838383838385,0.36363636363636365,0.008534427238284735,0.9914655727617152,0.9999755755256119,2.44244752421461e-05
218,109.36454849498328,0.95,45.5,0.8383838383838385,0.36363636363636365,0.008534437327041924,0.991465562672958,0.9999767450144116,2.325498658141449e-05
219,109.86622073578596,0.95,45.5,0.8383838383838385,0.36363636363636365,0.008534446885772524,0.9914655531142275,0.9999778586254214,2.2141375695769742e-05
220,110.36789297658864,0.95,45.5,0.8383838383838385,0.36363636363636365,0.008534455899620062,0.9914655441003799,0.9999789191379311,2.1080863281117488e-05
221,110.8695652173913,0.95,45.5,0.8383838383838385,0.36363636363636365,0.008534464533063228,0.9914655354669368,0.9999799287101654,2.0071291145206042e-05
222,111.37123745819397,0.95,45.5,0.8383838383838385,0.36363636363636365,0.008534472782844724,0.9914655272171553,0.9999808898471431,1.9110154257236018e-05
223,111.87290969899665,0.95,45.5,0.8383838383838385,0.36363636363636365,0.008534480633024793,0.9914655193669752,0.9999818049819666,1.8195019498792783e-05
224,112.37458193979933,0.95,45.5,0.8383838383838385,0.36363636363636365,0.00853448810508534,0.9914655118949147,0.9999826763469205,1.732365457951793e-05
225,112.876254180602,0.95,45.5,0.8383838383838385,0.36363636363636365,0.008534495221348746,0.9914655047786513,0.9999835060839408,1.6493917556703136e-05
226,113.37792642140468,0.95,45.5,0.8383838383838385,0.36363636363636365,0.008534501997741334,0.9914654980022587,0.999984296147297,1.570385416509382e-05
227,113.87959866220736,0.95,45.5,0.8383838383838385,0.36363636363636365,0.008534508436993013,0.991465491563007,0.9999850482124101,1.4951789009431586e-05
228,114.38127090301003,0.95,45.5,0.8383838383838385,0.36363636363636365,0.008534514569531285,0.9914654854304688,0.9999857642556704,1.4235745686731735e-05
229,114.88294314381271,0.95,45.5,0.8383838383838385,0.36363636363636365,0.008534520415124923,0.9914654795848751,0.9999864460193024,1.355398197854881e-05
230,115.38461538461539,0.95,45.5,0.8383838383838385,0.36363636363636365,0.00853452599426907,0.9914654740057309,0.9999870951760295,1.290482517003963e-05
231,115.88628762541806,0.95,45.5,0.8383838383838385,0.36363636363636365,0.00853453132836031,0.9914654686716396,0.9999877133360262,1.2286665097007939e-05
232,116.38795986622074,0.95,45.5,0.8383838383838385,0.36363636363636365,0.008534536392988856,0.991465463607011,0.9999883017607663,1.169824026082122e-05
233,116.88963210702342,0.95,45.5,0.8383838383838385,0.36363636363636365,0.008534541210378188,0.9914654587896217,0.9999888619468027,1.1138054123405631e-05
234,117.3913043478261,0.95,45.5,0.8383838383838385,0.36363636363636365,0.008534545796109018,0.9914654542038909,0.9999893952985516,1.06047022806111e-05
235,117.89297658862876,0.95,45.5,0.8383838383838385,0.36363636363636365,0.008534550158451044,0.9914654498415488,0.999989903129972,1.0096870780816957e-05
236,118.39464882943143,0.95,45.5,0.8383838383838385,0.36363636363636365,0.008534554304299764,0.9914654456957002,0.9999903867075423,9.613293154821886e-06
237,118.89632107023411,0.95,45.5,0.8383838383838385,0.36363636363636365,0.008534558253604526,0.9914654417463953,0.9999908470799981,9.15292065493916e-06
238,119.39799331103679,0.95,45.5,0.8383838383838385,0.36363636363636365,0.008534562036686826,0.991465437963313,0.9999912851157586,8.714884834362872e-06
239,119.89966555183946,0.95,45.5,0.8383838383838385,0.36363636363636365,0.008534565645410946,0.9914654343545889,0.9999917021005097,8.29790003466437e-06
240,120.40133779264214,0.95,45.5,0.8383838383838385,0.36363636363636365,0.008534569088894129,0.9914654309111057,0.9999920990658439,7.90093466392125e-06
241,120.90301003344482,0.95,45.5,0.8383838383838385,0.36363636363636365,0.008534572375802883,0.991465427624197,0.9999924770090287,7.522991454681555e-06
242,121.40468227424749,0.95,45.5,0.8383838383838385,0.36363636363636365,0.008534575514372417,0.9914654244856275,0.9999928368976442,7.163102826673719e-06
243,121.90635451505017,0.95,45.5,0.8383838383838385,0.36363636363636365,0.008534578512426073,0.9914654214875738,0.9999931796742192,6.820326249516504e-06
244,122.40802675585284,0.95,45.5,0.8383838383838385,0.36363636363636365,0.008534581362585222,0.9914654186374147,0.999993505990595,6.4940098862482404e-06
245,122.90969899665552,0.95,45.5,0.8383838383838385,0.36363636363636365,0.008534584048981077,0.9914654159510188,0.9999938163346983,6.183665817036025e-06
246,123.4113712374582,0.95,45.5,0.8383838383838385,0.36363636363636365,0.008534586587528198,0.9914654134124716,0.9999941117698156,5.888230747246631e-06
247,123.91304347826087,0.95,45.5,0.8383838383838385,0.36363636363636365,0.008534588976835102,0.9914654110231648,0.9999943930429934,5.606957628177142e-06
248,124.41471571906355,0.95,45.5,0.8383838383838385,0.36363636363636365,0.008534591214078041,0.9914654087859218,0.9999946608790183,5.3391216708495735e-06
249,124.91638795986621,0.95,45.5,0.8383838383838385,0.36363636363636365,0.008534593294952073,0.9914654067050478,0.9999949159838056,5.084016956558099e-06
250,125.41806020066889,0.95,45.5,0.8383838383838385,0.36363636363636365,0.00853459521362212,0.9914654047863778,0.999995159047789,4.840953047416241e-06
251,125.91973244147157,0.95,45.5,0.8383838383838385,0.36363636363636365,0.00853459704674633,0.9914654029532535,0.9999953904680021,4.6095329128107076e-06
252,126.42140468227424,0.95,45.5,0.8383838383838385,0.36363636363636365,0.00853459889591278,0.9914654011040871,0.9999956105439122,4.3894570900685945e-06
253,126.92307692307692,0.95,45.5,0.8383838383838385,0.36363636363636365,0.008534600706003438,0.9914653992939964,0.9999958200884043,4.17991268294205e-06
254,127.4247491638796,0.95,45.5,0.8383838383838385,0.36363636363636365,0.00853460250532587,0.991465397494674,0.9999960196275206,3.980373645163183e-06
255,127.92642140468227,0.95,45.5,0.8383838383838385,0.36363636363636365,0.008534604326266342,0.9914653956737335,0.9999962096691828,3.790332050596084e-06
256,128.42809364548495,0.95,45.5,0.8383838383838385,0.36363636363636365,0.00853460620559832,0.9914653937944015,0.9999963907053853,3.609295899809681e-06
257,128.9297658862876,0.95,45.5,0.8383838383838385,0.36363636363636365,0.008534608184790978,0.9914653918152089,0.9999965632143886,3.436786926650582e-06
258,129.4314381270903,0.95,45.5,0.8383838383838385,0.36363636363636365,0.008534610012177273,0.9914653899878225,0.9999967274827338,3.272518601378913e-06
259,129.93311036789297,0.95,45.5,0.8383838383838385,0.36363636363636365,0.008534611407322373,0.9914653885926775,0.9999968837670186,3.11623433898234e-06
260,130.43478260869566,0.95,45.5,0.8383838383838385,0.36363636363636365,0.008534612560784739,0.9914653874392151,0.9999970325979314,2.967403435782561e-06
261,130.93645484949832,0.95,45.5,0.8383838383838385,0.36363636363636365,0.00853461340156272,0.9914653865984371,0.9999971743395453,2.825661818956435e-06
262,131.438127090301,0.95,45.5,0.8383838383838385,0.36363636363636365,0.008534613845643815,0.991465386154356,0.999997309341533,2.690659815985992e-06
263,131.93979933110367,0.95,45.5,0.8383838383838385,0.36363636363636365,0.008534613795139973,0.9914653862048599,0.9999974379406522,2.5620606703089e-06
264,132.44147157190636,0.95,45.5,0.8383838383838385,0.36363636363636365,0.008534613137422903,0.9914653868625769,0.9999975604622295,2.4395390569688e-06
265,132.94314381270902,0.95,45.5,0.8383838383838385,0.36363636363636365,0.008534612494907726,0.9914653875050922,0.9999976771316149,2.322869621568937e-06
266,133.44481605351172,0.95,45.5,0.8383838383838385,0.36363636363636365,0.008534612426737179,0.9914653875732626,0.9999977881713092,2.211829859684296e-06
267,133.94648829431438,0.95,45.5,0.8383838383838385,0.36363636363636365,0.00853461248928854,0.9914653875107113,0.9999978939150251,2.1060860652515038e-06
268,134.44816053511707,0.95,45.5,0.8383838383838385,0.36363636363636365,0.008534612818122294,0.9914653871818776,0.9999979946193336,2.0053816689073983e-06
269,134.94983277591973,0.95,45.5,0.8383838383838385,0.36363636363636365,0.0085346135748756,0.9914653864251243,0.9999980905313827,1.9094695247139027e-06
270,135.45150501672242,0.95,45.5,0.8383838383838385,0.36363636363636365,0.008534614949143628,0.9914653850508562,0.9999981818900527,1.8181107551300356e-06
271,135.95317725752508,0.95,45.5,0.8383838383838385,0.36363636363636365,0.008534617160360875,0.9914653828396389,0.9999982689271111,1.7310735959840114e-06
272,136.45484949832775,0.95,45.5,0.8383838383838385,0.36363636363636365,0.008534619303774223,0.9914653806962256,0.9999983517887071,1.6482118969825605e-06
273,136.95652173913044,0.95,45.5,0.8383838383838385,0.36363636363636365,0.008534620760746039,0.9914653792392538,0.9999984306335893,1.5693669100239774e-06
274,137.4581939799331,0.95,45.5,0.8383838383838385,0.36363636363636365,0.008534622212046547,0.9914653777879533,0.999998505703963,1.494296436172744e-06
275,137.9598662207358,0.95,45.5,0.8383838383838385,0.36363636363636365,0.00853462355948733,0.9914653764405125,0.9999985771832834,1.4228170239267e-06
276,138.46153846153845,0.95,45.5,0.8383838383838385,0.36363636363636365,0.008534624679131238,0.9914653753208686,0.9999986452491891,1.3547510389012543e-06
277,138.96321070234114,0.95,45.5,0.8383838383838385,0.36363636363636365,0.008534625419227384,0.9914653745807724,0.9999987100743847,1.2899257807499433e-06
278,139.4648829431438,0.95,45.5,0.8383838383838385,0.36363636363636365,0.008534625598146111,0.9914653744018538,0.9999987718275244,1.2281726000850553e-06
279,139.9665551839465,0.95,45.5,0.8383838383838385,0.36363636363636365,0.008534625827155093,0.9914653741728449,0.9999988306010097,1.1693990803258991e-06
280,140.46822742474916,0.95,45.5,0.8383838383838385,0.36363636363636365,0.008534626388708227,0.9914653736112917,0.9999988865110788,1.1134889756872914e-06
281,140.96989966555185,0.95,45.5,0.8383838383838385,0.36363636363636365,0.008534626788341597,0.9914653732116583,0.9999989397382116,1.060261817692006e-06
282,141.4715719063545,0.95,45.5,0.8383838383838385,0.36363636363636365,0.008534627010161397,0.9914653729898385,0.9999989904165866,1.0095834268971306e-06
283,141.9732441471572,0.95,45.5,0.8383838383838385,0.36363636363636365,0.008534627041585615,0.9914653729584143,0.9999990386768912,9.613231140630114e-07
284,142.47491638795987,0.95,45.5,0.8383838383838385,0.36363636363636365,0.008534626873916198,0.9914653731260837,0.9999990846469717,9.153530306786891e-07
285,142.97658862876253,0.95,45.5,0.8383838383838385,0.36363636363636365,0.008534626502911253,0.9914653734970886,0.9999991284524823,8.715475194872913e-07
286,143.47826086956522,0.95,45.5,0.8383838383838385,0.36363636363636365,0.008534626256310933,0.9914653737436889,0.999999170136039,8.29863973913016e-07
287,143.97993311036788,0.95,45.5,0.8383838383838385,0.36363636363636365,0.008534626309896275,0.9914653736901036,0.9999992097786377,7.90221400386587e-07
288,144.48160535117057,0.95,45.5,0.8383838383838385,0.36363636363636365,0.008534626609182376,0.9914653733908175,0.9999992475199642,7.52480104490195e-07
289,144.98327759197323,0.95,45.5,0.8383838383838385,0.36363636363636365,0.00853462728786573,0.9914653727121342,0.9999992834548862,7.165452169216406e-07
290,145.48494983277592,0.95,45.5,0.8383838383838385,0.36363636363636365,0.008534628503193607,0.9914653714968062,0.9999993176752798,6.823248592874912e-07
291,145.9866220735786,0.95,45.5,0.8383838383838385,0.36363636363636365,0.008534630437518183,0.9914653695624818,0.9999993502704346,6.497297394315439e-07
292,146.48829431438128,0.95,45.5,0.8383838383838385,0.36363636363636365,0.008534633299850705,0.9914653667001492,0.9999993813274582,6.186727467632555e-07
293,146.98996655518394,0.95,45.5,0.8383838383838385,0.36363636363636365,0.00853463565285909,0.9914653643471407,0.9999994108866438,5.891135921142412e-07
294,147.49163879598663,0.95,45.5,0.8383838383838385,0.36363636363636365,0.00853463708381934,0.9914653629161805,0.9999994390136681,5.609865979431767e-07
295,147.9933110367893,0.95,45.5,0.8383838383838385,0.36363636363636365,0.008534638158117617,0.9914653618418822,0.9999994657987038,5.342015862355557e-07
296,148.49498327759198,0.95,45.5,0.8383838383838385,0.36363636363636365,0.008534638652694347,0.9914653613473055,0.9999994913092709,5.086910348905626e-07
297,148.99665551839465,0.95,45.5,0.8383838383838385,0.36363636363636365,0.008534638300452809,0.991465361699547,0.9999995156106203,4.843896907281068e-07
298,149.49832775919734,0.95,45.5,0.8383838383838385,0.36363636363636365,0.008534636787075762,0.991465363212924,0.999999538766011,4.612342922538465e-07
299,150.0,0.95,45.5,0.8383838383838385,0.36363636363636365,0.008534633747842064,0.9914653662521578,0.9999995608369876,4.39163292424234e-07
