,time,sigma,beta,S,I,C,D
0,0.0,0.86,0.65,0.9998,0.0002,0.5,0.5
1,0.5016722408026756,0.86,0.65,0.9997545065488773,0.00024549345112253766,0.4791171450630486,0.5208828549369514
2,1.0033444816053512,0.86,0.65,0.9996974195725779,0.0003025804274220892,0.45830880658702794,0.5416911934129719
3,1.5050167224080266,0.86,0.65,0.9996255974549578,0.00037440254504194297,0.4376471414784572,0.5623528585215426
4,2.0066889632107023,0.86,0.65,0.9995350223401442,0.0004649776598555733,0.41720237787760933,0.5827976221223905
5,2.508361204013378,0.86,0.65,0.9994205300286102,0.000579469971389546,0.39704188116888145,0.6029581188311184
6,3.0100334448160533,0.86,0.65,0.999275528285703,0.0007244717142969468,0.37722942673027426,0.6227705732697256
7,3.511705685618729,0.86,0.65,0.9990915147809424,0.0009084852190574853,0.35782432048413,0.64217567951587
8,4.013377926421405,0.86,0.65,0.9988576066664138,0.001142393333586257,0.33888095933496076,0.661119040665039
9,4.51505016722408,0.86,0.65,0.9985598341842076,0.0014401658157923982,0.32044832890895475,0.6795516710910451
10,5.016722408026756,0.86,0.65,0.9981802835286485,0.0018197164713513706,0.3025696909986607,0.6974303090013392
11,5.518394648829432,0.86,0.65,0.9976959698234028,0.002304030176597245,0.28528241233718626,0.7147175876628136
12,6.020066889632107,0.86,0.65,0.9970774233457452,0.0029225766542547477,0.268617942750844,0.731382057249156
13,6.521739130434782,0.86,0.65,0.9962869329282262,0.003713067071773827,0.2526019267738044,0.7473980732261954
14,7.023411371237458,0.86,0.65,0.9952762716868743,0.004723728313125784,0.23725442200234395,0.762745577997656
15,7.525083612040134,0.86,0.65,0.9939838993135283,0.006016100686471812,0.22259023134066114,0.7774097686593388
16,8.02675585284281,0.86,0.65,0.9923314858233128,0.007668514176687348,0.20861932555011492,0.7913806744498849
17,8.528428093645484,0.86,0.65,0.990219640135988,0.009780359864012166,0.19534734273131935,0.8046526572686804
18,9.03010033444816,0.86,0.65,0.9875228356585708,0.01247716434142948,0.18277613827869968,0.8172238617213001
19,9.531772575250836,0.86,0.65,0.9840834530754082,0.015916546924591986,0.17090437863024074,0.8290956213697591
20,10.033444816053512,0.86,0.65,0.9797050398338684,0.02029496016613187,0.15972816036027346,0.8402718396397264
21,10.535117056856187,0.86,0.65,0.974145152853643,0.025854847146357225,0.14924163162275272,0.850758368377247
22,11.036789297658864,0.86,0.65,0.9671084404634399,0.03289155953656034,0.13943759804637249,0.8605624019536274
23,11.538461538461538,0.86,0.65,0.9582411937376066,0.04175880626239344,0.1303080906105265,0.8696919093894733
24,12.040133779264213,0.86,0.65,0.9471294108155576,0.05287058918444241,0.12184486479987633,0.8781551352001234
25,12.54180602006689,0.86,0.65,0.9333032079736997,0.06669679202630033,0.11403979720789692,0.8859602027921029
26,13.043478260869565,0.86,0.65,0.916251661659318,0.08374833834068196,0.1068851368652206,0.8931148631347792
27,13.545150501672241,0.86,0.65,0.8954527502023608,0.10454724979763903,0.10037356029388783,0.899626439706112
28,14.046822742474916,0.86,0.65,0.8704225271125191,0.12957747288748078,0.09449797910127236,0.9055020208987274
29,14.548494983277592,0.86,0.65,0.8407853590482502,0.15921464095174967,0.08925106375310729,0.9107489362468925
30,15.050167224080267,0.86,0.65,0.8063621469468141,0.19363785305318584,0.08462445946412751,0.9153755405358722
31,15.551839464882944,0.86,0.65,0.7672633991200115,0.23273660087998851,0.08060774570254772,0.9193922542974521
32,16.05351170568562,0.86,0.65,0.7239663240730664,0.27603367592693373,0.07718723453294891,0.9228127654670509
33,16.555183946488295,0.86,0.65,0.6773472220756893,0.32265277792431074,0.0743448023876755,0.9256551976123244
34,17.05685618729097,0.86,0.65,0.6286447354006244,0.37135526459937573,0.07205699379495312,0.9279430062050468
35,17.558528428093645,0.86,0.65,0.5793457082833813,0.42065429171661894,0.07029463837697529,0.9297053616230246
36,18.06020066889632,0.86,0.65,0.5310112667449906,0.46898873325500956,0.0690231420541425,0.9309768579458576
37,18.561872909698998,0.86,0.65,0.4850840297952478,0.5149159702047523,0.0682034685625542,0.931796531437446
38,19.06354515050167,0.86,0.65,0.4427252069622549,0.5572747930377452,0.06779366537014193,0.9322063346298581
39,19.565217391304348,0.86,0.65,0.4047180096459129,0.5952819903540872,0.06775066750129863,0.9322493324987015
40,20.066889632107024,0.86,0.65,0.37144857235529505,0.6285514276447051,0.06803208513686787,0.9319679148631322
41,20.568561872909697,0.86,0.65,0.34295135969025414,0.6570486403097461,0.06859772493732262,0.9314022750626774
42,21.070234113712374,0.86,0.65,0.31899236819340715,0.681007631806593,0.06941070227476813,0.9305892977252318
43,21.57190635451505,0.86,0.65,0.29916285420567407,0.700837145794326,0.07043810742060129,0.9295618925793986
44,22.073578595317727,0.86,0.65,0.28296391979331526,0.7170360802066849,0.0716512711149267,0.9283487288850731
45,22.5752508361204,0.86,0.65,0.2698720202520874,0.7301279797479125,0.07302571654125908,0.9269742834587409
46,23.076923076923077,0.86,0.65,0.2593833499769437,0.7406166500230562,0.07454089912724282,0.9254591008727573
47,23.578595317725753,0.86,0.65,0.2510398064497118,0.7489601935502882,0.07617982262162169,0.9238201773783784
48,24.080267558528426,0.86,0.65,0.24444102078894173,0.7555589792110584,0.07792860156553488,0.9220713984344653
49,24.581939799331103,0.86,0.65,0.23924698487046162,0.7607530151295385,0.07977601791122148,0.9202239820887786
50,25.08361204013378,0.86,0.65,0.23517504611766712,0.7648249538823331,0.08171310279205733,0.9182868972079429
51,25.585284280936456,0.86,0.65,0.23199396588553364,0.7680060341144666,0.08373275889634958,0.9162672411036507
52,26.08695652173913,0.86,0.65,0.22951686337209218,0.770483136627908,0.08582943061737013,0.9141705693826301
53,26.588628762541806,0.86,0.65,0.22759410500094887,0.7724058949990514,0.08799882190518031,0.9120011780948198
54,27.090301003344482,0.86,0.65,0.22610673645554066,0.7738932635444595,0.09023765918715658,0.9097623408128436
55,27.59197324414716,0.86,0.65,0.22496071452074531,0.775039285479255,0.09254349446407184,0.9074565055359284
56,28.093645484949832,0.86,0.65,0.22408200749971038,0.77591799250029,0.09491454326153878,0.9050854567384615
57,28.59531772575251,0.86,0.65,0.2234125377336231,0.7765874622663772,0.09734955216033316,0.9026504478396671
58,29.096989966555185,0.86,0.65,0.22290685908003513,0.7770931409199652,0.09984769095053224,0.9001523090494681
59,29.598662207357858,0.86,0.65,0.22252948681467372,0.7774705131853268,0.10240846533889078,0.8975915346611095
60,30.100334448160535,0.86,0.65,0.22225276497287147,0.777747235027129,0.1050316462516885,0.8949683537483119
61,30.60200668896321,0.86,0.65,0.22205517039235456,0.7779448296076459,0.10771721260250186,0.8922827873974986
62,31.103678929765888,0.86,0.65,0.2219199769780348,0.7780800230219657,0.11046530517330058,0.8895346948266999
63,31.60535117056856,0.86,0.65,0.22183420430529197,0.7781657956947086,0.11327618924362824,0.8867238107563723
64,32.10702341137124,0.86,0.65,0.22178779299417395,0.7782122070058265,0.11615022428582183,0.8838497757141788
65,32.608695652173914,0.86,0.65,0.22177296090906,0.7782270390909404,0.11908783938680989,0.8809121606131908
66,33.11036789297659,0.86,0.65,0.22178369933241932,0.7782163006675811,0.12208951313692082,0.8779104868630799
67,33.61204013377927,0.86,0.65,0.22181538062562595,0.7781846193743744,0.1251557571544846,0.8748442428455162
68,34.11371237458194,0.86,0.65,0.22186445258931634,0.778135547410684,0.12828710248161726,0.8717128975183837
69,34.61538461538461,0.86,0.65,0.22192820046406925,0.7780717995359311,0.13148408824981833,0.8685159117501826
70,35.11705685618729,0.86,0.65,0.22200456096162646,0.7779954390383739,0.1347472521387782,0.8652527478612229
71,35.618729096989966,0.86,0.65,0.22209198223775978,0.7779080177622405,0.13807712241430053,0.8619228775857006
72,36.12040133779264,0.86,0.65,0.2221893046310481,0.7778106953689522,0.14147421070883764,0.8585257892911636
73,36.62207357859532,0.86,0.65,0.22229567895373836,0.7777043210462619,0.1449390061717836,0.8550609938282178
74,37.123745819397996,0.86,0.65,0.22241049900033705,0.7775895009996632,0.1484719701634999,0.8515280298365016
75,37.625418060200666,0.86,0.65,0.22253334806530492,0.7774666519346953,0.1520735314137562,0.8479264685862453
76,38.12709030100334,0.86,0.65,0.22266395682397797,0.7773360431760222,0.15574408160977393,0.8442559183902277
77,38.62876254180602,0.86,0.65,0.22280217314451295,0.7771978268554873,0.15948397150718974,0.8405160284928122
78,39.130434782608695,0.86,0.65,0.22294793643622962,0.7770520635637707,0.16329350720045582,0.8367064927995461
79,39.63210702341137,0.86,0.65,0.2231012591718874,0.7768987408281129,0.1671729466975983,0.8328270533024038
80,40.13377926421405,0.86,0.65,0.22326221169922592,0.7767377883007743,0.17112249663823684,0.8288775033617654
81,40.635451505016725,0.86,0.65,0.22343091049268557,0.7765690895073146,0.1751423091729709,0.8248576908270314
82,41.137123745819395,0.86,0.65,0.22360750891929576,0.7763924910807045,0.1792324789854341,0.8207675210145683
83,41.63879598662207,0.86,0.65,0.22379219005763093,0.7762078099423694,0.18339304045033386,0.8166069595496687
84,42.14046822742475,0.86,0.65,0.223985161450902,0.7760148385490984,0.1876239649176961,0.8123760350823067
85,42.642140468227424,0.86,0.65,0.2241866505588639,0.7758133494411364,0.19192515806588495,0.808074841934118
86,43.1438127090301,0.86,0.65,0.2243969010996479,0.7756030989003524,0.19629645723797404,0.8037035427620292
87,43.64548494983278,0.86,0.65,0.2246161695602614,0.7753838304397389,0.20073762946605997,0.7992623705339434
88,44.147157190635454,0.86,0.65,0.22484472463944755,0.7751552753605527,0.20524836840297894,0.7947516315970247
89,44.64882943143812,0.86,0.65,0.22508284541002352,0.7749171545899768,0.20982829405123,0.7901717059487738
90,45.1505016722408,0.86,0.65,0.22533081696181192,0.7746691830381884,0.21447694771751946,0.7855230522824846
91,45.65217391304348,0.86,0.65,0.22558893184636053,0.7744110681536398,0.21919379289228044,0.7808062071077239
92,46.15384615384615,0.86,0.65,0.22585748726902002,0.7741425127309803,0.22397821163850212,0.7760217883615025
93,46.65551839464883,0.86,0.65,0.2261367854073763,0.7738632145926241,0.22882950393209295,0.7711704960679119
94,47.15719063545151,0.86,0.65,0.22642713244477028,0.77357286755523,0.2337468863096934,0.7662531136903116
95,47.65886287625418,0.86,0.65,0.22672883677727543,0.7732711632227249,0.23872948977168532,0.7612705102283198
96,48.16053511705685,0.86,0.65,0.22704220929362856,0.7729577907063718,0.24377636008908546,0.75622363991092
97,48.66220735785953,0.86,0.65,0.2273675613734749,0.7726324386265254,0.2488864553795327,0.751113544620473
98,49.163879598662206,0.86,0.65,0.22770520551861193,0.7722947944813884,0.25405864704832903,0.7459413529516769
99,49.66555183946488,0.86,0.65,0.22805545350360276,0.7719445464963975,0.259291718066062,0.7407082819339441
100,50.16722408026756,0.86,0.65,0.22841861667566946,0.7715813833243308,0.2645843638616718,0.7354156361383346
101,50.668896321070235,0.86,0.65,0.22879500431272298,0.7712049956872772,0.2699351916625317,0.730064808337475
102,51.17056856187291,0.86,0.65,0.22918492350000616,0.770815076499994,0.2753427213945805,0.7246572786054264
103,51.67224080267559,0.86,0.65,0.2295886781625022,0.770411321837498,0.28080538580118874,0.7191946141988184
104,52.17391304347826,0.86,0.65,0.23000656818505474,0.7699934318149455,0.28632153200898625,0.7136784679910211
105,52.675585284280935,0.86,0.65,0.23043888921069364,0.7695611107893067,0.29188942163789483,0.7081105783621128
106,53.17725752508361,0.86,0.65,0.23088593096761043,0.7691140690323899,0.2975072338329322,0.7024927661670756
107,53.67892976588629,0.86,0.65,0.23134797761868814,0.7686520223813121,0.30317306483254847,0.6968269351674596
108,54.180602006688964,0.86,0.65,0.23182530569518167,0.7681746943048186,0.30888493275910667,0.6911150672409017
109,54.68227424749164,0.86,0.65,0.23231818469358173,0.7676818153064184,0.314640776634995,0.6853592233650134
110,55.18394648829432,0.86,0.65,0.2328268749009122,0.767173125099088,0.3204384626079541,0.6795615373920545
111,55.68561872909699,0.86,0.65,0.23335162788211747,0.7666483721178827,0.32627578317857586,0.673724216821433
112,56.187290969899664,0.86,0.65,0.23389268460032975,0.7661073153996704,0.33215046358561434,0.6678495364143947
113,56.68896321070234,0.86,0.65,0.23445027542422117,0.765549724575779,0.33806016273866035,0.6619398372613489
114,57.19063545150502,0.86,0.65,0.23502461884464998,0.7649753811553501,0.3440024783141767,0.6559975216858327
115,57.69230769230769,0.86,0.65,0.2356159208212848,0.7643840791787153,0.3499749511061907,0.6500250488938188
116,58.19397993311037,0.86,0.65,0.23622437446764255,0.7637756255323576,0.3559750664142718,0.6440249335857379
117,58.69565217391305,0.86,0.65,0.23685015842050797,0.7631498415794922,0.3620002631062495,0.6379997368937602
118,59.197324414715716,0.86,0.65,0.23749343713142673,0.7625065628685733,0.3680479324772082,0.6319520675228016
119,59.69899665551839,0.86,0.65,0.23815435922884523,0.7618456407711548,0.3741154283745313,0.6258845716254786
120,60.20066889632107,0.86,0.65,0.23883305728966278,0.7611669427103372,0.38020007019583324,0.6197999298041768
121,60.702341137123746,0.86,0.65,0.23952964751805952,0.7604703524819404,0.3862991450445802,0.6137008549554298
122,61.20401337792642,0.86,0.65,0.24024422844704182,0.7597557715529581,0.3924099206468088,0.6075900793532012
123,61.7056856187291,0.86,0.65,0.24097688127449268,0.7590231187255073,0.39852964177615036,0.6014703582238596
124,62.207357859531776,0.86,0.65,0.24172766934608805,0.7582723306539119,0.40465553356745926,0.5953444664325507
125,62.709030100334445,0.86,0.65,0.24249663595081195,0.7575033640491879,0.41078481783803417,0.5892151821619758
126,63.21070234113712,0.86,0.65,0.2432838037412555,0.7567161962587444,0.416914717999539,0.5830852820004708
127,63.7123745819398,0.86,0.65,0.2440891741961405,0.7559108258038594,0.42304246411020635,0.5769575358898034
128,64.21404682274247,0.86,0.65,0.24491273128537036,0.7550872687146295,0.4291652877750788,0.5708347122249309
129,64.71571906354515,0.86,0.65,0.24575443957800053,0.7542455604219993,0.435280432414999,0.5647195675850106
130,65.21739130434783,0.86,0.65,0.24661424199860796,0.753385758001392,0.4413851645846896,0.5586148354153199
131,65.7190635451505,0.86,0.65,0.24749206170834312,0.7525079382916567,0.44747677493271715,0.5525232250672922
132,66.22073578595318,0.86,0.65,0.24838780166401248,0.7516121983359875,0.4535525840959508,0.5464474159040584
133,66.72240802675586,0.86,0.65,0.24930134387963496,0.750698656120365,0.459609948967993,0.5403900510320161
134,67.22408026755853,0.86,0.65,0.2502325473012138,0.7497674526987862,0.4656462653784123,0.5343537346215966
135,67.72575250836121,0.86,0.65,0.2511812476533023,0.7488187523466977,0.4716589735813954,0.5283410264186134
136,68.22742474916387,0.86,0.65,0.25214725877923283,0.7478527412207672,0.4776455731464635,0.5223544268535452
137,68.72909698996655,0.86,0.65,0.2531303739882449,0.7468696260117551,0.4836035839539471,0.5163964160460613
138,69.23076923076923,0.86,0.65,0.25413037106857284,0.7458696289314272,0.4895306302097754,0.5104693697902328
139,69.7324414715719,0.86,0.65,0.2551470045428501,0.7448529954571499,0.49542437271789047,0.5045756272821175
140,70.23411371237458,0.86,0.65,0.2561800108896602,0.7438199891103398,0.5012825421140472,0.49871745788596056
141,70.73578595317726,0.86,0.65,0.25722910910710706,0.7427708908928929,0.5071029375126075,0.4928970624874001
142,71.23745819397993,0.86,0.65,0.25829399493605115,0.7417060050639489,0.5128834313431976,0.48711656865680975
143,71.73913043478261,0.86,0.65,0.2593743423342348,0.740625657665765,0.5186219692049774,0.48137803079502967
144,72.24080267558529,0.86,0.65,0.26046981104695816,0.7395301889530418,0.5243165767233533,0.4756834232766535
145,72.74247491638796,0.86,0.65,0.2615800435152139,0.738419956484786,0.5299653578067312,0.4700346421932755
146,73.24414715719064,0.86,0.65,0.26270466556103794,0.737295334438962,0.5355665001252341,0.4644334998747723
147,73.74581939799332,0.86,0.65,0.2638432863660346,0.7361567136339654,0.5411182733622123,0.4588817266377938
148,74.24749163879599,0.86,0.65,0.2649954992183414,0.7350045007816585,0.5466190332942352,0.4533809667057706
149,74.74916387959867,0.86,0.65,0.26616088292748813,0.7338391170725117,0.5520672212364612,0.44793277876354437
150,75.25083612040133,0.86,0.65,0.26733900250165876,0.7326609974983411,0.5574613655819535,0.44253863441805186
151,75.75250836120401,0.86,0.65,0.26852940977093326,0.7314705902290666,0.5628000817427405,0.4371999182572645
152,76.25418060200668,0.86,0.65,0.26973164478886325,0.7302683552111366,0.568082073616023,0.43191792638398185
153,76.75585284280936,0.86,0.65,0.27094523580794144,0.7290547641920584,0.5733061321849968,0.4266938678150078
154,77.25752508361204,0.86,0.65,0.27216970102799454,0.7278302989720052,0.5784711362600435,0.4215288637399608
155,77.75919732441471,0.86,0.65,0.2734045485621162,0.7265954514378836,0.5835760513883373,0.4164239486116668
156,78.26086956521739,0.86,0.65,0.27464927863933114,0.7253507213606686,0.588619929326863,0.411380070673141
157,78.76254180602007,0.86,0.65,0.27590338302169776,0.7240966169783021,0.5936019073780098,0.4063980926219941
158,79.26421404682274,0.86,0.65,0.2771663476511271,0.7228336523488729,0.598521206386697,0.4014787936133066
159,79.76588628762542,0.86,0.65,0.2784376517044101,0.7215623482955899,0.603377130837825,0.3966228691621784
160,80.2675585284281,0.86,0.65,0.2797167705329738,0.7202832294670262,0.608169065239925,0.39183093476007824
161,80.76923076923077,0.86,0.65,0.2810031744259863,0.7189968255740137,0.612896475250891,0.38710352474911197
162,81.27090301003345,0.86,0.65,0.28229633192951376,0.7177036680704862,0.6175589022619414,0.3824410977380614
163,81.77257525083613,0.86,0.65,0.2835957082218835,0.7164042917781164,0.6221559657233738,0.3778440342766287
164,82.27424749163879,0.86,0.65,0.28490076863282054,0.7150992313671795,0.626687356074207,0.37331264392579544
165,82.77591973244147,0.86,0.65,0.28621097684599256,0.7137890231540074,0.6311528381449374,0.36884716185506483
166,83.27759197324414,0.86,0.65,0.2875257984775027,0.7124742015224972,0.6355522426775813,0.3644477573224208
167,83.77926421404682,0.86,0.65,0.28884469919691,0.71115530080309,0.6398854706413343,0.36011452935866767
168,84.2809364548495,0.86,0.65,0.2901671482613783,0.7098328517386217,0.6441524836690388,0.355847516330963
169,84.78260869565217,0.86,0.65,0.291492616609345,0.708507383390655,0.6483533091557923,0.35164669084420946
170,85.28428093645485,0.86,0.65,0.2928205802579393,0.7071794197420607,0.652488030052046,0.3475119699479556
171,85.78595317725753,0.86,0.65,0.29415051885672483,0.7058494811432751,0.6565567888715456,0.34344321112845605
172,86.2876254180602,0.86,0.65,0.29548191786949174,0.7045180821305081,0.6605597798278351,0.33944022017216635
173,86.78929765886288,0.86,0.65,0.29681426796641885,0.703185732033581,0.664497251208262,0.3355027487917394
174,87.29096989966555,0.86,0.65,0.2981470670910757,0.7018529329089243,0.6683694978384616,0.33163050216153966
175,87.79264214046823,0.86,0.65,0.2994798197944011,0.7005201802055988,0.6721768630043313,0.32782313699566973
176,88.29431438127091,0.86,0.65,0.30081203873612505,0.6991879612638748,0.6759197325591525,0.3240802674408485
177,88.79598662207358,0.86,0.65,0.30214324489227506,0.6978567551077248,0.6795985330578275,0.32040146694217353
178,89.29765886287625,0.86,0.65,0.3034729676114705,0.6965270323885293,0.6832137317413018,0.31678626825869904
179,89.79933110367892,0.86,0.65,0.3048007456789034,0.6951992543210964,0.686765830802994,0.3132341691970068
180,90.3010033444816,0.86,0.65,0.3061261275287234,0.6938738724712764,0.6902553662569583,0.30974463374304245
181,90.80267558528428,0.86,0.65,0.3074486714196088,0.692551328580391,0.6936829073639477,0.306317092636053
182,91.30434782608695,0.86,0.65,0.308767946410336,0.6912320535896639,0.6970490519929627,0.30295094800703787
183,91.80602006688963,0.86,0.65,0.310083533163716,0.6899164668362838,0.7003544225076784,0.29964557749232223
184,92.3076923076923,0.86,0.65,0.3113950231964213,0.6886049768035786,0.7035996660042036,0.29640033399579696
185,92.80936454849498,0.86,0.65,0.3127020175435992,0.6872979824564006,0.706785456082088,0.2932145439179126
186,93.31103678929766,0.86,0.65,0.31400412933701577,0.685995870662984,0.709912484465705,0.2900875155342955
187,93.81270903010034,0.86,0.65,0.31530098347494145,0.6846990165250583,0.7129814621804167,0.28701853781958375
188,94.31438127090301,0.86,0.65,0.31659221681333954,0.6834077831866602,0.7159931169559437,0.28400688304405675
189,94.81605351170569,0.86,0.65,0.3178774783677747,0.6821225216322251,0.7189481910966704,0.2810518089033299
190,95.31772575250837,0.86,0.65,0.3191564295275621,0.6808435704724377,0.7218474408029417,0.2781525591970586
191,95.81939799331104,0.86,0.65,0.32042874435246926,0.6795712556475306,0.7246916318101787,0.2753083681898215
192,96.3210702341137,0.86,0.65,0.32169410879679006,0.6783058912032098,0.7274815458566735,0.27251845414332676
193,96.82274247491638,0.86,0.65,0.322952220146767,0.6770477798532328,0.7302179644951634,0.26978203550483676
194,97.32441471571906,0.86,0.65,0.3242027881964022,0.6757972118035978,0.7329016810383581,0.2670983189616421
195,97.82608695652173,0.86,0.65,0.32544553518045594,0.674554464819544,0.7355334937437494,0.2644665062562508
196,98.32775919732441,0.86,0.65,0.32668019543835325,0.6733198045616466,0.738114205005773,0.2618857949942272
197,98.82943143812709,0.86,0.65,0.3279065153658959,0.672093484634104,0.7406446199883073,0.25935538001169284
198,99.33110367892976,0.86,0.65,0.3291242534096459,0.670875746590354,0.7431255451705266,0.25687445482947346
199,99.83277591973244,0.86,0.65,0.33033318011545365,0.6696668198845462,0.7455577906635743,0.2544422093364258
200,100.33444816053512,0.86,0.65,0.33153307741214827,0.6684669225878516,0.7479421628331332,0.2520578371668669
201,100.8361204013378,0.86,0.65,0.33272373901343893,0.6672762609865609,0.7502794680862137,0.24972053191378635
202,101.33779264214047,0.86,0.65,0.3339049702665097,0.6660950297334902,0.7525705122077402,0.2474294877922599
203,101.83946488294315,0.86,0.65,0.33507658733787715,0.6649234126621227,0.7548160944961889,0.24518390550381114
204,102.34113712374582,0.86,0.65,0.33623841821938494,0.6637615817806151,0.7570170143957894,0.24298298560421067
205,102.8428093645485,0.86,0.65,0.33739030083596133,0.6626096991640387,0.7591740628833914,0.24082593711660863
206,103.34448160535118,0.86,0.65,0.33853208451255223,0.6614679154874478,0.7612880285921085,0.23871197140789144
207,103.84615384615384,0.86,0.65,0.33966362906931097,0.6603363709306889,0.76335969432191,0.23664030567809005
208,104.34782608695652,0.86,0.65,0.3407848038793117,0.6592151961206882,0.76538983440242,0.23461016559758002
209,104.84949832775919,0.86,0.65,0.3418954889385795,0.6581045110614203,0.7673792177991025,0.2326207822008976
210,105.35117056856187,0.86,0.65,0.3429955742548527,0.6570044257451472,0.7693286060047917,0.2306713939952084
211,105.85284280936455,0.86,0.65,0.34408495931744887,0.6559150406825511,0.7712387530192691,0.22876124698073083
212,106.35451505016722,0.86,0.65,0.3451635527549086,0.6548364472450914,0.7731104046263566,0.22688959537364345
213,106.8561872909699,0.86,0.65,0.34623127220490835,0.6537687277950917,0.7749442959104312,0.22505570408956876
214,107.35785953177258,0.86,0.65,0.34728804395761353,0.6527119560423864,0.7767411515159104,0.22325884848408967
215,107.85953177257525,0.86,0.65,0.3483338030817601,0.6516661969182398,0.7785016915803346,0.2214983084196655
216,108.36120401337793,0.86,0.65,0.34936849279291404,0.650631507207086,0.7802266257751311,0.21977337422486892
217,108.8628762541806,0.86,0.65,0.35039206415940155,0.6496079358405984,0.7819166526453647,0.2180833473546354
218,109.36454849498328,0.86,0.65,0.3514044760464612,0.6485955239535387,0.7835724608967274,0.21642753910327256
219,109.86622073578596,0.86,0.65,0.3524056951683376,0.6475943048316624,0.7851947304818385,0.2148052695181614
220,110.36789297658864,0.86,0.65,0.35339569537594695,0.6466043046240529,0.7867841302153632,0.21321586978463677
221,110.8695652173913,0.86,0.65,0.35437445756747843,0.6456255424325213,0.7883413182243022,0.21165868177569783
222,111.37123745819397,0.86,0.65,0.3553419696164611,0.6446580303835387,0.7898669429180993,0.21013305708190075
223,111.87290969899665,0.86,0.65,0.3562982260862036,0.6437017739137962,0.791361642424326,0.20863835757567403
224,112.37458193979933,0.86,0.65,0.35724322791772617,0.6427567720822737,0.7928260438305884,0.20717395616941167
225,112.876254180602,0.86,0.65,0.3581769815029637,0.6418230184970362,0.7942607633715111,0.20573923662848898
226,113.37792642140468,0.86,0.65,0.3590995009370559,0.6409004990629439,0.7956664079782607,0.20433359202173929
227,113.87959866220736,0.86,0.65,0.3600108024229028,0.639989197577097,0.7970435727731308,0.20295642722686935
228,114.38127090301003,0.86,0.65,0.36091090941129444,0.6390890905887054,0.7983928425556389,0.20160715744436117
229,114.88294314381271,0.86,0.65,0.36179985021516803,0.6382001497848319,0.7997147916667492,0.20028520833325078
230,115.38461538461539,0.86,0.65,0.36267765826166803,0.6373223417383318,0.801009984391267,0.19899001560873297
231,115.88628762541806,0.86,0.65,0.36354437157459685,0.636455628425403,0.8022789742097632,0.19772102579023684
232,116.38795986622074,0.86,0.65,0.36440003246783226,0.6355999675321677,0.8035223044755119,0.1964776955244882
233,116.88963210702342,0.86,0.65,0.365244687854529,0.634755312145471,0.8047405081485874,0.19525949185141267
234,117.3913043478261,0.86,0.65,0.36607838875971543,0.6339216112402847,0.8059341079197804,0.1940658920802197
235,117.89297658862876,0.86,0.65,0.366901189168016,0.633098810831984,0.807103616627606,0.192896383372394
236,118.39464882943143,0.86,0.65,0.3677131474922085,0.6322868525077914,0.8082495367795066,0.19175046322049344
237,118.89632107023411,0.86,0.65,0.3685143250878755,0.6314856749121245,0.8093723612745288,0.19062763872547117
238,119.39799331103679,0.86,0.65,0.3693047866541889,0.630695213345811,0.810472573177169,0.18952742682283102
239,119.89966555183946,0.86,0.65,0.37008460035389795,0.629915399646102,0.8115506456790493,0.1884493543209507
240,120.40133779264214,0.86,0.65,0.3708538365712788,0.6291461634287211,0.8126070428814892,0.18739295711851084
241,120.90301003344482,0.86,0.65,0.37161256905206885,0.628387430947931,0.813642219058134,0.18635778094186603
242,121.40468227424749,0.86,0.65,0.3723608738005798,0.6276391261994201,0.8146566194249607,0.1853433805750393
243,121.90635451505017,0.86,0.65,0.3730988290623516,0.6269011709376483,0.8156506801494713,0.1843493198505288
244,122.40802675585284,0.86,0.65,0.3738265157937018,0.6261734842062981,0.8166248280420242,0.18337517195797587
245,122.90969899665552,0.86,0.65,0.374544016461112,0.625455983538888,0.817579481554835,0.18242051844516502
246,123.4113712374582,0.86,0.65,0.37525141593565026,0.6247485840643497,0.818515050007536,0.18148494999246387
247,123.91304347826087,0.86,0.65,0.3759488007592138,0.6240511992407862,0.8194319342837086,0.1805680657162913
248,124.41471571906355,0.86,0.65,0.3766362589353642,0.6233637410646358,0.8203305270263365,0.1796694729736634
249,124.91638795986621,0.86,0.65,0.37731388044852177,0.6226861195514783,0.8212112121488001,0.17878878785119973
250,125.41806020066889,0.86,0.65,0.37798175620102253,0.6220182437989776,0.8220743659512755,0.17792563404872438
251,125.91973244147157,0.86,0.65,0.3786399787205327,0.6213600212794674,0.82292035636018,0.17707964363981982
252,126.42140468227424,0.86,0.65,0.379288641681779,0.620711358318221,0.8237495434969052,0.17625045650309468
253,126.92307692307692,0.86,0.65,0.37992783956977116,0.6200721604302288,0.8245622800727554,0.17543771992724447
254,127.4247491638796,0.86,0.65,0.38055766822990417,0.619442331770096,0.8253589107360403,0.1746410892639596
255,127.92642140468227,0.86,0.65,0.3811782239768037,0.6188217760231964,0.8261397732124068,0.17386022678759297
256,128.42809364548495,0.86,0.65,0.38178960408208734,0.6182103959179128,0.8269051976679093,0.17309480233209054
257,128.9297658862876,0.86,0.65,0.3823919064770729,0.6176080935229272,0.8276555071514207,0.17234449284857917
258,129.4314381270903,0.86,0.65,0.3829852295012753,0.6170147704987249,0.8283910179526284,0.17160898204737152
259,129.93311036789297,0.86,0.65,0.383569672248626,0.6164303277513742,0.8291120390988538,0.17088796090114602
260,130.43478260869566,0.86,0.65,0.38414533390405614,0.6158546660959441,0.829818873369129,0.17018112663087084
261,130.93645484949832,0.86,0.65,0.384712314189306,0.6152876858106942,0.8305118166053774,0.1694881833946225
262,131.438127090301,0.86,0.65,0.38527071298232624,0.6147292870176739,0.8311911583519243,0.16880884164807566
263,131.93979933110367,0.86,0.65,0.38582063025701163,0.6141793697429885,0.8318571819518293,0.16814281804817052
264,132.44147157190636,0.86,0.65,0.3863621662678528,0.6136378337321473,0.8325101642494886,0.16748983575051124
265,132.94314381270902,0.86,0.65,0.38689542106194674,0.6131045789380533,0.8331503764837427,0.1668496235162573
266,133.44481605351172,0.86,0.65,0.3874204948583976,0.6125795051416024,0.8337780835801967,0.16622191641980327
267,133.94648829431438,0.86,0.65,0.38793748764556596,0.6120625123544341,0.8343935449694977,0.16560645503050225
268,134.44816053511707,0.86,0.65,0.3884464992886717,0.6115535007113283,0.8349970143611161,0.16500298563888388
269,134.94983277591973,0.86,0.65,0.388947629645496,0.611052370354504,0.8355887395042607,0.16441126049573926
270,135.45150501672242,0.86,0.65,0.3894409780041863,0.6105590219958136,0.8361689633498015,0.16383103665019844
271,135.95317725752508,0.86,0.65,0.38992664347247746,0.6100733565275225,0.8367379232458246,0.1632620767541753
272,136.45484949832775,0.86,0.65,0.39040472491554246,0.6095952750844575,0.8372958511040814,0.16270414889591858
273,136.95652173913044,0.86,0.65,0.39087532056659613,0.6091246794334038,0.8378429743545062,0.16215702564549384
274,137.4581939799331,0.86,0.65,0.3913385284079683,0.6086614715920317,0.8383795149837694,0.1616204850162306
275,137.9598662207358,0.86,0.65,0.3917944459497196,0.6082055540502803,0.8389056901308313,0.16109430986916878
276,138.46153846153845,0.86,0.65,0.3922431700312269,0.6077568299687731,0.8394217126342903,0.16057828736570975
277,138.96321070234114,0.86,0.65,0.3926847971366092,0.6073152028633908,0.839927790154338,0.1600722098456621
278,139.4648829431438,0.86,0.65,0.39311942307532005,0.60688057692468,0.8404241260855465,0.15957587391445363
279,139.9665551839465,0.86,0.65,0.39354714299115806,0.606452857008842,0.8409109195304905,0.1590890804695096
280,140.46822742474916,0.86,0.65,0.39396805152828074,0.6060319484717193,0.8413883648298055,0.15861163517019458
281,140.96989966555185,0.86,0.65,0.394382242517725,0.605617757482275,0.8418566526663673,0.15814334733363278
282,141.4715719063545,0.86,0.65,0.39478980917294026,0.6052101908270597,0.8423159693364914,0.15768403066350867
283,141.9732441471572,0.86,0.65,0.39519084412948874,0.6048091558705112,0.842766496601959,0.15723350339804099
284,142.47491638795987,0.86,0.65,0.3955854392119299,0.6044145607880701,0.8432084124902492,0.15679158750975078
285,142.97658862876253,0.86,0.65,0.39597368523769944,0.6040263147623005,0.8436418919525142,0.1563581080474859
286,143.47826086956522,0.86,0.65,0.3963556724654166,0.6036443275345834,0.8440671053595323,0.1559328946404677
287,143.97993311036788,0.86,0.65,0.39673149040915023,0.6032685095908499,0.8444842191596077,0.15551578084039236
288,144.48160535117057,0.86,0.65,0.39710122760315514,0.602898772396845,0.8448933970682163,0.1551066029317838
289,144.98327759197323,0.86,0.65,0.3974649718267227,0.6025350281732774,0.8452947989233746,0.15470520107662558
290,145.48494983277592,0.86,0.65,0.39782281010728965,0.6021771898927104,0.845688580669814,0.15431141933018613
291,145.9866220735786,0.86,0.65,0.3981748285916938,0.6018251714083063,0.8460748951805924,0.1539251048194078
292,146.48829431438128,0.86,0.65,0.398521112502897,0.601478887497103,0.8464538925558005,0.15354610744419972
293,146.98996655518394,0.86,0.65,0.3988617462994501,0.60113825370055,0.846825719021902,0.15317428097809824
294,147.49163879598663,0.86,0.65,0.39919681358884856,0.6008031864111514,0.847190517515362,0.15280948248463821
295,147.9933110367893,0.86,0.65,0.3995263969670649,0.6004736030329351,0.8475484286818846,0.15245157131811557
296,148.49498327759198,0.86,0.65,0.3998505781969767,0.6001494218030233,0.8478995897656288,0.15210041023437126
297,148.99665551839465,0.86,0.65,0.40016943818920986,0.5998305618107902,0.848244134728535,0.15175586527146523
298,149.49832775919734,0.86,0.65,0.400483056928487,0.599516943071513,0.8485821951204655,0.15141780487953468
299,150.0,0.86,0.65,0.4007915134809443,0.5992084865190557,0.8489138999776867,0.15108610002231349
