,time,sigma,beta,S,I,C,D
0,0.0,0.25,0.04,0.9998,0.0002,0.5,0.5
1,0.5016722408026756,0.25,0.04,0.999810632662061,0.00018936733793901655,0.47911123962764174,0.5208887603723581
2,1.0033444816053512,0.25,0.04,0.999820657388235,0.00017934261176530164,0.4582951100986782,0.5417048899013217
3,1.5050167224080266,0.25,0.04,0.9998301104247225,0.00016988957527773037,0.4376234502076907,0.5623765497923094
4,2.0066889632107023,0.25,0.04,0.9998390284130854,0.00016097158691488368,0.417166057179578,0.5828339428204221
5,2.508361204013378,0.25,0.04,0.999847445439891,0.00015255456010936604,0.39698981502100866,0.6030101849789914
6,3.0100334448160533,0.25,0.04,0.9998553931890903,0.0001446068109100563,0.377157848031656,0.622842151968344
7,3.511705685618729,0.25,0.04,0.9998629010964178,0.00013709890358264555,0.35772881854487293,0.642271181455127
8,4.013377926421405,0.25,0.04,0.9998699965209713,0.00013000347902909908,0.3387562212766394,0.6612437787233607
9,4.51505016722408,0.25,0.04,0.9998767048697106,0.00012329513028972057,0.3202880046939099,0.67971199530609
10,5.016722408026756,0.25,0.04,0.9998830497471701,0.00011695025283018716,0.3023661765314412,0.6976338234685588
11,5.518394648829432,0.25,0.04,0.9998890530871172,0.00011094691288314873,0.2850266000886065,0.7149733999113935
12,6.020066889632107,0.25,0.04,0.9998947352774522,0.00010526472254818684,0.2682989226529965,0.7317010773470036
13,6.521739130434782,0.25,0.04,0.9999001152780269,9.988472197348683e-05,0.2522066308476803,0.7477933691523198
14,7.023411371237458,0.25,0.04,0.9999052107354199,9.478926458039835e-05,0.23676714721558234,0.7632328527844177
15,7.525083612040134,0.25,0.04,0.9999100380795508,8.996192044951245e-05,0.2219922027377073,0.7780077972622927
16,8.02675585284281,0.25,0.04,0.999914612623787,8.53873762133943e-05,0.20788811772595225,0.7921118822740478
17,8.528428093645484,0.25,0.04,0.9999189486576208,8.105134237963531e-05,0.19445611090608186,0.8055438890939182
18,9.03010033444816,0.25,0.04,0.999923059523063,7.694047693742078e-05,0.18169287645814425,0.8183071235418556
19,9.531772575250836,0.25,0.04,0.9999269576935949,7.304230640555582e-05,0.16959097716617563,0.8304090228338242
20,10.033444816053512,0.25,0.04,0.9999306548428067,6.934515719367041e-05,0.15813934547727934,0.8418606545227205
21,10.535117056856187,0.25,0.04,0.9999341619073037,6.583809269680676e-05,0.14732377953768244,0.8526762204623174
22,11.036789297658864,0.25,0.04,0.9999374891445721,6.251085542839684e-05,0.13712741443648938,0.8628725855635105
23,11.538461538461538,0.25,0.04,0.9999406461854332,5.9353814567374265e-05,0.12753118263020924,0.8724688173697907
24,12.040133779264213,0.25,0.04,0.9999436420816133,5.635791838722665e-05,0.11851424932316902,0.8814857506768308
25,12.54180602006689,0.25,0.04,0.9999464853490907,5.351465090983547e-05,0.11005441448304468,0.8899455855169551
26,13.043478260869565,0.25,0.04,0.9999491840068935,5.0815993107045574e-05,0.10212848765144877,0.8978715123485509
27,13.545150501672241,0.25,0.04,0.9999517456133182,4.8254386682316954e-05,0.09471261449613207,0.9052873855038677
28,14.046822742474916,0.25,0.04,0.9999541772976864,4.5822702314094104e-05,0.08778257689730258,0.9122174231026972
29,14.548494983277592,0.25,0.04,0.9999564857903352,4.3514209665244785e-05,0.08131405142519317,0.9186859485748066
30,15.050167224080267,0.25,0.04,0.9999586774486992,4.13225513014038e-05,0.07528283580966187,0.9247171641903379
31,15.551839464882944,0.25,0.04,0.9999607582822856,3.92417177149336e-05,0.0696650382401966,0.9303349617598031
32,16.05351170568562,0.25,0.04,0.9999627339746447,3.7266025355700584e-05,0.06443723829245497,0.9355627617075448
33,16.555183946488295,0.25,0.04,0.9999646099038159,3.539009618457767e-05,0.059576615421982095,0.9404233845780177
34,17.05685618729097,0.25,0.04,0.9999663911612882,3.360883871229645e-05,0.055061056901989244,0.9449389430980105
35,17.558528428093645,0.25,0.04,0.9999680825688776,3.191743112296565e-05,0.050869234088112336,0.9491307659118874
36,18.06020066889632,0.25,0.04,0.9999696886950499,3.031130495063185e-05,0.04698066769137826,0.9530193323086215
37,18.561872909698998,0.25,0.04,0.9999712138693636,2.8786130636956702e-05,0.04337576661975822,0.9566242333802415
38,19.06354515050167,0.25,0.04,0.9999726621961617,2.7337803838910365e-05,0.04003585429967839,0.9599641457003213
39,19.565217391304348,0.25,0.04,0.9999740375668558,2.59624331447616e-05,0.036943175095010425,0.9630568249049892
40,20.066889632107024,0.25,0.04,0.9999753436726198,2.465632738077363e-05,0.034080912255032784,0.9659190877449669
41,20.568561872909697,0.25,0.04,0.9999765840151826,2.3415984817889732e-05,0.03143317284929794,0.9685668271507017
42,21.070234113712374,0.25,0.04,0.999977761916121,2.2238083879523376e-05,0.028984960435220634,0.971015039564779
43,21.57190635451505,0.25,0.04,0.9999788805277886,2.1119472211954098e-05,0.026722169966327036,0.9732778300336725
44,22.073578595317727,0.25,0.04,0.9999799428414353,2.0057158565185008e-05,0.024631548712488644,0.9753684512875109
45,22.5752508361204,0.25,0.04,0.9999809516961424,1.904830385809665e-05,0.022700672271630796,0.9772993277283688
46,23.076923076923077,0.25,0.04,0.9999819097867783,1.8090213222297943e-05,0.02091791075611315,0.9790820892438865
47,23.578595317725753,0.25,0.04,0.9999828196714351,1.7180328565408894e-05,0.019272393438062075,0.9807276065619376
48,24.080267558528426,0.25,0.04,0.9999836837786683,1.6316221332216783e-05,0.01775397456950635,0.9822460254304933
49,24.581939799331103,0.25,0.04,0.9999845044140228,1.5495585977818795e-05,0.016353192239632334,0.9836468077603674
50,25.08361204013378,0.25,0.04,0.999985283766507,1.4716233493451793e-05,0.015061235988563258,0.9849387640114363
51,25.585284280936456,0.25,0.04,0.9999860239144929,1.3976085507519164e-05,0.013869908390000843,0.9861300916099988
52,26.08695652173913,0.25,0.04,0.9999867268314514,1.3273168548998146e-05,0.012771591508072536,0.987228408491927
53,26.588628762541806,0.25,0.04,0.9999873943912255,1.2605608774873948e-05,0.011759209482052968,0.9882407905179466
54,27.090301003344482,0.25,0.04,0.9999880283731657,1.1971626834732196e-05,0.010826197042186292,0.9891738029578132
55,27.59197324414716,0.25,0.04,0.999988630466898,1.136953310241122e-05,0.00996646580523913,0.9900335341947604
56,28.093645484949832,0.25,0.04,0.9999892022769016,1.0797723098875743e-05,0.009174373984048165,0.9908256260159514
57,28.59531772575251,0.25,0.04,0.9999897453268428,1.02546731576292e-05,0.008444697457991628,0.991555302542008
58,29.096989966555185,0.25,0.04,0.9999902610635968,9.738936403641583e-06,0.0077725995219495095,0.99222740047805
59,29.598662207357858,0.25,0.04,0.9999907508612117,9.249138788788304e-06,0.007153606738367426,0.9928463932616323
60,30.100334448160535,0.25,0.04,0.9999912160245362,8.783975464281358e-06,0.006583581960482472,0.9934164180395172
61,30.60200668896321,0.25,0.04,0.9999916577927412,8.34220725927183e-06,0.006058701416761401,0.9939412985832382
62,31.103678929765888,0.25,0.04,0.9999920773426354,7.922657365051251e-06,0.00557543248647541,0.9944245675135241
63,31.60535117056856,0.25,0.04,0.999992475791784,7.524208216480545e-06,0.005130512055640705,0.9948694879443589
64,32.10702341137124,0.25,0.04,0.9999928542015346,7.145798465813986e-06,0.004720927807259557,0.99527907219274
65,32.608695652173914,0.25,0.04,0.9999932135798161,6.786420184325963e-06,0.004343899066787064,0.9956561009332126
66,33.11036789297659,0.25,0.04,0.9999935548838521,6.445116148249548e-06,0.003996860088519272,0.9960031399114804
67,33.61204013377927,0.25,0.04,0.9999938790227093,6.120977291023385e-06,0.003677444005632923,0.9963225559943667
68,34.11371237458194,0.25,0.04,0.9999941868597148,5.813140285665814e-06,0.0033834678257229226,0.9966165321742767
69,34.61538461538461,0.25,0.04,0.9999944792147766,5.52078522392627e-06,0.003112918767414053,0.9968870812325856
70,35.11705685618729,0.25,0.04,0.9999947568665476,5.243133452908917e-06,0.002863941167279513,0.9971360588327202
71,35.618729096989966,0.25,0.04,0.9999950205545208,4.979445479686129e-06,0.002634824638907057,0.9973651753610927
72,36.12040133779264,0.25,0.04,0.999995270980989,4.729019011542822e-06,0.002423992963731192,0.9975760070362686
73,36.62207357859532,0.25,0.04,0.99999550881292,4.491187080494264e-06,0.002229993738281636,0.9977700062617181
74,37.123745819397996,0.25,0.04,0.9999957346837371,4.265316263369481e-06,0.0020514888836325874,0.9979485111163672
75,37.625418060200666,0.25,0.04,0.999995949194992,4.050805008414557e-06,0.0018872458458589721,0.9981127541541408
76,38.12709030100334,0.25,0.04,0.9999961529179995,3.8470820009357214e-06,0.0017361292934493496,0.9982638707065504
77,38.62876254180602,0.25,0.04,0.9999963463953518,3.6536046485533005e-06,0.0015970935708850913,0.9984029064291147
78,39.130434782608695,0.25,0.04,0.9999965301423213,3.4698576790915235e-06,0.0014691758367249945,0.9985308241632748
79,39.63210702341137,0.25,0.04,0.9999967046482714,3.295351728949179e-06,0.0013514896132616647,0.9986485103867381
80,40.13377926421405,0.25,0.04,0.9999968703779512,3.1296220491671115e-06,0.001243218804005395,0.9987567811959943
81,40.635451505016725,0.25,0.04,0.999997027772771,2.9722272293529816e-06,0.0011436115798100614,0.9988563884201896
82,41.137123745819395,0.25,0.04,0.9999971772518913,2.822748109061417e-06,0.0010519764123845352,0.9989480235876151
83,41.63879598662207,0.25,0.04,0.9999973192133644,2.6807866360164913e-06,0.000967677053851175,0.9990323229461485
84,42.14046822742475,0.25,0.04,0.9999974540353324,2.545964668107122e-06,0.0008901267311385647,0.9991098732688611
85,42.642140468227424,0.25,0.04,0.9999975820768416,2.4179231587981766e-06,0.0008187861582842147,0.9991812138417154
86,43.1438127090301,0.25,0.04,0.9999977036788501,2.2963211502682755e-06,0.0007531593233459821,0.9992468406766536
87,43.64548494983278,0.25,0.04,0.9999978191652742,2.180834726181119e-06,0.0006927887201635824,0.999307211279836
88,44.147157190635454,0.25,0.04,0.9999979288436669,2.071156333493034e-06,0.0006372540157736968,0.9993627459842259
89,44.64882943143812,0.25,0.04,0.9999980330060848,1.966993915715493e-06,0.0005861686985382344,0.9994138313014613
90,45.1505016722408,0.25,0.04,0.9999981319299894,1.8680700110372526e-06,0.0005391762360603935,0.9994608237639392
91,45.65217391304348,0.25,0.04,0.9999982258788256,1.7741211749260592e-06,0.0004959491442583117,0.9995040508557412
92,46.15384615384615,0.25,0.04,0.9999983151027633,1.6848972372346192e-06,0.00045618633553816585,0.9995438136644613
93,46.65551839464883,0.25,0.04,0.9999983998394714,1.6001605290344611e-06,0.00041961005685485606,0.9995803899431447
94,47.15719063545151,0.25,0.04,0.9999984803146131,1.51968538729304e-06,0.0003859652025805476,0.999614034797419
95,47.65886287625418,0.25,0.04,0.999998556742481,1.4432575195568523e-06,0.0003550172436891757,0.9996449827563103
96,48.16053511705685,0.25,0.04,0.999998629326657,1.3706733434744725e-06,0.00032654987589505433,0.9996734501241045
97,48.66220735785953,0.25,0.04,0.9999986982604407,1.301739559678906e-06,0.00030036444343492014,0.9996996355565646
98,49.163879598662206,0.25,0.04,0.9999987637273924,1.2362726080124299e-06,0.0002762783288364988,0.999723721671163
99,49.66555183946488,0.25,0.04,0.9999988259018973,1.174098103195618e-06,0.00025412309458722475,0.9997458769054123
100,50.16722408026756,0.25,0.04,0.9999988849495317,1.1150504686716455e-06,0.0002337440686604655,0.999766255931339
101,50.668896321070235,0.25,0.04,0.9999989410275306,1.05897246984835e-06,0.0002149990713693276,0.9997850009286302
102,51.17056856187291,0.25,0.04,0.9999989942852697,1.0057147307234524e-06,0.00019775696021904625,0.9998022430397805
103,51.67224080267559,0.25,0.04,0.9999990448645794,9.551354211181694e-07,0.0001818973170719113,0.9998181026829276
104,52.17391304347826,0.25,0.04,0.9999990929001445,9.070998558686964e-07,0.0001673094493265053,0.999832690550673
105,52.675585284280935,0.25,0.04,0.9999991385199185,8.6148008188185e-07,0.00015389126949432437,0.9998461087305052
106,53.17725752508361,0.25,0.04,0.9999991818453905,8.18154609941907e-07,0.00014154904613965412,0.9998584509538598
107,53.67892976588629,0.25,0.04,0.9999992229919296,7.770080707350924e-07,0.00013019662101003955,0.9998698033789895
108,54.180602006688964,0.25,0.04,0.9999992620691388,7.379308615095698e-07,0.00011975452550636662,0.9998802454744932
109,54.68227424749164,0.25,0.04,0.9999992991810837,7.008189166883741e-07,0.00011014980149532964,0.9998898501985042
110,55.18394648829432,0.25,0.04,0.9999993344265878,6.655734125282075e-07,0.00010131538442617651,0.9998986846155733
111,55.68561872909699,0.25,0.04,0.9999993678995355,6.321004649614053e-07,9.318942124877353e-05,0.9999068105787507
112,56.187290969899664,0.25,0.04,0.9999993996890673,6.003109331743571e-07,8.571512743023513e-05,0.9999142848725693
113,56.68896321070234,0.25,0.04,0.9999994298798367,5.70120163599508e-07,7.884029764287715e-05,0.9999211597023566
114,57.19063545150502,0.25,0.04,0.9999994585522564,5.414477439794096e-07,7.251681380731343e-05,0.9999274831861922
115,57.69230769230769,0.25,0.04,0.9999994857826898,5.14217310560971e-07,6.670046209716263e-05,0.9999332995379023
116,58.19397993311037,0.25,0.04,0.9999995116436525,4.883563478427358e-07,6.135059212937459e-05,0.9999386494078701
117,58.69565217391305,0.25,0.04,0.9999995362040459,4.637959543943568e-07,5.6429656974453034e-05,0.9999435703430251
118,59.197324414715716,0.25,0.04,0.9999995595292669,4.404707334064479e-07,5.19033044733625e-05,0.9999480966955261
119,59.69899665551839,0.25,0.04,0.9999995816814012,4.183185990536882e-07,4.77400691927778e-05,0.9999522599308067
120,60.20066889632107,0.25,0.04,0.9999996027194071,3.972805931029029e-07,4.3911000990004296e-05,0.9999560889990095
121,60.702341137123746,0.25,0.04,0.9999996226993042,3.773006960830727e-07,4.0389183100387895e-05,0.9999596108168991
122,61.20401337792642,0.25,0.04,0.999999641674321,3.5832567931656777e-07,3.714994317589243e-05,0.9999628500568236
123,61.7056856187291,0.25,0.04,0.9999996596950786,3.4030492162741293e-07,3.4170465293836914e-05,0.9999658295347057
124,62.207357859531776,0.25,0.04,0.9999996768096162,3.231903841422608e-07,3.142982194428676e-05,0.9999685701780552
125,62.709030100334445,0.25,0.04,0.9999996930633426,3.069366576845138e-07,2.8909146696255025e-05,0.9999710908533033
126,63.21070234113712,0.25,0.04,0.9999997084995754,2.9150042491214616e-07,2.6590732438191906e-05,0.9999734092675613
127,63.7123745819398,0.25,0.04,0.9999997231595528,2.7684044751037787e-07,2.445809352511172e-05,0.9999755419064744
128,64.21404682274247,0.25,0.04,0.9999997370823794,2.6291762091261397e-07,2.249618539927532e-05,0.9999775038146002
129,64.71571906354515,0.25,0.04,0.9999997503049302,2.4969507021579247e-07,2.0691707621450743e-05,0.9999793082923779
130,65.21739130434783,0.25,0.04,0.9999997628624403,2.3713756001000998e-07,1.9032033009352586e-05,0.9999809679669901
131,65.7190635451505,0.25,0.04,0.9999997747884555,2.2521154489133047e-07,1.7505419749909966e-05,0.9999824945802495
132,66.22073578595318,0.25,0.04,0.9999997861147757,2.138852245811281e-07,1.6101146720960773e-05,0.9999838988532784
133,66.72240802675586,0.25,0.04,0.9999997968714055,2.031285948104699e-07,1.4809640025494749e-05,0.9999851903599739
134,67.22408026755853,0.25,0.04,0.9999998070870157,1.929129845080893e-07,1.362182452434263e-05,0.9999863781754751
135,67.72575250836121,0.25,0.04,0.9999998167889058,1.8321109444608268e-07,1.2529231906204678e-05,0.9999874707680932
136,68.22742474916387,0.25,0.04,0.9999998260031274,1.7399687291589506e-07,1.152400164926224e-05,0.9999884759983502
137,68.72909698996655,0.25,0.04,0.9999998347535564,1.6524644393099566e-07,1.0599775487032999e-05,0.9999894002245124
138,69.23076923076923,0.25,0.04,0.9999998430639998,1.5693600044397465e-07,9.749628722107804e-06,0.9999902503712773
139,69.7324414715719,0.25,0.04,0.9999998509565559,1.490434444494571e-07,8.967595515555196e-06,0.9999910324044838
140,70.23411371237458,0.25,0.04,0.9999998584522268,1.4154777349383187e-07,8.248238362164712e-06,0.9999917517616373
141,70.73578595317726,0.25,0.04,0.9999998655708957,1.3442910466672928e-07,7.586686184101137e-06,0.9999924133138154
142,71.23745819397993,0.25,0.04,0.9999998723315788,1.2766842151976178e-07,6.978232488633321e-06,0.9999930217675108
143,71.73913043478261,0.25,0.04,0.999999878752306,1.212476943173064e-07,6.418526302254356e-06,0.9999935814736972
144,72.24080267558529,0.25,0.04,0.999999884850142,1.1514985838628163e-07,5.903573063545841e-06,0.999994096426936
145,72.74247491638796,0.25,0.04,0.9999998906415515,1.093584489290619e-07,5.429734435954254e-06,0.9999945702655636
146,73.24414715719064,0.25,0.04,0.999999896142011,1.0385798935737079e-07,4.993728506881465e-06,0.9999950062714926
147,73.74581939799332,0.25,0.04,0.9999999013659839,9.863401644616746e-08,4.5926298005805746e-06,0.999995407370199
148,74.24749163879599,0.25,0.04,0.9999999063270055,9.36729947981549e-08,4.223869234303703e-06,0.9999957761307653
149,74.74916387959867,0.25,0.04,0.9999999110380541,8.896194628293397e-08,3.885015676287315e-06,0.9999961149843233
150,75.25083612040133,0.25,0.04,0.9999999155123848,8.448761550185104e-08,3.5732839953963574e-06,0.9999964267160042
151,75.75250836120401,0.25,0.04,0.9999999197619057,8.023809454972592e-08,3.28649284236101e-06,0.9999967135071571
152,76.25418060200668,0.25,0.04,0.9999999237977257,7.620227459570829e-08,3.0227413620249784e-06,0.9999969772586376
153,76.75585284280936,0.25,0.04,0.999999927630217,7.236978337481537e-08,2.7803725547521643e-06,0.9999972196274448
154,77.25752508361204,0.25,0.04,0.9999999312697941,6.873020626461424e-08,2.5575745777586445e-06,0.9999974424254218
155,77.75919732441471,0.25,0.04,0.9999999347265506,6.527344976073926e-08,2.3525667932143064e-06,0.9999976474332063
156,78.26086956521739,0.25,0.04,0.9999999380096067,6.199039356775368e-08,2.1639335466162564e-06,0.9999978360664529
157,78.76254180602007,0.25,0.04,0.9999999411275001,5.887250022013002e-08,1.9904243478957157e-06,0.9999980095756517
158,79.26421404682274,0.25,0.04,0.9999999440941298,5.590587054302127e-08,1.829405783460806e-06,0.9999981705942161
159,79.76588628762542,0.25,0.04,0.9999999469021952,5.309780516481178e-08,1.683640216158215e-06,0.9999983163597834
160,80.2675585284281,0.25,0.04,0.9999999495713853,5.042861510809776e-08,1.548943127114191e-06,0.9999984510568725
161,80.76923076923077,0.25,0.04,0.9999999521074636,4.7892536794549127e-08,1.4247438838816056e-06,0.9999985752561157
162,81.27090301003345,0.25,0.04,0.9999999545161937,4.548380664583576e-08,1.31047185401333e-06,0.9999986895281456
163,81.77257525083613,0.25,0.04,0.9999999568033854,4.319661507033086e-08,1.20546995614421e-06,0.9999987945300436
164,82.27424749163879,0.25,0.04,0.9999999589749132,4.1025087254280134e-08,1.1089585708003446e-06,0.9999988910414289
165,82.77591973244147,0.25,0.04,0.9999999610365861,3.8963414412739974e-08,1.020282132198032e-06,0.9999989797178674
166,83.27759197324414,0.25,0.04,0.9999999629942109,3.7005789614150506e-08,9.387885566558463e-07,0.999999061211443
167,83.77926421404682,0.25,0.04,0.9999999648535945,3.514640592695181e-08,8.638257604923583e-07,0.9999991361742392
168,84.2809364548495,0.25,0.04,0.999999966620514,3.337948629674047e-08,7.947459312194909e-07,0.9999992052540685
169,84.78260869565217,0.25,0.04,0.9999999682985017,3.170149867690109e-08,7.312221992855319e-07,0.9999992687778004
170,85.28428093645485,0.25,0.04,0.9999999698911342,3.010886622679657e-08,6.72921291452799e-07,0.9999993270787082
171,85.78595317725753,0.25,0.04,0.9999999714030788,2.8596921490721963e-08,6.193540217940566e-07,0.9999993806459778
172,86.2876254180602,0.25,0.04,0.9999999728390033,2.7160997012972343e-08,5.700312043820692e-07,0.9999994299687953
173,86.78929765886288,0.25,0.04,0.999999974203575,2.579642533784278e-08,5.244636532896011e-07,0.9999994755363464
174,87.29096989966555,0.25,0.04,0.999999975501098,2.4498902425871832e-08,4.822235564421505e-07,0.9999995177764432
175,87.79264214046823,0.25,0.04,0.9999999767330655,2.3266934897114953e-08,4.4335776685345093e-07,0.9999995566422328
176,88.29431438127091,0.25,0.04,0.9999999779024126,2.2097587939577627e-08,4.0766970802645014e-07,0.9999995923302917
177,88.79598662207358,0.25,0.04,0.9999999790125778,2.098742267048271e-08,3.7487767582729953e-07,0.9999996251223239
178,89.29765886287625,0.25,0.04,0.9999999800670003,1.9933000207053092e-08,3.4469996612215157e-07,0.9999996553000337
179,89.79933110367892,0.25,0.04,0.9999999810691188,1.8930881666511566e-08,3.168548747771561e-07,0.999999683145125
180,90.3010033444816,0.25,0.04,0.9999999820732287,1.7926771786272014e-08,2.87568525781741e-07,0.999999712431474
181,90.80267558528428,0.25,0.04,0.9999999829518139,1.7048186632869218e-08,2.65762434565207e-07,0.9999997342375652
182,91.30434782608695,0.25,0.04,0.999999983794579,1.6205421512560826e-08,2.452135570094541e-07,0.9999997547864428
183,91.80602006688963,0.25,0.04,0.9999999846015241,1.5398476425346835e-08,2.2592189311448229e-07,0.9999997740781067
184,92.3076923076923,0.25,0.04,0.9999999853726491,1.4627351371227249e-08,2.0788744288029162e-07,0.9999997921125569
185,92.80936454849498,0.25,0.04,0.9999999861079626,1.3892037896653138e-08,1.9110985571183643e-07,0.9999998088901441
186,93.31103678929766,0.25,0.04,0.9999999868097543,1.3190246190413746e-08,1.7549416599488627e-07,0.9999998245058337
187,93.81270903010034,0.25,0.04,0.9999999874798137,1.2520186858000487e-08,1.6096616195695558e-07,0.9999998390338377
188,94.31438127090301,0.25,0.04,0.9999999881181406,1.188185989941336e-08,1.4752584359804436e-07,0.9999998524741561
189,94.81605351170569,0.25,0.04,0.9999999887247352,1.1275265314652368e-08,1.3517321091815265e-07,0.9999998648267888
190,95.31772575250837,0.25,0.04,0.9999999892995974,1.0700403103717508e-08,1.2390826391728038e-07,0.9999998760917358
191,95.81939799331104,0.25,0.04,0.9999999898427273,1.0157273266608782e-08,1.1373100259542764e-07,0.9999998862689972
192,96.3210702341137,0.25,0.04,0.9999999903542927,9.64570780007845e-09,1.0463282133340799e-07,0.9999998953671783
193,96.82274247491638,0.25,0.04,0.99999999084054,9.159460406228669e-09,9.62937664294005e-08,0.9999999037062333
194,97.32441471571906,0.25,0.04,0.999999991304632,8.695368480111772e-09,8.855183998049451e-08,0.9999999114481597
195,97.82608695652173,0.25,0.04,0.9999999917465684,8.25343202172776e-09,8.140704198669002e-08,0.9999999185929577
196,98.32775919732441,0.25,0.04,0.9999999921663494,7.833651031076632e-09,7.485937244798701e-08,0.9999999251406272
197,98.82943143812709,0.25,0.04,0.999999992563975,7.436025508158388e-09,6.890883136438551e-08,0.9999999310911682
198,99.33110367892976,0.25,0.04,0.999999992939445,7.060555452973029e-09,6.355541873588549e-08,0.9999999364445809
199,99.83277591973244,0.25,0.04,0.9999999932930937,6.706906670465582e-09,5.878412674872789e-08,0.9999999412158729
200,100.33444816053512,0.25,0.04,0.9999999936298775,6.3701229017307e-09,5.4372382957607925e-08,0.9999999456276166
201,100.8361204013378,0.25,0.04,0.9999999939514471,6.048553224378764e-09,5.024604881563326e-08,0.9999999497539508
202,101.33779264214047,0.25,0.04,0.9999999942578027,5.742197638409775e-09,4.6405124322803896e-08,0.9999999535948753
203,101.83946488294315,0.25,0.04,0.9999999945489443,5.451056143823733e-09,4.2849609479119847e-08,0.9999999571503901
204,102.34113712374582,0.25,0.04,0.9999999948248717,5.175128740620637e-09,3.95795042845811e-08,0.9999999604204953
205,102.8428093645485,0.25,0.04,0.999999995085585,4.914415428800488e-09,3.659480873918766e-08,0.9999999634051908
206,103.34448160535118,0.25,0.04,0.9999999953315138,4.668486584737647e-09,3.3883514890829644e-08,0.9999999661164848
207,103.84615384615384,0.25,0.04,0.9999999955660702,4.43393020906392e-09,3.135025758133735e-08,0.999999968649742
208,104.34782608695652,0.25,0.04,0.999999995789989,4.210011449208909e-09,2.897449772964894e-08,0.9999999710255019
209,104.84949832775919,0.25,0.04,0.9999999960032702,3.99673030517262e-09,2.6756235335764473e-08,0.9999999732437643
210,105.35117056856187,0.25,0.04,0.9999999962059136,3.7940867769550545e-09,2.4695470399683956e-08,0.9999999753045292
211,105.85284280936455,0.25,0.04,0.9999999963979196,3.602080864556212e-09,2.2792202921407388e-08,0.9999999772077968
212,106.35451505016722,0.25,0.04,0.9999999965792878,3.4207125679760916e-09,2.1046432900934766e-08,0.9999999789535667
213,106.8561872909699,0.25,0.04,0.9999999967505099,3.249490644056119e-09,1.9448890853133734e-08,0.9999999805511088
214,107.35785953177258,0.25,0.04,0.9999999969139564,3.086044137428807e-09,1.7954838169140574e-08,0.9999999820451615
215,107.85953177257525,0.25,0.04,0.9999999970699399,2.9300605537047855e-09,1.655837825366303e-08,0.9999999834416214
216,108.36120401337793,0.25,0.04,0.9999999972184606,2.781539892884054e-09,1.5259511106701103e-08,0.9999999847404886
217,108.8628762541806,0.25,0.04,0.9999999973595184,2.640482154966614e-09,1.4058236728254793e-08,0.999999985941763
218,109.36454849498328,0.25,0.04,0.9999999974931132,2.506887339952464e-09,1.2954555118324097e-08,0.9999999870454446
219,109.86622073578596,0.25,0.04,0.9999999976192451,2.3807554478416047e-09,1.1948466276909019e-08,0.9999999880515335
220,110.36789297658864,0.25,0.04,0.9999999977384295,2.261570987598803e-09,1.1030899690382842e-08,0.9999999889691
221,110.8695652173913,0.25,0.04,0.9999999978522703,2.147730134482491e-09,1.0173634665893477e-08,0.9999999898263651
222,111.37123745819397,0.25,0.04,0.9999999979608825,2.039117998844919e-09,9.374649620049141e-09,0.9999999906253502
223,111.87290969899665,0.25,0.04,0.9999999980642659,1.9357345806860897e-09,8.63394455284986e-09,0.9999999913660552
224,112.37458193979933,0.25,0.04,0.9999999981624206,1.8375798800060042e-09,7.951519464295632e-09,0.9999999920484803
225,112.876254180602,0.25,0.04,0.9999999982553466,1.7446538968046619e-09,7.327374354386459e-09,0.9999999926726254
226,113.37792642140468,0.25,0.04,0.9999999983430439,1.6569566310820628e-09,6.76150922312234e-09,0.9999999932384905
227,113.87959866220736,0.25,0.04,0.9999999984260167,1.5739837623919278e-09,6.245741484628499e-09,0.9999999937542582
228,114.38127090301003,0.25,0.04,0.9999999985052972,1.4947032670579904e-09,5.763326582109433e-09,0.9999999942366732
229,114.88294314381271,0.25,0.04,0.9999999985809159,1.4190845234181066e-09,5.313767679908429e-09,0.999999994686232
230,115.38461538461539,0.25,0.04,0.9999999986528729,1.3471275314722767e-09,4.897064778025489e-09,0.9999999951029349
231,115.88628762541806,0.25,0.04,0.9999999987211682,1.2788322912205005e-09,4.513217876460611e-09,0.9999999954867819
232,116.38795986622074,0.25,0.04,0.9999999987858017,1.214198802662778e-09,4.162226975213796e-09,0.9999999958377728
233,116.88963210702342,0.25,0.04,0.9999999988467734,1.1532270657991092e-09,3.844092074285043e-09,0.9999999961559076
234,117.3913043478261,0.25,0.04,0.9999999989045532,1.0954473888645107e-09,3.55264258002087e-09,0.9999999964473572
235,117.89297658862876,0.25,0.04,0.9999999989597652,1.0402353520610378e-09,3.279675153275123e-09,0.9999999967203246
236,118.39464882943143,0.25,0.04,0.9999999990124127,9.875878944826959e-10,3.025149581277423e-09,0.9999999969748502
237,118.89632107023411,0.25,0.04,0.9999999990624955,9.37505016129486e-10,2.789065864027778e-09,0.9999999972109339
238,119.39799331103679,0.25,0.04,0.9999999991100138,8.899867170014087e-10,2.5714240015261886e-09,0.9999999974285757
239,119.89966555183946,0.25,0.04,0.9999999991549675,8.450329970984635e-10,2.372223993772654e-09,0.9999999976277758
240,120.40133779264214,0.25,0.04,0.9999999991973576,8.026429600837388e-10,2.1914566984512916e-09,0.9999999978085431
241,120.90301003344482,0.25,0.04,0.9999999992376034,7.623971159331839e-10,2.0248434673669503e-09,0.9999999979751563
242,121.40468227424749,0.25,0.04,0.999999999276053,7.239475117958735e-10,1.8688353059017567e-09,0.9999999981311645
243,121.90635451505017,0.25,0.04,0.9999999993127063,6.872941476718076e-10,1.7234322140557106e-09,0.9999999982765676
244,122.40802675585284,0.25,0.04,0.9999999993475636,6.524370235609863e-10,1.588634191828812e-09,0.9999999984113656
245,122.90969899665552,0.25,0.04,0.9999999993806244,6.193761394634094e-10,1.4644412392210605e-09,0.9999999985355585
246,123.4113712374582,0.25,0.04,0.999999999411889,5.881114953790771e-10,1.3508533562324566e-09,0.9999999986491465
247,123.91304347826087,0.25,0.04,0.9999999994413653,5.586351953849209e-10,1.2478052676114133e-09,0.9999999987521945
248,124.41471571906355,0.25,0.04,0.9999999994693988,5.306017695702516e-10,1.1524409886755815e-09,0.9999999988475587
249,124.91638795986621,0.25,0.04,0.9999999994961741,5.038264336193912e-10,1.0632329155475035e-09,0.9999999989367668
250,125.41806020066889,0.25,0.04,0.9999999995216913,4.783091875323385e-10,9.801810482271743e-10,0.9999999990198187
251,125.91973244147157,0.25,0.04,0.9999999995459505,4.540500313090942e-10,9.03285386714596e-10,0.9999999990967143
252,126.42140468227424,0.25,0.04,0.9999999995689516,4.310489649496582e-10,8.325459310097691e-10,0.9999999991674539
253,126.92307692307692,0.25,0.04,0.9999999995906945,4.093059884540306e-10,7.679626811126934e-10,0.9999999992320371
254,127.4247491638796,0.25,0.04,0.9999999996111958,3.888047782759019e-10,7.094226135630128e-10,0.9999999992905771
255,127.92642140468227,0.25,0.04,0.999999999630722,3.692785885218845e-10,6.550787924477523e-10,0.999999999344921
256,128.42809364548495,0.25,0.04,0.9999999996493669,3.506335631626606e-10,6.042813630718849e-10,0.9999999993957185
257,128.9297658862876,0.25,0.04,0.9999999996671308,3.328697021982307e-10,5.570303254354117e-10,0.9999999994429695
258,129.4314381270903,0.25,0.04,0.9999999996840135,3.159870056285932e-10,5.133256795383291e-10,0.9999999994866742
259,129.93311036789297,0.25,0.04,0.9999999997000151,2.9998547345375016e-10,4.73167425380642e-10,0.9999999995268324
260,130.43478260869566,0.25,0.04,0.9999999997151354,2.8486510567369976e-10,4.365555629623457e-10,0.9999999995634442
261,130.93645484949832,0.25,0.04,0.9999999997319553,2.6804529778883297e-10,3.913795431059945e-10,0.9999999996086203
262,131.438127090301,0.25,0.04,0.9999999997517097,2.482908642101876e-10,3.3184274884813695e-10,0.9999999996681571
263,131.93979933110367,0.25,0.04,0.9999999997708827,2.291178906450524e-10,2.744458601173215e-10,0.999999999725554
264,132.44147157190636,0.25,0.04,0.9999999997894742,2.105263770934252e-10,2.1918887691354193e-10,0.999999999780811
265,132.94314381270902,0.25,0.04,0.9999999998074842,1.9251632355530837e-10,1.6607179923680448e-10,0.9999999998339281
266,133.44481605351172,0.25,0.04,0.9999999998249128,1.750877300306995e-10,1.1509462708710272e-10,0.9999999998849052
267,133.94648829431438,0.25,0.04,0.99999999984176,1.582405965196008e-10,6.625736046444275e-11,0.9999999999337424
268,134.44816053511707,0.25,0.04,0.9999999998580257,1.4197492302201033e-10,1.9559999368819092e-11,0.9999999999804399
269,134.94983277591973,0.25,0.04,0.9999999998737099,1.2629070953792992e-10,-2.4997456199762873e-11,1.0000000000249973
270,135.45150501672242,0.25,0.04,0.9999999998888126,1.1118795606735777e-10,-6.741500624130853e-11,1.0000000000674147
271,135.95317725752508,0.25,0.04,0.9999999999033339,9.666666261029563e-11,-1.076926507558127e-10,1.0000000001076925
272,136.45484949832775,0.25,0.04,0.9999999999172737,8.272682916674253e-11,-1.4583038974327822e-10,1.0000000001458302
273,136.95652173913044,0.25,0.04,0.9999999999306322,6.936845573669784e-11,-1.818282232037069e-10,1.000000000181828
274,137.4581939799331,0.25,0.04,0.999999999943409,5.6591542320163054e-11,-2.1568615113709447e-10,1.000000000215686
275,137.9598662207358,0.25,0.04,0.9999999999556045,4.439608891713671e-11,-2.474041735434451e-10,1.000000000247404
276,138.46153846153845,0.25,0.04,0.9999999999672184,3.278209552762018e-11,-2.769822904227549e-10,1.0000000002769822
277,138.96321070234114,0.25,0.04,0.9999999999782511,2.174956215161216e-11,-3.044205017750274e-10,1.0000000003044203
278,139.4648829431438,0.25,0.04,0.9999999999887021,1.1298488789113847e-11,-3.2971880760025965e-10,1.0000000003297187
279,139.9665551839465,0.25,0.04,0.9999999999985717,1.4288754401241457e-12,-3.5287720789845403e-10,1.000000000352877
280,140.46822742474916,0.25,0.04,1.00000000000786,-7.859277895355871e-12,-3.738957026696084e-10,1.0000000003738956
281,140.96989966555185,0.25,0.04,1.0000000000165665,-1.6565971217327283e-11,-3.9277429191372496e-10,1.000000000392774
282,141.4715719063545,0.25,0.04,1.0000000000246918,-2.4691204525789024e-11,-4.095129756308014e-10,1.0000000004095129
283,141.9732441471572,0.25,0.04,1.0000000000322355,-3.2234977820742096e-11,-4.2411175382083993e-10,1.0000000004241116
284,142.47491638795987,0.25,0.04,1.000000000039198,-3.91972911021856e-11,-4.3657062648383873e-10,1.0000000004365703
285,142.97658862876253,0.25,0.04,1.0000000000455787,-4.557814437012e-11,-4.4688959361979864e-10,1.0000000004468894
286,143.47826086956522,0.25,0.04,1.000000000051378,-5.13775376245456e-11,-4.5506865522872016e-10,1.0000000004550684
287,143.97993311036788,0.25,0.04,1.000000000056596,-5.659547086546172e-11,-4.6110781131060227e-10,1.0000000004611076
288,144.48160535117057,0.25,0.04,1.0000000000612326,-6.1231944092869e-11,-4.6500706186544574e-10,1.000000000465007
289,144.98327759197323,0.25,0.04,1.0000000000652876,-6.528695730676688e-11,-4.667664068932501e-10,1.0000000004667662
290,145.48494983277592,0.25,0.04,1.000000000068761,-6.876051050715582e-11,-4.663858463940155e-10,1.0000000004663856
291,145.9866220735786,0.25,0.04,1.0000000000716531,-7.165260369403545e-11,-4.6386538036774213e-10,1.0000000004638652
292,146.48829431438128,0.25,0.04,1.0000000000739637,-7.396323686740607e-11,-4.5920500881442954e-10,1.000000000459205
293,146.98996655518394,0.25,0.04,1.000000000075693,-7.569241002726743e-11,-4.5240473173407837e-10,1.0000000004524046
294,147.49163879598663,0.25,0.04,1.0000000000768408,-7.684012317361973e-11,-4.4346454912668777e-10,1.0000000004434644
295,147.9933110367893,0.25,0.04,1.000000000077407,-7.740637630646284e-11,-4.323844609922588e-10,1.0000000004323844
296,148.49498327759198,0.25,0.04,1.0000000000773916,-7.73911694257968e-11,-4.191644673307902e-10,1.0000000004191643
297,148.99665551839465,0.25,0.04,1.000000000076795,-7.679450253162165e-11,-4.0380456814228343e-10,1.0000000004038043
298,149.49832775919734,0.25,0.04,1.000000000075617,-7.561637562393731e-11,-3.863047634267368e-10,1.0000000003863045
299,150.0,0.25,0.04,1.0000000000738574,-7.38567887027439e-11,-3.666650531841522e-10,1.000000000366665
