,time,sigma,beta,S,I,C,D
0,0.0,0.68,0.48,0.9998,0.0002,0.5,0.5
1,0.5016722408026756,0.68,0.48,0.9997716399220006,0.000228360077999354,0.47911524779311404,0.5208847522068858
2,1.0033444816053512,0.68,0.48,0.9997384659888402,0.0002615340111597453,0.4583040866686401,0.5416959133313597
3,1.5050167224080266,0.68,0.48,0.9996996072887606,0.0003003927112393364,0.43763840169020213,0.5623615983097977
4,2.0066889632107023,0.68,0.48,0.9996540314165739,0.0003459685834259203,0.41718806529992386,0.582811934700076
5,2.508361204013378,0.68,0.48,0.9996005157854168,0.00039948421458296964,0.39702004250780865,0.6029799574921912
6,3.0100334448160533,0.68,0.48,0.9995376113615592,0.0004623886384405156,0.3771975398585636,0.6228024601414363
7,3.511705685618729,0.68,0.48,0.9994636037750798,0.000536396224919893,0.35777931065227164,0.6422206893477284
8,4.013377926421405,0.68,0.48,0.9993764594219229,0.0006235405780769157,0.33881894075386537,0.6611810592461348
9,4.51505016722408,0.68,0.48,0.9992737725861324,0.0007262274138674354,0.3203644831013548,0.6796355168986452
10,5.016722408026756,0.68,0.48,0.9991526954064698,0.0008473045935300331,0.3024580553404205,0.6975419446595796
11,5.518394648829432,0.68,0.48,0.9990098574156996,0.0009901425843001912,0.2851356410015167,0.7148643589984833
12,6.020066889632107,0.68,0.48,0.9988412708993728,0.0011587291006270378,0.2684270193509965,0.7315729806490034
13,6.521739130434782,0.68,0.48,0.9986422185569211,0.0013577814430787804,0.25235582041289006,0.7476441795871099
14,7.023411371237458,0.68,0.48,0.9984071318086579,0.0015928681913418604,0.23693962313159048,0.7630603768684096
15,7.525083612040134,0.68,0.48,0.9981294211115774,0.0018705788884224887,0.22219033616107664,0.7778096638389234
16,8.02675585284281,0.68,0.48,0.9978013060117528,0.002198693988247115,0.20811446729566344,0.7918855327043366
17,8.528428093645484,0.68,0.48,0.9974136050963733,0.002586394903626543,0.19471344380274028,0.8052865561972598
18,9.03010033444816,0.68,0.48,0.9969554893677522,0.0030445106322476174,0.1819841898501611,0.8180158101498389
19,9.531772575250836,0.68,0.48,0.9964141946160033,0.003585805383996494,0.16991951689281354,0.8300804831071864
20,10.033444816053512,0.68,0.48,0.9957746910158493,0.004225308984150614,0.1585086302707062,0.8414913697292937
21,10.535117056856187,0.68,0.48,0.9950193014288032,0.004980698571196618,0.14773762484958222,0.8522623751504177
22,11.036789297658864,0.68,0.48,0.9941272606133874,0.005872739386612464,0.13758995834109428,0.8624100416589057
23,11.538461538461538,0.68,0.48,0.9930742127792627,0.006925787220737172,0.12804691289542386,0.8719530871045761
24,12.040133779264213,0.68,0.48,0.9918316430049884,0.008168356995011472,0.11908803205382396,0.880911967946176
25,12.54180602006689,0.68,0.48,0.9903662381465861,0.009633761853413766,0.11069152479189333,0.8893084752081066
26,13.043478260869565,0.68,0.48,0.9886391796132399,0.011360820386759984,0.10283463890115921,0.8971653610988408
27,13.545150501672241,0.68,0.48,0.9866053683857317,0.013394631614268142,0.09549399075716918,0.9045060092428309
28,14.046822742474916,0.68,0.48,0.9842125998013869,0.015787400198612956,0.08864586548055724,0.9113541345194428
29,14.548494983277592,0.68,0.48,0.9814006993563938,0.018599300643605956,0.08226647585942773,0.9177335241405723
30,15.050167224080267,0.68,0.48,0.978100674555448,0.021899325444551757,0.07633218660124777,0.9236678133987523
31,15.551839464882944,0.68,0.48,0.974233897089742,0.02576610291025773,0.07081970328946548,0.9291802967105346
32,16.05351170568562,0.68,0.48,0.9697114245343835,0.03028857546561625,0.06570622909548579,0.9342937709045143
33,16.555183946488295,0.68,0.48,0.964433567201121,0.0355664327988789,0.060969591464257754,0.9390304085357424
34,17.05685618729097,0.68,0.48,0.9582897739639799,0.04171022603602006,0.0565883398885101,0.94341166011149
35,17.558528428093645,0.68,0.48,0.9511591378662073,0.04884086213379254,0.052541819426912675,0.9474581805730874
36,18.06020066889632,0.68,0.48,0.9429115452581651,0.05708845474183472,0.04881021831759812,0.951189781682402
37,18.561872909698998,0.68,0.48,0.9334098982440613,0.06659010175593862,0.04537459644962802,0.9546254035503721
38,19.06354515050167,0.68,0.48,0.9225135908557109,0.07748640914428892,0.04221689298260775,0.9577831070173923
39,19.565217391304348,0.68,0.48,0.9100834060033165,0.08991659399668331,0.03931991868957321,0.9606800813104269
40,20.066889632107024,0.68,0.48,0.8959881684349128,0.10401183156508699,0.03666733148803271,0.9633326685119674
41,20.568561872909697,0.68,0.48,0.880113085106573,0.1198869148934267,0.03424359986548897,0.9657564001345111
42,21.070234113712374,0.68,0.48,0.8623696706670675,0.13763032933293234,0.032033955514945735,0.9679660444850544
43,21.57190635451505,0.68,0.48,0.8427068521208555,0.15729314787914428,0.030024337872876568,0.9699756621271236
44,22.073578595317727,0.68,0.48,0.8211223585584944,0.17887764144150536,0.028201334012578152,0.971798665987422
45,22.5752508361204,0.68,0.48,0.7976732774804715,0.20232672251952818,0.02655211767495669,0.9734478823250435
46,23.076923076923077,0.68,0.48,0.7724843341213348,0.22751566587866492,0.025064390285967086,0.9749356097140331
47,23.578595317725753,0.68,0.48,0.7457522587697673,0.25424774123023236,0.02372632906734462,0.9762736709326556
48,24.080267558528426,0.68,0.48,0.7177448011131279,0.28225519888687184,0.02252654532350663,0.9774734546764937
49,24.581939799331103,0.68,0.48,0.6887934751882352,0.3112065248117646,0.021454056311694395,0.9785459436883059
50,25.08361204013378,0.68,0.48,0.6592799410609984,0.3407200589390013,0.020498272360870592,0.9795017276391298
51,25.585284280936456,0.68,0.48,0.6296169103996704,0.3703830896003294,0.019648999766496804,0.9803510002335036
52,26.08695652173913,0.68,0.48,0.6002255024428994,0.39977449755710043,0.018896457874029854,0.9811035421259706
53,26.588628762541806,0.68,0.48,0.5715116062948358,0.428488393705164,0.01823130732177014,0.9817686926782303
54,27.090301003344482,0.68,0.48,0.5438440292488682,0.45615597075113146,0.01764468508150573,0.9823553149184947
55,27.59197324414716,0.68,0.48,0.5175368497631364,0.48246315023686326,0.01712824131030184,0.9828717586896986
56,28.093645484949832,0.68,0.48,0.49283760022268464,0.507162399777315,0.016674173127993016,0.9833258268720074
57,28.59531772575251,0.68,0.48,0.4699218858182882,0.5300781141817115,0.01627525119322584,0.9837247488067746
58,29.096989966555185,0.68,0.48,0.4488940693160699,0.5511059306839298,0.0159248361286556,0.984075163871345
59,29.598662207357858,0.68,0.48,0.4297930467215003,0.5702069532784994,0.015616883454303178,0.9843831165456974
60,30.100334448160535,0.68,0.48,0.4126011035542154,0.5873988964457841,0.015345936020150934,0.9846540639798497
61,30.60200668896321,0.68,0.48,0.39725513029076753,0.602744869709232,0.015107106878471834,0.9848928931215288
62,31.103678929765888,0.68,0.48,0.38365787598520534,0.6163421240147943,0.014896051651598933,0.9851039483484019
63,31.60535117056856,0.68,0.48,0.37168882270431275,0.6283111772956868,0.014708934938936616,0.9852910650610641
64,32.10702341137124,0.68,0.48,0.361213667010729,0.6387863329892707,0.014542391470878926,0.9854576085291219
65,32.608695652173914,0.68,0.48,0.35209218165521905,0.6479078183447805,0.014393484968294205,0.9856065150317067
66,33.11036789297659,0.68,0.48,0.34418433997925446,0.6558156600207452,0.01425966598219141,0.9857403340178095
67,33.61204013377927,0.68,0.48,0.3373547897315637,0.662645210268436,0.014138730637290837,0.9858612693627101
68,34.11371237458194,0.68,0.48,0.33147592191342073,0.6685240780865789,0.01402878103958371,0.9859712189604174
69,34.61538461538461,0.68,0.48,0.32642975044635447,0.6735702495536453,0.013928188217619746,0.9860718117823815
70,35.11705685618729,0.68,0.48,0.3221088758085069,0.6778911241914928,0.013835558032181934,0.9861644419678192
71,35.618729096989966,0.68,0.48,0.31841676429347937,0.6815832357065205,0.01374970029312077,0.9862502997068805
72,36.12040133779264,0.68,0.48,0.31526754108898264,0.6847324589110172,0.013669601081711443,0.9863303989182899
73,36.62207357859532,0.68,0.48,0.312585456880655,0.6874145431193449,0.013594398226494551,0.9864056017735069
74,37.123745819397996,0.68,0.48,0.310304178968054,0.6896958210319458,0.013523359754949456,0.9864766402450521
75,37.625418060200666,0.68,0.48,0.3083659480706116,0.6916340519293883,0.013455865018911045,0.9865441349810906
76,38.12709030100334,0.68,0.48,0.3067207152542805,0.6932792847457194,0.013391388341836946,0.9866086116581648
77,38.62876254180602,0.68,0.48,0.30532529294626076,0.6946747070537392,0.013329484942185362,0.9866705150578164
78,39.130434782608695,0.68,0.48,0.3041425446430496,0.6958574553569503,0.013269778797652258,0.9867302212023498
79,39.63210702341137,0.68,0.48,0.3031406235906241,0.6968593764093758,0.013211952170721328,0.9867880478292808
80,40.13377926421405,0.68,0.48,0.3022922901563822,0.6977077098436177,0.01315573677251466,0.9868442632274875
81,40.635451505016725,0.68,0.48,0.3015742896256709,0.6984257103743289,0.013100906142487621,0.9868990938575147
82,41.137123745819395,0.68,0.48,0.30096680347074156,0.6990331965292583,0.013047269198608219,0.9869527308013943
83,41.63879598662207,0.68,0.48,0.3004529677037634,0.6995470322962365,0.012994664736402642,0.9870053352636001
84,42.14046822742475,0.68,0.48,0.3000184485333509,0.6999815514666491,0.012942956819029109,0.9870570431809739
85,42.642140468227424,0.68,0.48,0.29965107364923105,0.7003489263507688,0.012892030799064215,0.9871079692009389
86,43.1438127090301,0.68,0.48,0.2993405175187339,0.700659482481266,0.012841790022827808,0.9871582099771756
87,43.64548494983278,0.68,0.48,0.29907802701255803,0.7009219729874419,0.012792152989165117,0.9872078470108385
88,44.147157190635454,0.68,0.48,0.2988561853307054,0.7011438146692944,0.012743050956441227,0.9872569490435628
89,44.64882943143812,0.68,0.48,0.2986687129847159,0.7013312870152839,0.012694425966000417,0.9873055740340039
90,45.1505016722408,0.68,0.48,0.29851029448531446,0.7014897055146853,0.012646229121716156,0.9873537708782885
91,45.65217391304348,0.68,0.48,0.29837643186627716,0.7016235681337226,0.012598419162461526,0.9874015808375435
92,46.15384615384615,0.68,0.48,0.29826332146528234,0.7017366785347174,0.012550961274019922,0.9874490387259856
93,46.65551839464883,0.68,0.48,0.2981677462711071,0.7018322537288927,0.012503826053347955,0.9874961739466579
94,47.15719063545151,0.68,0.48,0.29808698627271113,0.7019130137272886,0.012456988657590472,0.987543011342416
95,47.65886287625418,0.68,0.48,0.29801874281354673,0.7019812571864531,0.012410428091190097,0.9875895719088168
96,48.16053511705685,0.68,0.48,0.29796107309174463,0.7020389269082551,0.012364126590391928,0.9876358734096156
97,48.66220735785953,0.68,0.48,0.29791233503775993,0.7020876649622398,0.012318069109978333,0.9876819308900298
98,49.163879598662206,0.68,0.48,0.2978711414888516,0.7021288585111483,0.012272242899430597,0.987727757100578
99,49.66555183946488,0.68,0.48,0.29783632054634945,0.7021636794536504,0.01222663713713448,0.9877733628628749
100,50.16722408026756,0.68,0.48,0.29780688190820137,0.7021931180917985,0.012181242621850243,0.9878187573781598
101,50.668896321070235,0.68,0.48,0.2977819893297233,0.7022180106702767,0.012136051521996854,0.987863948478014
102,51.17056856187291,0.68,0.48,0.29776093610642906,0.7022390638935708,0.012091057152614987,0.9879089428473967
103,51.67224080267559,0.68,0.48,0.2977431253151988,0.7022568746848011,0.0120462537969856,0.987953746203027
104,52.17391304347826,0.68,0.48,0.29772805444919515,0.7022719455508047,0.012001636569818832,0.9879983634301948
105,52.675585284280935,0.68,0.48,0.2977152969085258,0.7022847030914742,0.011957201248796897,0.9880427987512178
106,53.17725752508361,0.68,0.48,0.2977044928660694,0.7022955071339305,0.011912944195368891,0.988087055804647
107,53.67892976588629,0.68,0.48,0.29769533839565515,0.7023046616043447,0.011868862257069056,0.9881311377429481
108,54.180602006688964,0.68,0.48,0.297687577065228,0.7023124229347718,0.011824952693380924,0.9881750473066376
109,54.68227424749164,0.68,0.48,0.2976809926599641,0.7023190073400357,0.01178121311145799,0.988218786888562
110,55.18394648829432,0.68,0.48,0.2976754028051918,0.702324597194808,0.011737641410685654,0.988262358589336
111,55.68561872909699,0.68,0.48,0.2976706523274756,0.7023293476725243,0.011694235724346176,0.9883057642756772
112,56.187290969899664,0.68,0.48,0.2976666117477402,0.7023333882522597,0.011650994406703247,0.988349005593322
113,56.68896321070234,0.68,0.48,0.29766317003860815,0.7023368299613918,0.011607915969707366,0.9883920840303199
114,57.19063545150502,0.68,0.48,0.29766023476570264,0.7023397652342973,0.011564999084762698,0.9884350009152668
115,57.69230769230769,0.68,0.48,0.2976577264646591,0.702342273535341,0.011522242533343172,0.9884777574666886
116,58.19397993311037,0.68,0.48,0.29765557874543624,0.7023444212545639,0.01147964520908449,0.9885203547909498
117,58.69565217391305,0.68,0.48,0.29765373764280334,0.7023462623571967,0.011437206111513512,0.9885627938885235
118,59.197324414715716,0.68,0.48,0.29765215444452386,0.7023478455554761,0.011394924285188922,0.9886050757148511
119,59.69899665551839,0.68,0.48,0.29765079022244867,0.7023492097775513,0.01135279885827398,0.9886472011417693
120,60.20066889632107,0.68,0.48,0.297649610113675,0.7023503898863249,0.01131082899399749,0.9886891710060492
121,60.702341137123746,0.68,0.48,0.29764858602858685,0.7023514139714131,0.011269013913621576,0.9887309860864288
122,61.20401337792642,0.68,0.48,0.29764769342170005,0.7023523065783,0.011227352868943587,0.9887726471311109
123,61.7056856187291,0.68,0.48,0.29764691247572583,0.7023530875242742,0.011185845152422795,0.9888141548476361
124,62.207357859531776,0.68,0.48,0.2976462253859076,0.7023537746140923,0.011144490074560653,0.9888555099255031
125,62.709030100334445,0.68,0.48,0.2976456181347895,0.7023543818652105,0.011103286978668327,0.9888967130214005
126,63.21070234113712,0.68,0.48,0.29764507978313104,0.702354920216869,0.011062235235056443,0.9889377647650178
127,63.7123745819398,0.68,0.48,0.29764459853162517,0.7023554014683749,0.011021334208489407,0.9889786657915908
128,64.21404682274247,0.68,0.48,0.2976441659703254,0.7023558340296745,0.010980583293255297,0.9890194167068314
129,64.71571906354515,0.68,0.48,0.29764377471484044,0.7023562252851595,0.010939981893602003,0.9890600181064916
130,65.21739130434783,0.68,0.48,0.297643418010693,0.702356581989307,0.010899529420461808,0.9891004705796393
131,65.7190635451505,0.68,0.48,0.2976430910323917,0.7023569089676083,0.010859225302227082,0.9891407746978822
132,66.22073578595318,0.68,0.48,0.2976427891261024,0.7023572108738976,0.010819068970181162,0.9891809310299369
133,66.72240802675586,0.68,0.48,0.2976425086711784,0.7023574913288215,0.01077905986563929,0.9892209401344881
134,67.22408026755853,0.68,0.48,0.29764224654289334,0.7023577534571067,0.0107391974346386,0.9892608025654991
135,67.72575250836121,0.68,0.48,0.2976420007139888,0.7023579992860113,0.010699481137956936,0.9893005188621918
136,68.22742474916387,0.68,0.48,0.29764176807145026,0.7023582319285498,0.010659910423332319,0.9893400895768284
137,68.72909698996655,0.68,0.48,0.2976415470877611,0.702358452912239,0.010620484757733754,0.9893795152424398
138,69.23076923076923,0.68,0.48,0.2976413361153316,0.7023586638846684,0.01058120360762611,0.9894187963925615
139,69.7324414715719,0.68,0.48,0.2976411336478872,0.7023588663521129,0.010542066440067579,0.9894579335601351
140,70.23411371237458,0.68,0.48,0.2976409384408117,0.7023590615591884,0.01050307272706878,0.9894969272731502
141,70.73578595317726,0.68,0.48,0.2976407497600954,0.7023592502399046,0.010464221950304605,0.989535778049932
142,71.23745819397993,0.68,0.48,0.29764056654452203,0.702359433455478,0.010425513585256889,0.9895744864149987
143,71.73913043478261,0.68,0.48,0.2976403878614143,0.7023596121385858,0.010386947109804768,0.9896130528904714
144,72.24080267558529,0.68,0.48,0.29764021355171294,0.702359786448287,0.01034852201627588,0.9896514779840225
145,72.74247491638796,0.68,0.48,0.2976400431421837,0.7023599568578164,0.010310237791130165,0.9896897622091922
146,73.24414715719064,0.68,0.48,0.2976398746404706,0.7023601253595293,0.010272091733434302,0.9897279082669147
147,73.74581939799332,0.68,0.48,0.29763971176300696,0.7023602882369929,0.010234089265035105,0.9897659107353415
148,74.24749163879599,0.68,0.48,0.29763955109296997,0.7023604489070299,0.010196225148368552,0.9898037748520381
149,74.74916387959867,0.68,0.48,0.2976393926302124,0.7023606073697874,0.010158499382642565,0.9898415006177967
150,75.25083612040133,0.68,0.48,0.29763923629034633,0.7023607637096535,0.01012091151359576,0.989879088486879
151,75.75250836120401,0.68,0.48,0.2976390820020859,0.702360917997914,0.010083461157495125,0.9899165388430182
152,76.25418060200668,0.68,0.48,0.2976389297654311,0.7023610702345688,0.010046148314340659,0.9899538516862142
153,76.75585284280936,0.68,0.48,0.29763877948231626,0.7023612205176836,0.01000897263610096,0.9899910273644987
154,77.25752508361204,0.68,0.48,0.2976386308071364,0.7023613691928634,0.009971932896236919,0.9900280671044114
155,77.75919732441471,0.68,0.48,0.2976384837097659,0.7023615162902339,0.009935028987833699,0.9900649710128671
156,78.26086956521739,0.68,0.48,0.2976383386397994,0.7023616613602005,0.009898263421997917,0.9901017365787576
157,78.76254180602007,0.68,0.48,0.2976381941648637,0.7023618058351362,0.009861628198541422,0.9901383718022766
158,79.26421404682274,0.68,0.48,0.29763805115902836,0.7023619488409716,0.009825128199376629,0.9901748718015083
159,79.76588628762542,0.68,0.48,0.29763790953485963,0.7023620904651403,0.009788762936163074,0.9902112370647935
160,80.2675585284281,0.68,0.48,0.29763776922400975,0.7023622307759901,0.009752531774801261,0.9902474682262323
161,80.76923076923077,0.68,0.48,0.2976376301790631,0.7023623698209367,0.009716433921331893,0.9902835660797852
162,81.27090301003345,0.68,0.48,0.2976374923239445,0.7023625076760553,0.009680468800669773,0.9903195312005377
163,81.77257525083613,0.68,0.48,0.2976373555819633,0.7023626444180365,0.009644635842429012,0.9903553641588764
164,82.27424749163879,0.68,0.48,0.29763721987642905,0.7023627801235708,0.00960893447622373,0.9903910655251876
165,82.77591973244147,0.68,0.48,0.29763708513065124,0.7023629148693487,0.009573364131668033,0.9904266358698579
166,83.27759197324414,0.68,0.48,0.2976369512679392,0.7023630487320607,0.00953792423837604,0.9904620757632736
167,83.77926421404682,0.68,0.48,0.2976368182116025,0.7023631817883974,0.009502614225961865,0.990497385775821
168,84.2809364548495,0.68,0.48,0.2976366858849505,0.7023633141150494,0.00946743352403962,0.9905325664778868
169,84.78260869565217,0.68,0.48,0.29763655426255586,0.702363445737444,0.009432381590523361,0.9905676184115573
170,85.28428093645485,0.68,0.48,0.29763642386819883,0.7023635761318011,0.009397458186518666,0.9906025418157287
171,85.78595317725753,0.68,0.48,0.29763629516052054,0.7023637048394793,0.009362663037544348,0.9906373369648839
172,86.2876254180602,0.68,0.48,0.29763616797321646,0.7023638320267834,0.009327995702338915,0.9906720043002852
173,86.78929765886288,0.68,0.48,0.29763604178920106,0.7023639582107989,0.009293455660270513,0.9907065443425654
174,87.29096989966555,0.68,0.48,0.29763591641263687,0.702364083587363,0.009259042449074174,0.9907409575539906
175,87.79264214046823,0.68,0.48,0.2976357918837057,0.7023642081162941,0.009224755612147093,0.990775244391165
176,88.29431438127091,0.68,0.48,0.29763566820877535,0.7023643317912246,0.009190594067465674,0.990809405936116
177,88.79598662207358,0.68,0.48,0.2976355453055211,0.7023644546944788,0.009156559152057799,0.9908434408518108
178,89.29765886287625,0.68,0.48,0.2976354233572571,0.7023645766427428,0.009122648781968435,0.9908773512222121
179,89.79933110367892,0.68,0.48,0.2976353023336702,0.7023646976663297,0.009088862591670455,0.9909111374128491
180,90.3010033444816,0.68,0.48,0.29763518220208635,0.7023648177979135,0.00905520018716779,0.9909447998177197
181,90.80267558528428,0.68,0.48,0.29763506296249415,0.7023649370375058,0.009021661568323186,0.9909783384369613
182,91.30434782608695,0.68,0.48,0.2976349446087557,0.702365055391244,0.008988246479448294,0.9910117535262636
183,91.80602006688963,0.68,0.48,0.2976348271138188,0.702365172886181,0.008954953793592492,0.991045046212584
184,92.3076923076923,0.68,0.48,0.2976347104744866,0.7023652895255132,0.008921783377589391,0.9910782166290897
185,92.80936454849498,0.68,0.48,0.297634594717393,0.7023654052826068,0.008888737656816307,0.9911112623503844
186,93.31103678929766,0.68,0.48,0.29763447975998775,0.702365520240012,0.008855809113929889,0.9911441908938696
187,93.81270903010034,0.68,0.48,0.29763436565247636,0.7023656343475234,0.008823002320839353,0.991176997687601
188,94.31438127090301,0.68,0.48,0.29763425239002184,0.7023657476099779,0.008790316837068005,0.9912096831720585
189,94.81605351170569,0.68,0.48,0.2976341399679059,0.7023658600320939,0.00875775212058435,0.9912422478892821
190,95.31772575250837,0.68,0.48,0.29763402838157854,0.7023659716184212,0.00872530748529696,0.9912746925253785
191,95.81939799331104,0.68,0.48,0.29763391762626,0.7023660823737397,0.008692982441784831,0.9913070175697746
192,96.3210702341137,0.68,0.48,0.2976338076971615,0.7023661923028381,0.008660776508327158,0.9913392235041966
193,96.82274247491638,0.68,0.48,0.2976336985894943,0.7023663014105055,0.008628689203203133,0.9913713108103708
194,97.32441471571906,0.68,0.48,0.2976335902984694,0.7023664097015303,0.008596720044691948,0.9914032799700234
195,97.82608695652173,0.68,0.48,0.2976334828192982,0.7023665171807015,0.008564868551072798,0.9914351314648807
196,98.32775919732441,0.68,0.48,0.29763337614719176,0.702366623852808,0.008533134240624877,0.991466865776669
197,98.82943143812709,0.68,0.48,0.2976332702773613,0.7023667297226384,0.008501516631627376,0.9914984833871143
198,99.33110367892976,0.68,0.48,0.2976331652050181,0.7023668347949816,0.008470015242359488,0.9915299847779431
199,99.83277591973244,0.68,0.48,0.2976330609253733,0.7023669390746264,0.008438629591100406,0.9915613704308814
200,100.33444816053512,0.68,0.48,0.29763295743363805,0.7023670425663616,0.008407359196129326,0.9915926408276557
201,100.8361204013378,0.68,0.48,0.2976328547250236,0.7023671452749761,0.008376203575725438,0.9916237964499921
202,101.33779264214047,0.68,0.48,0.29763275279474116,0.7023672472052586,0.008345162248167937,0.9916548377796167
203,101.83946488294315,0.68,0.48,0.2976326516380019,0.7023673483619978,0.008314234731736017,0.991685765298256
204,102.34113712374582,0.68,0.48,0.29763255125009647,0.7023674487499033,0.008283420549593823,0.9917165794827518
205,102.8428093645485,0.68,0.48,0.29763245163198265,0.7023675483680171,0.008252719573618955,0.9917472804612855
206,103.34448160535118,0.68,0.48,0.29763235278322453,0.7023676472167752,0.00822213158991602,0.991777868447798
207,103.84615384615384,0.68,0.48,0.2976322547001697,0.7023677452998301,0.00819165618668907,0.9918083438541015
208,104.34782608695652,0.68,0.48,0.2976321573791657,0.7023678426208341,0.008161292952142159,0.9918387070920077
209,104.84949832775919,0.68,0.48,0.29763206081656024,0.7023679391834395,0.00813104147447934,0.9918689585733288
210,105.35117056856187,0.68,0.48,0.2976319650087009,0.7023680349912989,0.008100901341904663,0.9918990987098764
211,105.85284280936455,0.68,0.48,0.2976318699519354,0.7023681300480644,0.008070872142622185,0.9919291279134625
212,106.35451505016722,0.68,0.48,0.2976317756426113,0.7023682243573885,0.008040953464835954,0.9919590465958993
213,106.8561872909699,0.68,0.48,0.29763168207707613,0.7023683179229236,0.008011144896750028,0.9919888551689984
214,107.35785953177258,0.68,0.48,0.2976315892516777,0.7023684107483221,0.007981446026568457,0.9920185540445718
215,107.85953177257525,0.68,0.48,0.2976314971627635,0.7023685028372363,0.007951856442495296,0.9920481436344316
216,108.36120401337793,0.68,0.48,0.29763140580668124,0.7023685941933185,0.007922375732734596,0.9920776243503895
217,108.8628762541806,0.68,0.48,0.2976313151797785,0.7023686848202213,0.007893003485490411,0.9921069966042575
218,109.36454849498328,0.68,0.48,0.2976312252784029,0.7023687747215969,0.007863739288966793,0.9921362608078474
219,109.86622073578596,0.68,0.48,0.29763113609890207,0.7023688639010977,0.007834582731367796,0.9921654173729715
220,110.36789297658864,0.68,0.48,0.29763104759500836,0.7023689524049913,0.00780553341137446,0.992194466700986
221,110.8695652173913,0.68,0.48,0.2976309594298138,0.7023690405701859,0.007776590999121832,0.9922234091219415
222,111.37123745819397,0.68,0.48,0.2976308713891335,0.7023691286108662,0.007747755134573477,0.9922522449959974
223,111.87290969899665,0.68,0.48,0.2976307832989439,0.7023692167010558,0.007719025447819259,0.9922809746931665
224,112.37458193979933,0.68,0.48,0.2976306951052488,0.7023693048947509,0.007690401563922952,0.9923095985884688
225,112.876254180602,0.68,0.48,0.2976306073161273,0.7023693926838724,0.007661883084411685,0.992338117080374
226,113.37792642140468,0.68,0.48,0.29763052015238556,0.7023694798476142,0.007633469622841999,0.992366530555367
227,113.87959866220736,0.68,0.48,0.2976304337790721,0.7023695662209276,0.007605160795105272,0.9923948393976063
228,114.38127090301003,0.68,0.48,0.29763034831073787,0.7023696516892618,0.007576956219672505,0.9924230439886907
229,114.88294314381271,0.68,0.48,0.29763026369715556,0.7023697363028442,0.007548855523432253,0.9924511447018664
230,115.38461538461539,0.68,0.48,0.29763017998651464,0.702369820013485,0.007520858328245534,0.9924791419153679
231,115.88628762541806,0.68,0.48,0.2976300972381142,0.7023699027618856,0.007492964255405841,0.9925070360079935
232,116.38795986622074,0.68,0.48,0.29763001499554637,0.7023699850044534,0.007465170958733974,0.9925348293267241
233,116.88963210702342,0.68,0.48,0.2976299341811079,0.7023700658188919,0.007437483349872093,0.9925625169582487
234,117.3913043478261,0.68,0.48,0.29762985380970103,0.7023701461902987,0.007409896935193716,0.9925901033977607
235,117.89297658862876,0.68,0.48,0.2976297738813259,0.702370226118674,0.007382411714698843,0.9926175886452603
236,118.39464882943143,0.68,0.48,0.2976296944255753,0.7023703055744244,0.0073550274719593805,0.9926449729173117
237,118.89632107023411,0.68,0.48,0.29762961549589073,0.7023703845041089,0.00732774381613207,0.9926722566050046
238,119.39799331103679,0.68,0.48,0.29762953709336565,0.7023704629066341,0.007300560739219229,0.9926994397163416
239,119.89966555183946,0.68,0.48,0.29762945922485484,0.7023705407751449,0.007273478121082305,0.992726522371537
240,120.40133779264214,0.68,0.48,0.29762938194305616,0.7023706180569437,0.007246495038121464,0.9927535054947744
241,120.90301003344482,0.68,0.48,0.297629305259012,0.7023706947409879,0.007219611296803668,0.9927803892797086
242,121.40468227424749,0.68,0.48,0.29762922921028945,0.7023707707897104,0.007192829162068405,0.9928071714594983
243,121.90635451505017,0.68,0.48,0.2976291536861647,0.7023708463138351,0.007166141958319257,0.992833858715346
244,122.40802675585284,0.68,0.48,0.29762907875357125,0.7023709212464285,0.007139553721005743,0.9928604470084135
245,122.90969899665552,0.68,0.48,0.29762900440653994,0.7023709955934598,0.0071130640902504014,0.9928869366988801
246,123.4113712374582,0.68,0.48,0.29762893063818,0.7023710693618198,0.007086672645787247,0.9929133282075052
247,123.91304347826087,0.68,0.48,0.29762885743894063,0.7023711425610593,0.0070603787930763814,0.9929396221298735
248,124.41471571906355,0.68,0.48,0.29762878480182076,0.7023712151981791,0.007034182104627346,0.9929658188939915
249,124.91638795986621,0.68,0.48,0.29762871272008357,0.7023712872799163,0.007008082170261167,0.9929919189104994
250,125.41806020066889,0.68,0.48,0.2976286411869922,0.7023713588130077,0.006982078579798871,0.993017922590038
251,125.91973244147157,0.68,0.48,0.29762857019580985,0.70237142980419,0.006956170923061488,0.9930438303432472
252,126.42140468227424,0.68,0.48,0.2976284997397997,0.7023715002602001,0.006930358789870044,0.9930696425807675
253,126.92307692307692,0.68,0.48,0.2976284298122249,0.702371570187775,0.006904641770045566,0.9930953597132394
254,127.4247491638796,0.68,0.48,0.29762836040634866,0.7023716395936512,0.006879019453409083,0.9931209821513031
255,127.92642140468227,0.68,0.48,0.2976282915154341,0.7023717084845658,0.0068534914297816215,0.9931465103055991
256,128.42809364548495,0.68,0.48,0.2976282231327444,0.7023717768672555,0.006828057288984209,0.9931719445867675
257,128.9297658862876,0.68,0.48,0.2976281552516903,0.7023718447483096,0.006802716672781132,0.9931972853539013
258,129.4314381270903,0.68,0.48,0.2976280878664465,0.7023719121335534,0.006777469492089543,0.9932225326989893
259,129.93311036789297,0.68,0.48,0.29762802097059515,0.7023719790294047,0.006752315449052684,0.993247686921205
260,130.43478260869566,0.68,0.48,0.29762795455759417,0.7023720454424057,0.006727254202052957,0.9932727483631494
261,130.93645484949832,0.68,0.48,0.2976278886209013,0.7023721113790986,0.0067022854094727705,0.9932977173674236
262,131.438127090301,0.68,0.48,0.29762782315397435,0.7023721768460255,0.006677408729694528,0.9933225942766284
263,131.93979933110367,0.68,0.48,0.29762775815027126,0.7023722418497286,0.006652623821100636,0.993347379433365
264,132.44147157190636,0.68,0.48,0.2976276936032498,0.7023723063967501,0.0066279303420734995,0.9933720731802346
265,132.94314381270902,0.68,0.48,0.29762762950636784,0.7023723704936321,0.0066033279509955245,0.9933966758598378
266,133.44481605351172,0.68,0.48,0.2976275658530832,0.7023724341469167,0.006578816306249116,0.993421187814776
267,133.94648829431438,0.68,0.48,0.29762750263685367,0.7023724973631462,0.00655439506621668,0.9934456093876499
268,134.44816053511707,0.68,0.48,0.2976274398521789,0.702372560147821,0.006530063894815339,0.9934699409160982
269,134.94983277591973,0.68,0.48,0.2976273775037499,0.70237262249625,0.00650582251011124,0.9934941826892087
270,135.45150501672242,0.68,0.48,0.297627315590052,0.7023726844099478,0.006481670597197626,0.9935183350256334
271,135.95317725752508,0.68,0.48,0.29762725410703306,0.7023727458929668,0.006457607827686704,0.9935423982561111
272,136.45484949832775,0.68,0.48,0.29762719305064084,0.702372806949359,0.006433633873190682,0.9935663727113808
273,136.95652173913044,0.68,0.48,0.2976271324168233,0.7023728675831766,0.006409748405321766,0.9935902587221817
274,137.4581939799331,0.68,0.48,0.2976270722015283,0.7023729277984716,0.006385951095692164,0.9936140566192526
275,137.9598662207358,0.68,0.48,0.2976270124007037,0.7023729875992962,0.006362241615914083,0.9936377667333326
276,138.46153846153845,0.68,0.48,0.29762695301029735,0.7023730469897025,0.00633861963759973,0.9936613893951609
277,138.96321070234114,0.68,0.48,0.2976268940262572,0.7023731059737427,0.006315084832361312,0.9936849249354762
278,139.4648829431438,0.68,0.48,0.297626835444531,0.7023731645554688,0.006291636871811038,0.9937083736850179
279,139.9665551839465,0.68,0.48,0.29762677733768134,0.7023732226623185,0.0062682077233408755,0.9937318048908386
280,140.46822742474916,0.68,0.48,0.29762671954926884,0.7023732804507311,0.006244949533534001,0.9937550636950536
281,140.96989966555185,0.68,0.48,0.2976266621845426,0.7023733378154573,0.006221774172727133,0.9937782398094951
282,141.4715719063545,0.68,0.48,0.2976266052435026,0.7023733947564973,0.006198681640920274,0.9938013332341629
283,141.9732441471572,0.68,0.48,0.29762654872614885,0.7023734512738511,0.00617567193811342,0.9938243439690568
284,142.47491638795987,0.68,0.48,0.29762649263248137,0.7023735073675185,0.006152745064306576,0.9938472720141771
285,142.97658862876253,0.68,0.48,0.2976264369625002,0.7023735630374996,0.006129901019499739,0.9938701173695237
286,143.47826086956522,0.68,0.48,0.29762638171620526,0.7023736182837946,0.006107139803692908,0.9938928800350966
287,143.97993311036788,0.68,0.48,0.2976263268935966,0.7023736731064033,0.006084461416886087,0.9939155600108958
288,144.48160535117057,0.68,0.48,0.29762627249467416,0.7023737275053257,0.006061865859079271,0.9939381572969213
289,144.98327759197323,0.68,0.48,0.29762621851943805,0.7023737814805618,0.006039353130272464,0.9939606718931729
290,145.48494983277592,0.68,0.48,0.2976261649703626,0.7023738350296374,0.006016923226994243,0.9939831038035675
291,145.9866220735786,0.68,0.48,0.297626112048654,0.7023738879513459,0.005994575866968775,0.9940054533465682
292,146.48829431438128,0.68,0.48,0.29762605988195595,0.702373940118044,0.005972310871122456,0.9940277207242061
293,146.98996655518394,0.68,0.48,0.29762600847026843,0.7023739915297315,0.00595012823945529,0.9940499059364811
294,147.49163879598663,0.68,0.48,0.2976259577035179,0.702374042296482,0.005928027708973368,0.9940720092590553
295,147.9933110367893,0.68,0.48,0.2976259072812123,0.7023740927187877,0.005906008561723961,0.994094031444464
296,148.49498327759198,0.68,0.48,0.2976258571862879,0.702374142813712,0.0058840707569378205,0.9941159725354405
297,148.99665551839465,0.68,0.48,0.29762580741455386,0.7023741925854461,0.0058622142453212825,0.9941378325849912
298,149.49832775919734,0.68,0.48,0.29762575790475626,0.7023742420952437,0.005840438306432461,0.9941596123678255
299,150.0,0.68,0.48,0.2976257086366647,0.7023742913633352,0.005818742702327499,0.99418131213981
