,time,sigma,beta,S,I,C,D
0,0.0,0.13,0.66,0.9998,0.0002,0.5,0.5
1,0.5016722408026756,0.13,0.66,0.9997719544995929,0.00022804550040712645,0.479110339470958,0.5208896605290418
2,1.0033444816053512,0.13,0.66,0.9997388635677937,0.0002611364322062824,0.4582936186881386,0.5417063813118613
3,1.5050167224080266,0.13,0.66,0.9996996717639026,0.00030032823609745906,0.43762167486301434,0.5623783251369855
4,2.0066889632107023,0.13,0.66,0.9996530791949336,0.0003469208050665057,0.4171643285494355,0.5828356714505643
5,2.508361204013378,0.13,0.66,0.9995974828442892,0.0004025171557110281,0.3969884909875855,0.6030115090124144
6,3.0100334448160533,0.13,0.66,0.9995308981767475,0.00046910182325267705,0.3771573099987807,0.6228426900012191
7,3.511705685618729,0.13,0.66,0.9994508692649671,0.0005491307350330281,0.357729478658135,0.6422705213418649
8,4.013377926421405,0.13,0.66,0.9993543363592984,0.0006456636407016794,0.33875851536434054,0.6612414846356593
9,4.51505016722408,0.13,0.66,0.9992374936977273,0.0007625063022727814,0.3202924053011309,0.679707594698869
10,5.016722408026756,0.13,0.66,0.9990955912750193,0.0009044087249807457,0.30237319284942465,0.6976268071505751
11,5.518394648829432,0.13,0.66,0.998922688871309,0.0010773111286910325,0.2850367849295897,0.71496321507041
12,6.020066889632107,0.13,0.66,0.9987113452788837,0.0012886547211162986,0.26831287899753914,0.7316871210024607
13,6.521739130434782,0.13,0.66,0.9984522240320066,0.0015477759679934126,0.2522250129659979,0.7477749870340018
14,7.023411371237458,0.13,0.66,0.9981336032183021,0.0018663967816978796,0.23679071016278325,0.7632092898372165
15,7.525083612040134,0.13,0.66,0.9977407177877067,0.0022592822122933136,0.2220217897646008,0.7779782102353989
16,8.02675585284281,0.13,0.66,0.9972549819347301,0.0027450180652699233,0.20792463929027077,0.7920753607097291
17,8.528428093645484,0.13,0.66,0.9966529699966816,0.003347030003318376,0.19450064758202787,0.8054993524179719
18,9.03010033444816,0.13,0.66,0.9959051494805525,0.0040948505194474925,0.18174664418751535,0.8182533558124844
19,9.531772575250836,0.13,0.66,0.9949742711370733,0.0050257288629267285,0.1696553761527199,0.8303446238472799
20,10.033444816053512,0.13,0.66,0.9938133719006025,0.006186628099397425,0.15821599680654772,0.8417840031934519
21,10.535117056856187,0.13,0.66,0.9923633007474918,0.007636699252508147,0.14741456061407981,0.8525854393859198
22,11.036789297658864,0.13,0.66,0.9905496809355686,0.009450319064431298,0.13723450836597256,0.862765491634027
23,11.538461538461538,0.13,0.66,0.988279160646881,0.01172083935311885,0.1276571284644415,0.8723428715355581
24,12.040133779264213,0.13,0.66,0.9854350263701714,0.014564973629828459,0.11866200439227684,0.8813379956077229
25,12.54180602006689,0.13,0.66,0.9818720210435308,0.01812797895646918,0.11022742300014347,0.8897725769998561
26,13.043478260869565,0.13,0.66,0.9774105125796057,0.022589487420394298,0.1023307508497613,0.8976692491502384
27,13.545150501672241,0.13,0.66,0.9718302642252733,0.028169735774726604,0.09494877396043105,0.9050512260395686
28,14.046822742474916,0.13,0.66,0.9648642874464668,0.03513571255353317,0.08805799716050187,0.9119420028394978
29,14.548494983277592,0.13,0.66,0.9561939583329642,0.043806041667035854,0.081634902518227,0.9183650974817726
30,15.050167224080267,0.13,0.66,0.9454465379655667,0.054553462034433384,0.07565616625459194,0.9243438337454077
31,15.551839464882944,0.13,0.66,0.9321980222320093,0.06780197776799078,0.07009883050109239,0.9299011694989072
32,16.05351170568562,0.13,0.66,0.9159840319135968,0.08401596808640327,0.06494042980842214,0.9350595701915776
33,16.555183946488295,0.13,0.66,0.8963230215290335,0.10367697847096648,0.06015906929190522,0.9398409307080945
34,17.05685618729097,0.13,0.66,0.8727554445593142,0.12724455544068586,0.05573345377298936,0.9442665462270103
35,17.558528428093645,0.13,0.66,0.8449014108426613,0.1550985891573387,0.05164286855547355,0.9483571314445262
36,18.06020066889632,0.13,0.66,0.8125353562721395,0.18746464372786062,0.047867117527536855,0.9521328824724629
37,18.561872909698998,0.13,0.66,0.7756697874710292,0.22433021252897095,0.044386431037437536,0.955613568962562
38,19.06354515050167,0.13,0.66,0.7346318507222194,0.26536814927778074,0.04118136503734081,0.9588186349626588
39,19.565217391304348,0.13,0.66,0.6901096348212782,0.309890365178722,0.038232720665297246,0.9617672793347023
40,20.066889632107024,0.13,0.66,0.6431442592421379,0.35685574075786236,0.03552151686531361,0.964478483134686
41,20.568561872909697,0.13,0.66,0.5950537599534024,0.40494624004659785,0.033029042124463885,0.9669709578755357
42,21.070234113712374,0.13,0.66,0.547294555123176,0.45270544487682435,0.030736994464983056,0.9692630055350164
43,21.57190635451505,0.13,0.66,0.5012887450145014,0.49871125498549895,0.028627694939262975,0.9713723050607367
44,22.073578595317727,0.13,0.66,0.4582592122704201,0.5417407877295802,0.026684337596110486,0.9733156624038891
45,22.5752508361204,0.13,0.66,0.41911136230163015,0.5808886376983702,0.024891228094557905,0.9751087719054418
46,23.076923076923077,0.13,0.66,0.38438258880282833,0.6156174111971721,0.02323396739434697,0.9767660326056525
47,23.578595317725753,0.13,0.66,0.3542575693253303,0.64574243067467,0.021699554266951547,0.9783004457330479
48,24.080267558528426,0.13,0.66,0.32862998404288507,0.6713700159571153,0.0202764010670983,0.9797235989329011
49,24.581939799331103,0.13,0.66,0.3071862021803164,0.6928137978196839,0.018954275689076216,0.9810457243109232
50,25.08361204013378,0.13,0.66,0.2894888903788533,0.7105111096211468,0.01772419124666927,0.9822758087533301
51,25.585284280936456,0.13,0.66,0.2750472545885321,0.724952745411468,0.01657826730864098,0.9834217326913584
52,26.08695652173913,0.13,0.66,0.26336853453774905,0.7366314654622512,0.015509582643135492,0.9844904173568639
53,26.588628762541806,0.13,0.66,0.25399106973535523,0.7460089302646451,0.014512033661339447,0.9854879663386599
54,27.090301003344482,0.13,0.66,0.246502276226299,0.7534977237737014,0.013580206657611999,0.9864197933423873
55,27.59197324414716,0.13,0.66,0.24054569309743395,0.7594543069025664,0.01270926754902149,0.9872907324509779
56,28.093645484949832,0.13,0.66,0.23582093322113695,0.7641790667788635,0.011894869576950195,0.9881051304230491
57,28.59531772575251,0.13,0.66,0.23207958731925832,0.7679204126807421,0.011133077629978621,0.9888669223700207
58,29.096989966555185,0.13,0.66,0.22911912224392578,0.7708808777560747,0.010420306966694206,0.9895796930333052
59,29.598662207357858,0.13,0.66,0.22677619473148466,0.7732238052685159,0.009753273986983065,0.9902467260130162
60,30.100334448160535,0.13,0.66,0.2249201808599588,0.7750798191400418,0.009128956706830331,0.990871043293169
61,30.60200668896321,0.13,0.66,0.22344728912369943,0.7765527108763011,0.00854456292438654,0.9914554370756129
62,31.103678929765888,0.13,0.66,0.22227545595953702,0.7777245440404635,0.00799750442843578,0.9920024955715636
63,31.60535117056856,0.13,0.66,0.22134004542381872,0.7786599545761819,0.007485375859495321,0.9925146241405041
64,32.10702341137124,0.13,0.66,0.22059029133676522,0.7794097086632353,0.007005937230201155,0.9929940627697983
65,32.608695652173914,0.13,0.66,0.2199864042529595,0.780013595747041,0.006557099223385919,0.9934429007766136
66,33.11036789297659,0.13,0.66,0.21949724795371495,0.7805027520462855,0.00613691064511602,0.9938630893548834
67,33.61204013377927,0.13,0.66,0.2190984801418129,0.7809015198581875,0.005743547591654921,0.9942564524083446
68,34.11371237458194,0.13,0.66,0.21877108060078357,0.7812289193992168,0.0053753039525972395,0.9946246960474022
69,34.61538461538461,0.13,0.66,0.21850019018897562,0.7814998098110248,0.005030582979602959,0.9949694170203965
70,35.11705685618729,0.13,0.66,0.21827419713218066,0.7817258028678198,0.004707889718355974,0.9952921102816435
71,35.618729096989966,0.13,0.66,0.21808402241017757,0.781915977589823,0.004405824153801724,0.9955941758461978
72,36.12040133779264,0.13,0.66,0.21792256005272634,0.7820774399472743,0.004123074948657752,0.9958769250513417
73,36.62207357859532,0.13,0.66,0.21778424069362437,0.7822157593063763,0.0038584136893315595,0.9961415863106678
74,37.123745819397996,0.13,0.66,0.21766469153114473,0.7823353084688559,0.0036106895696523963,0.9963893104303471
75,37.625418060200666,0.13,0.66,0.21756047122181957,0.782439528778181,0.0033788244589626625,0.9966211755410368
76,38.12709030100334,0.13,0.66,0.21746886422114597,0.7825311357788547,0.003161808313746493,0.9968381916862529
77,38.62876254180602,0.13,0.66,0.2173877222056351,0.7826122777943655,0.0029586949040202905,0.9970413050959791
78,39.130434782608695,0.13,0.66,0.21731533469686076,0.7826846653031398,0.002768597790486345,0.997231402209513
79,39.63210702341137,0.13,0.66,0.21725033592785797,0.7827496640721426,0.0025906865933809577,0.9974093134066183
80,40.13377926421405,0.13,0.66,0.21719163204873376,0.782808367951267,0.0024241834956794817,0.9975758165043198
81,40.635451505016725,0.13,0.66,0.21713833896495727,0.7828616610350434,0.002268359945978699,0.9977316400540206
82,41.137123745819395,0.13,0.66,0.21708973782637905,0.7829102621736216,0.002122533577143244,0.997877466422856
83,41.63879598662207,0.13,0.66,0.21704524060983896,0.7829547593901617,0.0019860653232632534,0.9980139346767359
84,42.14046822742475,0.13,0.66,0.21700436069349008,0.7829956393065105,0.0018583566656962252,0.998141643334303
85,42.642140468227424,0.13,0.66,0.21696669471363728,0.7830333052863633,0.0017388471454061706,0.998261152854593
86,43.1438127090301,0.13,0.66,0.2169319038655023,0.7830680961344983,0.0016270119460102795,0.9983729880539889
87,43.64548494983278,0.13,0.66,0.21689970079320559,0.783100299206795,0.0015223596475808531,0.9984776403524183
88,44.147157190635454,0.13,0.66,0.21686983958363606,0.7831301604163645,0.0014244301218713016,0.9985755698781279
89,44.64882943143812,0.13,0.66,0.21684210866295203,0.7831578913370485,0.0013327925717427375,0.9986672074282564
90,45.1505016722408,0.13,0.66,0.21681632385921046,0.7831836761407901,0.0012470436924550705,0.998752956307544
91,45.65217391304348,0.13,0.66,0.2167923234770088,0.7832076765229917,0.001166805809051859,0.9988331941909472
92,46.15384615384615,0.13,0.66,0.21676996384409572,0.7832300361559048,0.0010917254897752156,0.9989082745102238
93,46.65551839464883,0.13,0.66,0.2167491173939103,0.7832508826060902,0.0010214715587824835,0.9989785284412165
94,47.15719063545151,0.13,0.66,0.21672967141969804,0.7832703285803024,0.000955734865063622,0.9990442651349355
95,47.65886287625418,0.13,0.66,0.21671152206403932,0.7832884779359611,0.0008942250380470782,0.999105774961952
96,48.16053511705685,0.13,0.66,0.21669457617264717,0.7833054238273532,0.0008366710422809936,0.9991633289577181
97,48.66220735785953,0.13,0.66,0.21667874774690019,0.7833212522531003,0.0007828186660294461,0.9992171813339698
98,49.163879598662206,0.13,0.66,0.21666395878347652,0.7833360412165239,0.0007324301485136718,0.9992675698514855
99,49.66555183946488,0.13,0.66,0.21665013806869968,0.7833498619313009,0.0006852831368046207,0.9993147168631945
100,50.16722408026756,0.13,0.66,0.21663721956641274,0.7833627804335878,0.0006411691055655696,0.9993588308944336
101,50.668896321070235,0.13,0.66,0.21662514267837388,0.7833748573216267,0.0005998934534528423,0.9994001065465463
102,51.17056856187291,0.13,0.66,0.21661385080322748,0.7833861491967732,0.0005612734766467,0.9994387265233524
103,51.67224080267559,0.13,0.66,0.21660329181025548,0.7833967081897452,0.0005251386742452372,0.9994748613257539
104,52.17391304347826,0.13,0.66,0.21659341721177702,0.7834065827882235,0.0004913291781792153,0.99950867082182
105,52.675585284280935,0.13,0.66,0.21658418197329588,0.7834158180267047,0.0004596954615950082,0.9995403045384041
106,53.17725752508361,0.13,0.66,0.2165755442217026,0.7834244557782979,0.00043009772711991544,0.9995699022728793
107,53.67892976588629,0.13,0.66,0.21656746480831107,0.7834325351916894,0.00040240487224781004,0.9995975951277514
108,54.180602006688964,0.13,0.66,0.21655990731345398,0.7834400926865466,0.0003764944043859392,0.9996235055956132
109,54.68227424749164,0.13,0.66,0.21655283757275462,0.7834471624272459,0.00035225109318601905,0.9996477489068132
110,55.18394648829432,0.13,0.66,0.21654622429064746,0.783453775709353,0.0003295687027266822,0.9996704312972724
111,55.68561872909699,0.13,0.66,0.21654003780295628,0.7834599621970442,0.0003083466346137233,0.9996916533653853
112,56.187290969899664,0.13,0.66,0.2165342502614422,0.7834657497385582,0.0002884904254166098,0.9997115095745824
113,56.68896321070234,0.13,0.66,0.21652883613053517,0.7834711638694654,0.0002699130527371631,0.999730086947262
114,57.19063545150502,0.13,0.66,0.21652377095522554,0.783476229044775,0.0002525313868492726,0.9997474686131498
115,57.69230769230769,0.13,0.66,0.21651903225085092,0.7834809677491495,0.0002362688027992506,0.9997637311971997
116,58.19397993311037,0.13,0.66,0.21651459900541378,0.7834854009945867,0.00022105354649840065,0.9997789464535006
117,58.69565217391305,0.13,0.66,0.21651045133111552,0.783489548668885,0.0002068175911873365,0.9997931824088118
118,59.197324414715716,0.13,0.66,0.21650657107969354,0.783493428920307,0.00019349871110542399,0.9998065012888937
119,59.69899665551839,0.13,0.66,0.21650294074327495,0.7834970592567256,0.0001810370383609272,0.9998189629616382
120,60.20066889632107,0.13,0.66,0.216499544340326,0.7835004556596746,0.00016937778589179553,0.9998306222141072
121,60.702341137123746,0.13,0.66,0.2164963668704229,0.7835036331295776,0.00015846954150369497,0.9998415304584953
122,61.20401337792642,0.13,0.66,0.2164933940349713,0.7835066059650292,0.00014826334895609697,0.999851736651043
123,61.7056856187291,0.13,0.66,0.216490612729028,0.7835093872709725,0.00013871431255490276,0.9998612856874441
124,62.207357859531776,0.13,0.66,0.21648801070101384,0.7835119892989867,0.00012978051366161904,0.9998702194863374
125,62.709030100334445,0.13,0.66,0.21648557645208583,0.7835144235479147,0.00012142265067429583,0.9998785773493247
126,63.21070234113712,0.13,0.66,0.21648329931189497,0.7835167006881055,0.00011360406759821089,0.9998863959324008
127,63.7123745819398,0.13,0.66,0.2164811690653304,0.7835188309346701,0.00010628983656866104,0.9998937101634303
128,64.21404682274247,0.13,0.66,0.21647917589237178,0.7835208241076288,9.944650007573047e-05,0.9999005534999232
129,64.71571906354515,0.13,0.66,0.21647731039326568,0.7835226896067349,9.304209708001587e-05,0.999906957902919
130,65.21739130434783,0.13,0.66,0.2164755647674196,0.783524435232581,8.704958309035605e-05,0.9999129504169085
131,65.7190635451505,0.13,0.66,0.21647393151120875,0.7835260684887918,8.144298154296053e-05,0.9999185570184559
132,66.22073578595318,0.13,0.66,0.21647240342499355,0.783527596575007,7.619737070026029e-05,0.9999238026292986
133,66.72240802675586,0.13,0.66,0.21647097375902233,0.7835290262409783,7.12892886726058e-05,0.9999287107113263
134,67.22408026755853,0.13,0.66,0.21646963628662289,0.7835303637133777,6.669724245182672e-05,0.999933302757547
135,67.72575250836121,0.13,0.66,0.21646838518438796,0.7835316148156126,6.240112093096107e-05,0.9999375988790679
136,68.22742474916387,0.13,0.66,0.21646721495993482,0.7835327850400658,5.838187807768085e-05,0.9999416181219211
137,68.72909698996655,0.13,0.66,0.21646612044182878,0.7835338795581719,5.4621570517305176e-05,0.9999453784294815
138,69.23076923076923,0.13,0.66,0.21646509673250547,0.7835349032674952,5.1103572851111614e-05,0.9999488964271476
139,69.7324414715719,0.13,0.66,0.21646413917034593,0.7835358608296548,4.781239524870437e-05,0.99995218760475
140,70.23411371237458,0.13,0.66,0.21646324329640104,0.7835367567035996,4.4733299034372954e-05,0.9999552667009644
141,70.73578595317726,0.13,0.66,0.21646240481130968,0.7835375951886909,4.185233836650349e-05,0.9999581476616322
142,71.23745819397993,0.13,0.66,0.2164616198035724,0.7835383801964283,3.915643086924055e-05,0.9999608435691294
143,71.73913043478261,0.13,0.66,0.21646088506258446,0.7835391149374162,3.663450674601053e-05,0.9999633654932526
144,72.24080267558529,0.13,0.66,0.21646019726398158,0.7835398027360191,3.427488887126831e-05,0.9999657251111274
145,72.74247491638796,0.13,0.66,0.2164595534176038,0.7835404465823969,3.20672112006699e-05,0.9999679327887979
146,73.24414715719064,0.13,0.66,0.21645895083365727,0.7835410491663434,3.0001694068297467e-05,0.9999699983059303
147,73.74581939799332,0.13,0.66,0.21645838729579223,0.7835416127042084,2.8069234402165414e-05,0.9999719307655963
148,74.24749163879599,0.13,0.66,0.21645786083577204,0.7835421391642285,2.6261289108644612e-05,0.9999737387108898
149,74.74916387959867,0.13,0.66,0.21645736908927599,0.7835426309107246,2.4569814441230316e-05,0.9999754301855572
150,75.25083612040133,0.13,0.66,0.21645690927541522,0.7835430907245854,2.2987265777331114e-05,0.9999770127342211
151,75.75250836120401,0.13,0.66,0.21645647886460898,0.7835435211353916,2.150666363279404e-05,0.9999784933363656
152,76.25418060200668,0.13,0.66,0.21645607586664825,0.7835439241333524,2.0121393742125577e-05,0.9999798786062563
153,76.75585284280936,0.13,0.66,0.21645569841557719,0.7835443015844235,1.8825334522509133e-05,0.9999811746654758
154,77.25752508361204,0.13,0.66,0.21645534482651996,0.7835446551734807,1.7612796903823726e-05,0.9999823872030944
155,77.75919732441471,0.13,0.66,0.21645501389059316,0.7835449861094075,1.6478328813405872e-05,0.9999835216711848
156,78.26086956521739,0.13,0.66,0.21645470455878274,0.7835452954412179,1.5416325901222095e-05,0.9999845836740969
157,78.76254180602007,0.13,0.66,0.21645441559816628,0.7835455844018343,1.4423846385721436e-05,0.9999855761536125
158,79.26421404682274,0.13,0.66,0.2164541454504718,0.7835458545495289,1.3494858395224128e-05,0.9999865051416029
159,79.76588628762542,0.13,0.66,0.21645389279329696,0.7835461072067037,1.262566010695566e-05,0.9999873743398912
160,80.2675585284281,0.13,0.66,0.21645365629722985,0.7835463437027709,1.1812502880302634e-05,0.9999881874971177
161,80.76923076923077,0.13,0.66,0.2164534347120387,0.7835465652879621,1.1051696293802414e-05,0.9999889483037042
162,81.27090301003345,0.13,0.66,0.21645322731416994,0.7835467726858308,1.0339939080174217e-05,0.9999896600609178
163,81.77257525083613,0.13,0.66,0.21645303330827148,0.7835469666917293,9.67397656479549e-06,0.9999903260234333
164,82.27424749163879,0.13,0.66,0.21645285185954516,0.7835471481404557,9.0509437073086e-06,0.9999909490562907
165,82.77591973244147,0.13,0.66,0.21645268196066703,0.7835473180393339,8.467402316191096e-06,0.9999915325976817
166,83.27759197324414,0.13,0.66,0.21645252336623416,0.7835474766337667,7.92263250040481e-06,0.9999920773674975
167,83.77926421404682,0.13,0.66,0.21645237454157187,0.7835476254584289,7.411521866738006e-06,0.9999925884781311
168,84.2809364548495,0.13,0.66,0.21645223506971176,0.783547764930289,6.932562839845073e-06,0.999993067437158
169,84.78260869565217,0.13,0.66,0.21645210487105035,0.7835478951289504,6.485478526829848e-06,0.9999935145214709
170,85.28428093645485,0.13,0.66,0.21645198289759002,0.7835480171024107,6.066631510036236e-06,0.9999939333684876
171,85.78595317725753,0.13,0.66,0.21645186881346487,0.7835481311865359,5.674856057644105e-06,0.99999432514394
172,86.2876254180602,0.13,0.66,0.21645176275151976,0.783548237248481,5.310607081630575e-06,0.999994689392916
173,86.78929765886288,0.13,0.66,0.2164516624339715,0.7835483375660294,4.9660845698879235e-06,0.9999950339154277
174,87.29096989966555,0.13,0.66,0.21645156914905123,0.7835484308509495,4.6456999179884975e-06,0.9999953543000796
175,87.79264214046823,0.13,0.66,0.21645148231264413,0.7835485176873566,4.347452576787317e-06,0.9999956525474207
176,88.29431438127091,0.13,0.66,0.21645140135040888,0.7835485986495919,4.0693754970639475e-06,0.9999959306245003
177,88.79598662207358,0.13,0.66,0.21645132572638887,0.7835486742736119,3.809633198857767e-06,0.9999961903667985
178,89.29765886287625,0.13,0.66,0.21645125490462755,0.7835487450953732,3.566390202208159e-06,0.9999964336097952
179,89.79933110367892,0.13,0.66,0.2164511883491684,0.7835488116508323,3.3378110271544886e-06,0.9999966621889701
180,90.3010033444816,0.13,0.66,0.21645112580379794,0.7835488741962028,3.1230163725318364e-06,0.9999968769836247
181,90.80267558528428,0.13,0.66,0.21645106732080677,0.7835489326791939,2.9221814224278722e-06,0.9999970778185748
182,91.30434782608695,0.13,0.66,0.21645101261647662,0.7835489873835241,2.7343328625274976e-06,0.9999972656671346
183,91.80602006688963,0.13,0.66,0.21645096140215425,0.7835490385978465,2.5584805105071203e-06,0.9999974415194866
184,92.3076923076923,0.13,0.66,0.21645091338918643,0.7835490866108143,2.3936341840431463e-06,0.999997606365813
185,92.80936454849498,0.13,0.66,0.21645086833524163,0.783549131664759,2.2389606178889126e-06,0.9999977610393791
186,93.31103678929766,0.13,0.66,0.21645082620565254,0.7835491737943481,2.0943300190850723e-06,0.9999979056699778
187,93.81270903010034,0.13,0.66,0.21645078683552543,0.7835492131644752,1.959171446775175e-06,0.9999980408285501
188,94.31438127090301,0.13,0.66,0.21645075003662526,0.7835492499633754,1.8328348900387772e-06,0.9999981671651068
189,94.81605351170569,0.13,0.66,0.21645071562071697,0.7835492843792837,1.7146703379554338e-06,0.9999982853296588
190,95.31772575250837,0.13,0.66,0.2164506834036773,0.7835493165963233,1.6040420675311956e-06,0.9999983959579293
191,95.81939799331104,0.13,0.66,0.21645065329137866,0.783549346708622,1.5006270789226235e-06,0.9999984993729177
192,96.3210702341137,0.13,0.66,0.21645062516740643,0.7835493748325942,1.4040249274869564e-06,0.9999985959750691
193,96.82274247491638,0.13,0.66,0.21645059888694448,0.7835494011130562,1.3137364776332299e-06,0.999998686263519
194,97.32441471571906,0.13,0.66,0.21645057430517683,0.7835494256948239,1.229262593770488e-06,0.9999987707374027
195,97.82608695652173,0.13,0.66,0.21645055127728743,0.7835494487227133,1.150104140307772e-06,0.9999988498958562
196,98.32775919732441,0.13,0.66,0.21645052973681417,0.7835494702631866,1.076033365239256e-06,0.9999989239666313
197,98.82943143812709,0.13,0.66,0.21645050965642124,0.7835494903435795,1.0069580330171602e-06,0.9999989930419634
198,99.33110367892976,0.13,0.66,0.21645049092997562,0.7835495090700251,9.425129888657274e-07,0.9999990574870075
199,99.83277591973244,0.13,0.66,0.21645047345119142,0.7835495265488093,8.823325488118611e-07,0.9999991176674474
200,100.33444816053512,0.13,0.66,0.2164504571137828,0.7835495428862179,8.260510288824652e-07,0.9999991739489673
201,100.8361204013378,0.13,0.66,0.21645044181146392,0.7835495581885368,7.733027451044436e-07,0.999999226697251
202,101.33779264214047,0.13,0.66,0.21645042743794884,0.7835495725620518,7.237220135047e-07,0.9999992762779826
203,101.83946488294315,0.13,0.66,0.2164504138869518,0.7835495861130489,6.769431501101382e-07,0.9999993230568459
204,102.34113712374582,0.13,0.66,0.21645040110524966,0.7835495988947511,6.327853069253187e-07,0.999999367214689
205,102.8428093645485,0.13,0.66,0.2164503891670203,0.7835496108329804,5.915114173394647e-07,0.9999994084885785
206,103.34448160535118,0.13,0.66,0.21645037802574993,0.7835496219742508,5.52964003859755e-07,0.9999994470359919
207,103.84615384615384,0.13,0.66,0.21645036762549894,0.7835496323745018,5.169527560057362e-07,0.9999994830472397
208,104.34782608695652,0.13,0.66,0.2164503579103278,0.7835496420896729,4.832873632969526e-07,0.9999995167126323
209,104.84949832775919,0.13,0.66,0.2164503488242969,0.7835496511757039,4.5177751525295117e-07,0.9999995482224803
210,105.35117056856187,0.13,0.66,0.2164503403114667,0.7835496596885341,4.222329013932778e-07,0.999999577767094
211,105.85284280936455,0.13,0.66,0.21645033231589764,0.7835496676841031,3.9446321123747866e-07,0.9999996055367841
212,106.35451505016722,0.13,0.66,0.21645032479097892,0.7835496752090217,3.68311303439377e-07,0.9999996316886919
213,106.8561872909699,0.13,0.66,0.2164503177625069,0.7835496822374938,3.438774871205274e-07,0.9999996561225081
214,107.35785953177258,0.13,0.66,0.2164503112122997,0.7835496887877009,3.2110570276883097e-07,0.9999996788942924
215,107.85953177257525,0.13,0.66,0.21645030510756794,0.7835496948924328,2.9988795212890285e-07,0.999999700112043
216,108.36120401337793,0.13,0.66,0.2164502994155221,0.7835497005844786,2.8011623694535823e-07,0.999999719883758
217,108.8628762541806,0.13,0.66,0.2164502941033727,0.783549705896628,2.616825589628122e-07,0.9999997383174359
218,109.36454849498328,0.13,0.66,0.21645028913833025,0.7835497108616705,2.4447891992587993e-07,0.9999997555210749
219,109.86622073578596,0.13,0.66,0.2164502844876053,0.7835497155123954,2.2839732157917665e-07,0.9999997716026732
220,110.36789297658864,0.13,0.66,0.21645027811685996,0.7835497218831408,2.0691543523852671e-07,0.9999997930845593
221,110.8695652173913,0.13,0.66,0.21645027468177147,0.7835497253182292,1.9495926917759162e-07,0.9999998050407253
222,111.37123745819397,0.13,0.66,0.2164502713551565,0.7835497286448442,1.8347217601788057e-07,0.9999998165278183
223,111.87290969899665,0.13,0.66,0.21645026813701498,0.7835497318629857,1.7245415575939389e-07,0.9999998275458385
224,112.37458193979933,0.13,0.66,0.21645026502734696,0.7835497349726537,1.6190520840213157e-07,0.9999998380947858
225,112.876254180602,0.13,0.66,0.21645026202615242,0.7835497379738482,1.5182533394609362e-07,0.9999998481746601
226,113.37792642140468,0.13,0.66,0.21645025913343138,0.7835497408665693,1.4221453239128004e-07,0.9999998577854616
227,113.87959866220736,0.13,0.66,0.2164502563491838,0.7835497436508169,1.3307280373769083e-07,0.9999998669271901
228,114.38127090301003,0.13,0.66,0.21645025367340973,0.7835497463265909,1.24400147985326e-07,0.9999998755998458
229,114.88294314381271,0.13,0.66,0.2164502510992348,0.7835497489007658,1.1618888285788227e-07,0.9999998838111108
230,115.38461538461539,0.13,0.66,0.21645024861707643,0.7835497513829242,1.084282995172216e-07,0.9999998915716941
231,115.88628762541806,0.13,0.66,0.2164502462268711,0.7835497537731295,1.0111832689907295e-07,0.9999998988816666
232,116.38795986622074,0.13,0.66,0.2164502439286187,0.7835497560713819,9.425896500343636e-08,0.9999999057410284
233,116.88963210702342,0.13,0.66,0.21645024172231933,0.7835497582776813,8.78502138303118e-08,0.9999999121497795
234,117.3913043478261,0.13,0.66,0.2164502396079729,0.7835497603920277,8.189207337969928e-08,0.9999999181079198
235,117.89297658862876,0.13,0.66,0.21645023758557952,0.7835497624144211,7.638454365159896e-08,0.9999999236154494
236,118.39464882943143,0.13,0.66,0.2164502356551391,0.7835497643448616,7.13276246460105e-08,0.9999999286723683
237,118.89632107023411,0.13,0.66,0.21645023384497636,0.7835497661550243,6.639442706752386e-08,0.9999999336055657
238,119.39799331103679,0.13,0.66,0.21645023220951237,0.7835497677904882,6.095688866483388e-08,0.999999939043104
239,119.89966555183946,0.13,0.66,0.2164502306791326,0.7835497693208681,5.5818416271128593e-08,0.9999999441815763
240,120.40133779264214,0.13,0.66,0.21645022925383706,0.7835497707461636,5.097900988640798e-08,0.9999999490209825
241,120.90301003344482,0.13,0.66,0.21645022793362573,0.7835497720663749,4.643866951067205e-08,0.9999999535613228
242,121.40468227424749,0.13,0.66,0.2164502267184986,0.783549773281502,4.219739514392079e-08,0.999999957802597
243,121.90635451505017,0.13,0.66,0.21645022560845567,0.7835497743915449,3.825518678615421e-08,0.9999999617448052
244,122.40802675585284,0.13,0.66,0.21645022460349697,0.7835497753965036,3.4612044437372305e-08,0.9999999653879474
245,122.90969899665552,0.13,0.66,0.2164502237036225,0.7835497762963781,3.1267968097575074e-08,0.9999999687320237
246,123.4113712374582,0.13,0.66,0.21645022290883223,0.7835497770911685,2.8222957766762537e-08,0.9999999717770338
247,123.91304347826087,0.13,0.66,0.21645022221912616,0.7835497777808744,2.5477013444934666e-08,0.999999974522978
248,124.41471571906355,0.13,0.66,0.21645022163450434,0.7835497783654963,2.3030135132091475e-08,0.9999999769698561
249,124.91638795986621,0.13,0.66,0.2164502211549667,0.783549778845034,2.0882322828233023e-08,0.9999999791176682
250,125.41806020066889,0.13,0.66,0.2164502207805133,0.7835497792194873,1.9033576533359178e-08,0.9999999809664144
251,125.91973244147157,0.13,0.66,0.21645022051114407,0.7835497794888565,1.7483896247470016e-08,0.9999999825160946
252,126.42140468227424,0.13,0.66,0.2164502203468591,0.7835497796531415,1.623328197056553e-08,0.9999999837667087
253,126.92307692307692,0.13,0.66,0.2164502198157723,0.7835497801842283,1.4164299714327721e-08,0.9999999858356908
254,127.4247491638796,0.13,0.66,0.21645021928251892,0.7835497807174817,1.214041163954143e-08,0.9999999878595787
255,127.92642140468227,0.13,0.66,0.21645021879066026,0.7835497812093404,1.0264771843352908e-08,0.9999999897352183
256,128.42809364548495,0.13,0.66,0.21645021834019637,0.7835497816598043,8.537380325762156e-09,0.9999999914626096
257,128.9297658862876,0.13,0.66,0.2164502179311272,0.7835497820688734,6.958237086769216e-09,0.9999999930417527
258,129.4314381270903,0.13,0.66,0.21645021756345278,0.7835497824365478,5.527342126373965e-09,0.9999999944726475
259,129.93311036789297,0.13,0.66,0.21645021723717314,0.7835497827628275,4.24469544457656e-09,0.999999995755294
260,130.43478260869566,0.13,0.66,0.21645021695228822,0.7835497830477124,3.110297041376858e-09,0.9999999968896922
261,130.93645484949832,0.13,0.66,0.21645021670879805,0.7835497832912026,2.124146916774987e-09,0.9999999978758422
262,131.438127090301,0.13,0.66,0.21645021650670263,0.783549783493298,1.286245070770835e-09,0.9999999987137438
263,131.93979933110367,0.13,0.66,0.21645021634600195,0.7835497836539986,5.965915033644971e-10,0.9999999994033971
264,132.44147157190636,0.13,0.66,0.21645021622669602,0.7835497837733045,5.518621455589571e-11,0.9999999999448023
265,132.94314381270902,0.13,0.66,0.21645021614878487,0.7835497838512158,-3.379707956549083e-10,1.000000000337959
266,133.44481605351172,0.13,0.66,0.21645021611226845,0.7835497838877322,-5.828795272679594e-10,1.0000000005828675
267,133.94648829431438,0.13,0.66,0.21645021611714677,0.7835497838828539,-6.795399802832299e-10,1.0000000006795278
268,134.44816053511707,0.13,0.66,0.21645021437868567,0.783549785621315,-7.415192946983089e-09,1.0000000076372837
269,134.94983277591973,0.13,0.66,0.2164502144558102,0.7835497855441905,-7.166696060500112e-09,1.0000000073402575
270,135.45150501672242,0.13,0.66,0.21645021453293473,0.783549785467066,-6.918199174017121e-09,1.0000000070432313
271,135.95317725752508,0.13,0.66,0.21645021461005926,0.7835497853899414,-6.669702287534144e-09,1.0000000067462052
272,136.45484949832775,0.13,0.66,0.21645021468718378,0.7835497853128168,-6.421205401051167e-09,1.000000006449179
273,136.95652173913044,0.13,0.66,0.2164502147643083,0.7835497852356923,-6.172708514568177e-09,1.000000006152153
274,137.4581939799331,0.13,0.66,0.21645021484143284,0.7835497851585678,-5.924211628085201e-09,1.0000000058551268
275,137.9598662207358,0.13,0.66,0.21645021491855737,0.7835497850814432,-5.675714741602209e-09,1.0000000055581006
276,138.46153846153845,0.13,0.66,0.2164502149956819,0.7835497850043187,-5.427217855119233e-09,1.0000000052610745
277,138.96321070234114,0.13,0.66,0.21645021507280643,0.7835497849271942,-5.178720968636243e-09,1.0000000049640483
278,139.4648829431438,0.13,0.66,0.21645021514993096,0.7835497848500697,-4.930224082153266e-09,1.000000004667022
279,139.9665551839465,0.13,0.66,0.2164502152270555,0.7835497847729451,-4.681727195670275e-09,1.000000004369996
280,140.46822742474916,0.13,0.66,0.21645021530418002,0.7835497846958206,-4.433230309187299e-09,1.0000000040729697
281,140.96989966555185,0.13,0.66,0.21645021538130454,0.7835497846186961,-4.184733422704308e-09,1.0000000037759436
282,141.4715719063545,0.13,0.66,0.21645021545842907,0.7835497845415715,-3.936236536221331e-09,1.0000000034789174
283,141.9732441471572,0.13,0.66,0.21645021553062646,0.7835497844693742,-3.7117086420068634e-09,1.0000000032619771
284,142.47491638795987,0.13,0.66,0.21645021558033545,0.7835497844196652,-3.596579870432399e-09,1.000000003410564
285,142.97658862876253,0.13,0.66,0.21645021563004443,0.7835497843699561,-3.4814510988579355e-09,1.000000003559151
286,143.47826086956522,0.13,0.66,0.21645021567975342,0.7835497843202472,-3.3663223272834643e-09,1.000000003707738
287,143.97993311036788,0.13,0.66,0.2164502157294624,0.7835497842705382,-3.2511935557090005e-09,1.0000000038563248
288,144.48160535117057,0.13,0.66,0.21645021577917137,0.7835497842208292,-3.13606478413453e-09,1.0000000040049117
289,144.98327759197323,0.13,0.66,0.21645021582888035,0.7835497841711203,-3.0209360125600656e-09,1.0000000041534987
290,145.48494983277592,0.13,0.66,0.21645021587858934,0.7835497841214113,-2.9058072409855952e-09,1.0000000043020858
291,145.9866220735786,0.13,0.66,0.21645021592829833,0.7835497840717023,-2.790678469411131e-09,1.0000000044506727
292,146.48829431438128,0.13,0.66,0.21645021597800732,0.7835497840219934,-2.6755496978366603e-09,1.0000000045992596
293,146.98996655518394,0.13,0.66,0.21645021602771627,0.7835497839722844,-2.560420926262196e-09,1.0000000047478466
294,147.49163879598663,0.13,0.66,0.21645021607742526,0.7835497839225753,-2.445292154687726e-09,1.0000000048964335
295,147.9933110367893,0.13,0.66,0.21645021612713425,0.7835497838728663,-2.3301633831132616e-09,1.0000000050450204
296,148.49498327759198,0.13,0.66,0.21645021617684324,0.7835497838231574,-2.215034611538791e-09,1.0000000051936073
297,148.99665551839465,0.13,0.66,0.21645021622655222,0.7835497837734484,-2.0999058399643267e-09,1.0000000053421942
298,149.49832775919734,0.13,0.66,0.21645021627626118,0.7835497837237394,-1.984777068389856e-09,1.0000000054907814
299,150.0,0.13,0.66,0.21645021632597017,0.7835497836740305,-1.8696482968153918e-09,1.0000000056393683
