,time,sigma,beta,S,I,C,D
0,0.0,0.36,1,0.9998,0.0002,0.5,0.5
1,0.5016722408026756,0.36,1,0.999746828654772,0.00025317134522781726,0.4791125683388418,0.5208874316611583
2,1.0033444816053512,0.36,1,0.9996774450240163,0.0003225549759834808,0.4582987985766772,0.5417012014233229
3,1.5050167224080266,0.36,1,0.9995863441671987,0.00041365583280115895,0.43763073858372864,0.5623692614162715
4,2.0066889632107023,0.36,1,0.9994659871896138,0.0005340128103860804,0.41717847747460496,0.5828215225253952
5,2.508361204013378,0.36,1,0.9993059999225007,0.0006940000774992173,0.3970092749482602,0.60299072505174
6,3.0100334448160533,0.36,1,0.9990920379425783,0.0009079620574215826,0.3771867474590626,0.6228132525409376
7,3.511705685618729,0.36,1,0.9988041733663894,0.0011958266336104908,0.35777016755542645,0.6422298324445738
8,4.013377926421405,0.36,1,0.998414604394101,0.0015853956058987687,0.3388138993207016,0.6611861006792986
9,4.51505016722408,0.36,1,0.9978843892458932,0.00211561075410661,0.32036698234118227,0.679633017658818
10,5.016722408026756,0.36,1,0.9971588017767181,0.0028411982232816927,0.30247287497414366,0.6975271250258566
11,5.518394648829432,0.36,1,0.9961606769073844,0.003839323092615509,0.28516936859851433,0.7148306314014857
12,6.020066889632107,0.36,1,0.9947809951241189,0.005219004875881002,0.26848867129077064,0.7315113287092295
13,6.521739130434782,0.36,1,0.9928655796783675,0.007134420321632313,0.25245766884645376,0.7475423311535464
14,7.023411371237458,0.36,1,0.9901964976645147,0.009803502335485204,0.23709836515270638,0.7629016348472937
15,7.525083612040134,0.36,1,0.9864663812255192,0.013533618774480831,0.22242850647357906,0.7775714935264211
16,8.02675585284281,0.36,1,0.9812441955766154,0.01875580442338477,0.20846238427408928,0.7915376157259107
17,8.528428093645484,0.36,1,0.973931296068538,0.026068703931462107,0.1952118164118807,0.8047881835881193
18,9.03010033444816,0.36,1,0.9637094567515648,0.036290543248435204,0.1826872762928208,0.8173127237071792
19,9.531772575250836,0.36,1,0.9494882561372802,0.05051174386271985,0.1708991027862174,0.8291008972137826
20,10.033444816053512,0.36,1,0.9298712946627663,0.07012870533723375,0.1598586322962782,0.8401413677037217
21,10.535117056856187,0.36,1,0.9031799800445439,0.0968200199554563,0.14957895954477862,0.8504210404552214
22,11.036789297658864,0.36,1,0.8675980874951942,0.132401912504806,0.14007482972624338,0.8599251702737566
23,11.538461538461538,0.36,1,0.821513848869361,0.17848615113063915,0.13136097102276578,0.8686390289772342
24,12.040133779264213,0.36,1,0.7640972142251788,0.23590278577482118,0.12344818670168041,0.8765518132983197
25,12.54180602006689,0.36,1,0.6960129161413157,0.3039870838586846,0.1163370416314555,0.8836629583685445
26,13.043478260869565,0.36,1,0.6199467188951872,0.38005328110481307,0.11001025115866982,0.8899897488413301
27,13.545150501672241,0.36,1,0.540493040619545,0.4595069593804549,0.10442650987045965,0.8955734901295402
28,14.046822742474916,0.36,1,0.4631857438249157,0.5368142561750842,0.09951916277716186,0.9004808372228381
29,14.548494983277592,0.36,1,0.3930299289454348,0.6069700710545651,0.0952015160950131,0.9047984839049868
30,15.050167224080267,0.36,1,0.3333011324602654,0.6666988675397346,0.09137724921696827,0.9086227507830317
31,15.551839464882944,0.36,1,0.2851623261953937,0.7148376738046062,0.08795188982202973,0.91204811017797
32,16.05351170568562,0.36,1,0.24805136653099383,0.7519486334690061,0.08484152972449645,0.9151584702755033
33,16.555183946488295,0.36,1,0.22040548301716406,0.7795945169828358,0.08197717633851272,0.9180228236614871
34,17.05685618729097,0.36,1,0.20032269657114266,0.7996773034288571,0.07930529278143623,0.9206947072185637
35,17.558528428093645,0.36,1,0.18598756793972687,0.8140124320602729,0.07678602462104082,0.9232139753789591
36,18.06020066889632,0.36,1,0.17586946602070286,0.8241305339792968,0.07439051873345826,0.9256094812665416
37,18.561872909698998,0.36,1,0.1687703214054473,0.8312296785945524,0.07209822743326985,0.92790177256673
38,19.06354515050167,0.36,1,0.16379592404035537,0.8362040759596443,0.06989461375103229,0.9301053862489675
39,19.565217391304348,0.36,1,0.1602995382693693,0.8397004617306303,0.06776936838800357,0.9322306316119963
40,20.066889632107024,0.36,1,0.15782324542243653,0.842176754577563,0.065715099026949,0.9342849009730508
41,20.568561872909697,0.36,1,0.1560474963373397,0.8439525036626598,0.06372640082419137,0.9362735991758084
42,21.070234113712374,0.36,1,0.1547515354386864,0.8452484645613132,0.06179921272071856,0.9382007872792814
43,21.57190635451505,0.36,1,0.15378392492713516,0.8462160750728643,0.05993037890960768,0.9400696210903922
44,22.073578595317727,0.36,1,0.15304129397353183,0.8469587060264676,0.058117353433936036,0.9418826465660638
45,22.5752508361204,0.36,1,0.15245332550184673,0.8475466744981528,0.056358002545133824,0.943641997454866
46,23.076923076923077,0.36,1,0.1519723032000167,0.8480276967999829,0.05465047350257928,0.9453495264974207
47,23.578595317725753,0.36,1,0.15156589598658238,0.8484341040134172,0.05299310764532528,0.9470068923546746
48,24.080267558528426,0.36,1,0.15121221371827792,0.8487877862817217,0.051384383033324606,0.9486156169666753
49,24.581939799331103,0.36,1,0.15089643517172244,0.8491035648282771,0.049822876665993436,0.9501771233340064
50,25.08361204013378,0.36,1,0.15060851443145448,0.849391485568545,0.04830723959446846,0.9516927604055313
51,25.585284280936456,0.36,1,0.1503416317091742,0.8496583682908254,0.046836180609538605,0.9531638193904611
52,26.08695652173913,0.36,1,0.15009113380645558,0.849908866193544,0.045408455360902655,0.954591544639097
53,26.588628762541806,0.36,1,0.14985383287766546,0.8501461671223342,0.0440228592955131,0.9559771407044866
54,27.090301003344482,0.36,1,0.14962752658980774,0.850372473410192,0.04267822289921462,0.957321777100785
55,27.59197324414716,0.36,1,0.14941067383376372,0.8505893261662361,0.04137340847917266,0.9586265915208271
56,28.093645484949832,0.36,1,0.14920217842496847,0.8507978215750313,0.04010730796492368,0.9598926920350761
57,28.59531772575251,0.36,1,0.14900124967114545,0.8509987503288542,0.03887884143273343,0.9611211585672663
58,29.096989966555185,0.36,1,0.14880729424845965,0.85119270575154,0.03768695589281139,0.9623130441071883
59,29.598662207357858,0.36,1,0.1486198574840805,0.8513801425159193,0.03653062448234984,0.9634693755176499
60,30.100334448160535,0.36,1,0.1484385806722604,0.8515614193277393,0.03540884579980166,0.9645911542001979
61,30.60200668896321,0.36,1,0.14826316768366368,0.8517368323163361,0.034320643304315245,0.9656793566956844
62,31.103678929765888,0.36,1,0.14809336572156065,0.8519066342784393,0.03326506479894206,0.9667349352010576
63,31.60535117056856,0.36,1,0.14792895441343573,0.8520710455865641,0.03224118133624642,0.9677588186637531
64,32.10702341137124,0.36,1,0.14776973831974752,0.8522302616802523,0.031248090015234424,0.9687519099847651
65,32.608695652173914,0.36,1,0.14761553497323174,0.852384465026768,0.03028490871429011,0.9697150912857094
66,33.11036789297659,0.36,1,0.14746617518019256,0.8525338248198072,0.029350777162167774,0.9706492228378317
67,33.61204013377927,0.36,1,0.1473214994823586,0.8526785005176412,0.028444858185456452,0.971555141814543
68,34.11371237458194,0.36,1,0.1471813580419142,0.8528186419580855,0.02756633893146862,0.9724336610685309
69,34.61538461538461,0.36,1,0.14704560490625687,0.8529543950937429,0.02671441864764642,0.9732855813523531
70,35.11705685618729,0.36,1,0.1469141025177621,0.8530858974822376,0.025888328039906858,0.9741116719600926
71,35.618729096989966,0.36,1,0.1467867164962512,0.8532132835037486,0.025087313206261497,0.974912686793738
72,36.12040133779264,0.36,1,0.14666331865662324,0.8533366813433765,0.024310643795089917,0.9756893562049095
73,36.62207357859532,0.36,1,0.14654378450473496,0.8534562154952647,0.023557605528768445,0.9764423944712309
74,37.123745819397996,0.36,1,0.14642799439607887,0.853572005603921,0.022827506856243646,0.9771724931437556
75,37.625418060200666,0.36,1,0.14631583002253754,0.8536841699774623,0.02211967121330443,0.977880328786695
76,38.12709030100334,0.36,1,0.14620717775954203,0.8537928222404578,0.021433442133916944,0.9785665578660824
77,38.62876254180602,0.36,1,0.14610192798432342,0.8538980720156765,0.02076818100892824,0.979231818991071
78,39.130434782608695,0.36,1,0.14599997503427356,0.8540000249657262,0.020123266930891136,0.9798767330691082
79,39.63210702341137,0.36,1,0.1459012173557344,0.8540987826442654,0.019498096092899028,0.9805019039071001
80,40.13377926421405,0.36,1,0.14580555572950085,0.854194444270499,0.01889208152054695,0.9811079184794522
81,40.635451505016725,0.36,1,0.14571289302159487,0.8542871069784049,0.01830465255970088,0.9816953474402983
82,41.137123745819395,0.36,1,0.14562313515181297,0.8543768648481869,0.017735254472763404,0.9822647455272356
83,41.63879598662207,0.36,1,0.14553619100681275,0.8544638089931871,0.01718334835597719,0.9828166516440218
84,42.14046822742475,0.36,1,0.1454519733695829,0.854548026630417,0.016648410275815945,0.983351589724183
85,42.642140468227424,0.36,1,0.14537039771620608,0.8546296022837939,0.016129931372645796,0.9838700686273532
86,43.1438127090301,0.36,1,0.145291381067741,0.854708618932259,0.015627413933930395,0.9843725860660685
87,43.64548494983278,0.36,1,0.14521484471614152,0.8547851552838585,0.015140387095643464,0.9848596129043554
88,44.147157190635454,0.36,1,0.14514070918041583,0.8548592908195842,0.014668375108650954,0.985331624891348
89,44.64882943143812,0.36,1,0.14506890008457082,0.8549310999154293,0.014210928062711018,0.9857890719372878
90,45.1505016722408,0.36,1,0.14499934496984634,0.8550006550301537,0.013767605672645811,0.986232394327353
91,45.65217391304348,0.36,1,0.14493197338336783,0.8550680266166322,0.013337980301064098,0.9866620196989347
92,46.15384615384615,0.36,1,0.14486671691032532,0.8551332830896745,0.012921636790216153,0.9870783632097826
93,46.65551839464883,0.36,1,0.14480350948575063,0.8551964905142493,0.01251817296104131,0.9874818270389574
94,47.15719063545151,0.36,1,0.1447422869772231,0.8552577130227768,0.012127197554401949,0.9878728024455967
95,47.65886287625418,0.36,1,0.14468298720905232,0.8553170127909475,0.011748330458752601,0.9882516695412461
96,48.16053511705685,0.36,1,0.14462554981522022,0.8553744501847796,0.011381201900313737,0.9886187980996848
97,48.66220735785953,0.36,1,0.1445699168139054,0.8554300831860945,0.011025455978445241,0.9889745440215533
98,49.163879598662206,0.36,1,0.14451603143271366,0.8554839685672863,0.010680743893107305,0.9893192561068911
99,49.66555183946488,0.36,1,0.14446383893709225,0.8555361610629076,0.010346728809824268,0.9896532711901741
100,50.16722408026756,0.36,1,0.14441328613759735,0.8555867138624026,0.010023083130563543,0.9899769168694347
101,50.668896321070235,0.36,1,0.1443643214989946,0.8556356785010053,0.00970948899416422,0.9902905110058339
102,51.17056856187291,0.36,1,0.14431689545501467,0.8556831045449852,0.009405640091733307,0.9905943599082647
103,51.67224080267559,0.36,1,0.14427095971730466,0.8557290402826953,0.009111236860832777,0.9908887631391652
104,52.17391304347826,0.36,1,0.144226467480788,0.8557735325192118,0.008825987845235956,0.9911740121547619
105,52.675585284280935,0.36,1,0.144183374296423,0.8558166257035769,0.008549615473758957,0.9914503845262388
106,53.17725752508361,0.36,1,0.1441416368298352,0.8558583631701646,0.008281849241486198,0.9917181507585114
107,53.67892976588629,0.36,1,0.14410121182210628,0.8558987881778934,0.00802242060076229,0.9919775793992351
108,54.180602006688964,0.36,1,0.144062058174896,0.8559379418251037,0.007771073212146463,0.9922289267878509
109,54.68227424749164,0.36,1,0.1440241360683787,0.8559758639316212,0.007527558843574714,0.9924724411564225
110,55.18394648829432,0.36,1,0.1439874062513844,0.8560125937486154,0.00729163494768926,0.9927083650523078
111,55.68561872909699,0.36,1,0.14395183089709704,0.8560481691029028,0.007063067535187908,0.992936932464809
112,56.187290969899664,0.36,1,0.14391737343907957,0.8560826265609203,0.0068416304269622264,0.9931583695730345
113,56.68896321070234,0.36,1,0.14388399868273663,0.8561160013172632,0.00662710261220694,0.9933728973877897
114,57.19063545150502,0.36,1,0.14385167266525095,0.8561483273347489,0.006419270310198396,0.9935807296897979
115,57.69230769230769,0.36,1,0.14382036263751932,0.8561796373624805,0.006217927242708902,0.9937820727572871
116,58.19397993311037,0.36,1,0.14379003728219097,0.8562099627178089,0.006022872566322779,0.9939771274336731
117,58.69565217391305,0.36,1,0.1437606666950949,0.856239333304905,0.005833911033285412,0.9941660889667103
118,59.197324414715716,0.36,1,0.14373222212350079,0.856267777876499,0.00565085418782081,0.9943491458121746
119,59.69899665551839,0.36,1,0.14370467418779556,0.8562953258122042,0.005473518712552689,0.9945264812874425
120,60.20066889632107,0.36,1,0.14367799415799928,0.8563220058420006,0.005301727190109128,0.9946982728098859
121,60.702341137123746,0.36,1,0.14365215415005578,0.8563478458499441,0.005135308010989312,0.9948646919890054
122,61.20401337792642,0.36,1,0.14362712641192804,0.8563728735880718,0.004974093942695578,0.9950259060572989
123,61.7056856187291,0.36,1,0.14360288378230895,0.856397116217691,0.004817923488395683,0.9951820765115984
124,62.207357859531776,0.36,1,0.14357940069829778,0.8564205993017021,0.004666640145641738,0.9953333598543521
125,62.709030100334445,0.36,1,0.14355665472332163,0.8564433452766783,0.004520091592677014,0.9954799084073165
126,63.21070234113712,0.36,1,0.1435346214789073,0.8564653785210927,0.004378121252134368,0.9956218787478588
127,63.7123745819398,0.36,1,0.1435132870405351,0.856486712959465,0.0042406137967992245,0.9957593862031936
128,64.21404682274247,0.36,1,0.14349262507107913,0.8565073749289209,0.004107406109641384,0.995892593890351
129,64.71571906354515,0.36,1,0.14347261790342053,0.8565273820965796,0.0039783698354459605,0.9960216301645461
130,65.21739130434783,0.36,1,0.14345324092104625,0.8565467590789537,0.0038533764485922757,0.9961466235513994
131,65.7190635451505,0.36,1,0.14343447123131342,0.8565655287686866,0.0037322997977589124,0.9962677002022323
132,66.22073578595318,0.36,1,0.143416291224066,0.856583708775934,0.0036150176252631666,0.9963849823747276
133,66.72240802675586,0.36,1,0.14339868383398874,0.8566013161660112,0.0035014116599043302,0.996498588340086
134,67.22408026755853,0.36,1,0.14338163073787144,0.8566183692621285,0.0033913672823457234,0.996608632717644
135,67.72575250836121,0.36,1,0.14336511420986087,0.8566348857901391,0.0032847734303819444,0.9967152265696072
136,68.22742474916387,0.36,1,0.14334911737269426,0.8566508826273057,0.0031815223501175296,0.9968184776498711
137,68.72909698996655,0.36,1,0.14333362407173397,0.856666375928266,0.003081509588822353,0.9969184904111656
138,69.23076923076923,0.36,1,0.14331861852763694,0.8566813814723632,0.0029846341334070973,0.9970153658665802
139,69.7324414715719,0.36,1,0.1433040853500608,0.8566959146499392,0.002890797897852272,0.9971092021021343
140,70.23411371237458,0.36,1,0.1432900097186542,0.8567099902813459,0.0027999061978801624,0.9972000938021057
141,70.73578595317726,0.36,1,0.14327637713529195,0.856723622864708,0.0027118665755937175,0.9972881334243915
142,71.23745819397993,0.36,1,0.14326317348341425,0.8567368265165858,0.002626589536583912,0.9973734104634006
143,71.73913043478261,0.36,1,0.14325038515577157,0.8567496148442285,0.002543989223171072,0.9974560107768126
144,72.24080267558529,0.36,1,0.14323799898136966,0.8567620010186304,0.002463981159530964,0.9975360188404518
145,72.74247491638796,0.36,1,0.14322600227765947,0.8567739977223406,0.0023864838625576633,0.9976135161374242
146,73.24414715719064,0.36,1,0.1432143828800353,0.8567856171199648,0.002311419752331917,0.9976885802476491
147,73.74581939799332,0.36,1,0.14320312911547226,0.8567968708845279,0.002238714387312498,0.9977612856126675
148,74.24749163879599,0.36,1,0.14319222959999833,0.8568077704000019,0.002168293185950164,0.9978317068140288
149,74.74916387959867,0.36,1,0.14318167336791196,0.8568183266320882,0.002100083518375296,0.9978999164816025
150,75.25083612040133,0.36,1,0.1431714499728613,0.8568285500271389,0.0020340163425981066,0.9979659836573785
151,75.75250836120401,0.36,1,0.14316154941269707,0.8568384505873031,0.00197002505260369,0.9980299749473717
152,76.25418060200668,0.36,1,0.14315196169418476,0.8568480383058154,0.0019080443052073594,0.9980919556947667
153,76.75585284280936,0.36,1,0.14314267707415,0.8568573229258502,0.0018480106699659453,0.9981519893300068
154,77.25752508361204,0.36,1,0.14313368632321333,0.8568663136767868,0.001789863339969054,0.9982101366600022
155,77.75919732441471,0.36,1,0.14312498130177698,0.8568750186982232,0.0017335245828406175,0.9982664754171293
156,78.26086956521739,0.36,1,0.1431165496968532,0.8568834503031469,0.0016789882413411781,0.9983210117586271
157,78.76254180602007,0.36,1,0.14310838223728056,0.8568916177627196,0.0016261577095987238,0.998373842290368
158,79.26421404682274,0.36,1,0.1431004685186937,0.8568995314813065,0.0015749840801582919,0.9984250159198066
159,79.76588628762542,0.36,1,0.1430927981578148,0.8569072018421854,0.001525418444306233,0.9984745815556567
160,80.2675585284281,0.36,1,0.1430853686890288,0.8569146313109715,0.0014774114207326092,0.9985225885792284
161,80.76923076923077,0.36,1,0.1430781813817997,0.8569218186182005,0.0014309136793072327,0.9985690863206518
162,81.27090301003345,0.36,1,0.14307122178103363,0.8569287782189665,0.0013858778897297482,0.998614122110227
163,81.77257525083613,0.36,1,0.14306447944691833,0.8569355205530818,0.0013422581967793851,0.9986577418031751
164,82.27424749163879,0.36,1,0.14305794799970997,0.85694205200029,0.001300010163309216,0.9986999898366429
165,82.77591973244147,0.36,1,0.14305162264704552,0.8569483773529545,0.001259090678722711,0.9987409093212268
166,83.27759197324414,0.36,1,0.14304549699340913,0.8569545030065908,0.001219458058089525,0.9987805419418574
167,83.77926421404682,0.36,1,0.14303956413966157,0.8569604358603384,0.0011810719183521028,0.9988189280815921
168,84.2809364548495,0.36,1,0.14303381792422537,0.8569661820757746,0.0011438931323036491,0.9988561068676377
169,84.78260869565217,0.36,1,0.1430282526262743,0.8569717473737256,0.0011078837816164858,0.9988921162183217
170,85.28428093645485,0.36,1,0.14302286267788897,0.856977137322111,0.0010730071602691254,0.9989269928396658
171,85.78595317725753,0.36,1,0.14301764250959056,0.8569823574904093,0.0010392276590590996,0.9989607723408724
172,86.2876254180602,0.36,1,0.1430125867497299,0.8569874132502701,0.0010065108788249893,0.998993489121103
173,86.78929765886288,0.36,1,0.1430076901778373,0.8569923098221627,0.0009748232981053451,0.9990251767018188
174,87.29096989966555,0.36,1,0.14300294783828688,0.856997052161713,0.0009441327572963621,0.9990558672426237
175,87.79264214046823,0.36,1,0.14299835485523424,0.8570016451447656,0.0009144077026966001,0.9990855922972193
176,88.29431438127091,0.36,1,0.1429939065636704,0.8570060934363294,0.0008856179726889147,0.9991143820272225
177,88.79598662207358,0.36,1,0.14298959842329892,0.8570104015767009,0.0008577342382301821,0.9991422657616765
178,89.29765886287625,0.36,1,0.1429854259762606,0.8570145740237392,0.000830727702351685,0.9991692722975501
179,89.79933110367892,0.36,1,0.14298138493907134,0.8570186150609285,0.0008045707115262538,0.9991954292883704
180,90.3010033444816,0.36,1,0.1429774712071503,0.8570225287928496,0.0007792367857797931,0.9992207632141115
181,90.80267558528428,0.36,1,0.14297368077720107,0.8570263192227987,0.0007547001310918249,0.9992452998687936
182,91.30434782608695,0.36,1,0.14297000963959783,0.857029990360402,0.0007309349633683297,0.999269065036511
183,91.80602006688963,0.36,1,0.14296645404732983,0.85703354595267,0.0007079171979436662,0.9992920828019294
184,92.3076923076923,0.36,1,0.14296301041103646,0.8570369895889633,0.0006856237901931055,0.9993143762096732
185,92.80936454849498,0.36,1,0.14295967529274387,0.8570403247072559,0.000664032696186507,0.9993359673036728
186,93.31103678929766,0.36,1,0.14295644530488485,0.857043554695115,0.0006431221818403928,0.9993568778180114
187,93.81270903010034,0.36,1,0.1429533169491149,0.8570466830508848,0.0006228697201883526,0.9993771302796556
188,94.31438127090301,0.36,1,0.1429502869934261,0.8570497130065736,0.0006032545713805585,0.9993967454284551
189,94.81605351170569,0.36,1,0.14294735232939026,0.8570526476706095,0.0005842568060219069,0.9994157431938051
190,95.31772575250837,0.36,1,0.14294450996195757,0.8570554900380422,0.0005658572353802205,0.9994341427644376
191,95.81939799331104,0.36,1,0.14294175698858672,0.857058243011413,0.0005480371531900525,0.9994519628466183
192,96.3210702341137,0.36,1,0.14293909056122323,0.8570609094387764,0.0005307778652545174,0.9994692221345437
193,96.82274247491638,0.36,1,0.14293650797021118,0.8570634920297885,0.0005140617275837772,0.9994859382722038
194,97.32441471571906,0.36,1,0.14293400661352829,0.8570659933864714,0.0004978717657795252,0.9995021282339969
195,97.82608695652173,0.36,1,0.1429315839941769,0.8570684160058228,0.00048219164275553633,0.999517808357009
196,98.32775919732441,0.36,1,0.14292923770199986,0.8570707622979999,0.00046700543913189376,0.9995329945606202
197,98.82943143812709,0.36,1,0.14292696537612656,0.8570730346238732,0.0004522971997018197,0.9995477028000371
198,99.33110367892976,0.36,1,0.14292476478362084,0.857075235216379,0.0004380518832492392,0.9995619481164759
199,99.83277591973244,0.36,1,0.14292263379160378,0.857077366208396,0.00042425502587999754,0.9995757449738306
200,100.33444816053512,0.36,1,0.14292057036446712,0.8570794296355326,0.0004108927073692862,0.999589107292326
201,100.8361204013378,0.36,1,0.14291857250994164,0.8570814274900581,0.0003979513704241699,0.999602048629255
202,101.33779264214047,0.36,1,0.1429166381535282,0.8570833618464716,0.00038541739987342684,0.9996145825997887
203,101.83946488294315,0.36,1,0.14291476538924955,0.8570852346107503,0.00037327796299416204,0.9996267220366502
204,102.34113712374582,0.36,1,0.14291295239390586,0.857087047606094,0.00036152072216278795,0.9996384792774627
205,102.8428093645485,0.36,1,0.1429111974170248,0.857088802582975,0.00035013380117507537,0.9996498661984307
206,103.34448160535118,0.36,1,0.14290949812240258,0.8570905018775973,0.00033910570505618837,0.9996608942945288
207,103.84615384615384,0.36,1,0.14290784820232916,0.8570921517976707,0.0003284248685648139,0.9996715751309982
208,104.34782608695652,0.36,1,0.14290624820712838,0.8570937517928715,0.0003180803135843969,0.9996819196859555
209,104.84949832775919,0.36,1,0.1429047006944837,0.8570952993055162,0.00030806153721528315,0.9996919384623003
210,105.35117056856187,0.36,1,0.1429032031468694,0.8570967968531304,0.0002983582601056226,0.9997016417393844
211,105.85284280936455,0.36,1,0.14290175161921712,0.8570982483807827,0.00028896055058140046,0.9997110394488816
212,106.35451505016722,0.36,1,0.14290034554606174,0.8570996544539382,0.00027985879881624445,0.9997201412006185
213,106.8561872909699,0.36,1,0.14289898435166057,0.8571010156483394,0.0002710436949645042,0.9997289563044404
214,107.35785953177258,0.36,1,0.1428976664921743,0.8571023335078256,0.00026250621201315234,0.9997374937873602
215,107.85953177257525,0.36,1,0.1428963898934432,0.8571036101065568,0.0002542375927469073,0.9997457624065933
216,108.36120401337793,0.36,1,0.1428951532694655,0.8571048467305344,0.0002462288428988293,0.9997537711564066
217,108.8628762541806,0.36,1,0.14289395575888386,0.8571060442411161,0.00023847321280293636,0.9997615267864658
218,109.36454849498328,0.36,1,0.1428927958147056,0.8571072041852944,0.000230960194094465,0.9997690398051355
219,109.86622073578596,0.36,1,0.1428916724523197,0.8571083275476803,0.0002236839301239573,0.9997763160690653
220,110.36789297658864,0.36,1,0.14289058455832676,0.8571094154416732,0.00021663743194151562,0.9997833625672048
221,110.8695652173913,0.36,1,0.14288953088090608,0.8571104691190938,0.00020981253935349698,0.9997901874597478
222,111.37123745819397,0.36,1,0.14288851084348722,0.8571114891565127,0.00020320551191969408,0.999796794487134
223,111.87290969899665,0.36,1,0.14288752316589054,0.8571124768341094,0.0001968080165418326,0.9998031919824618
224,112.37458193979933,0.36,1,0.1428865666197505,0.8571134333802495,0.00019061205372685217,0.9998093879452241
225,112.876254180602,0.36,1,0.1428856399767015,0.8571143600232984,0.00018460962398169235,0.9998153903749137
226,113.37792642140468,0.36,1,0.14288474229598677,0.8571152577040132,0.0001787946198004726,0.9998212053790365
227,113.87959866220736,0.36,1,0.14288387298398678,0.8571161270160131,0.000173163217264075,0.9998268367815114
228,114.38127090301003,0.36,1,0.1428830311164236,0.8571169688835764,0.00016770941727018907,0.9998322905814404
229,114.88294314381271,0.36,1,0.1428822157638075,0.8571177842361924,0.00016242718643209178,0.9998375728122102
230,115.38461538461539,0.36,1,0.14288142602054496,0.857118573979455,0.00015731065706534172,0.9998426893415052
231,115.88628762541806,0.36,1,0.14288066120325765,0.8571193387967423,0.0001523555023834948,0.9998476444961114
232,116.38795986622074,0.36,1,0.14287992054118775,0.8571200794588122,0.00014755678968799845,0.9998524432087271
233,116.88963210702342,0.36,1,0.142879203222503,0.857120796777497,0.00014290930145982418,0.9998570906968715
234,117.3913043478261,0.36,1,0.14287850843537123,0.8571214915646287,0.00013840782017994342,0.9998615921780629
235,117.89297658862876,0.36,1,0.14287783562382853,0.8571221643761715,0.00013404886632415467,0.9998659511318256
236,118.39464882943143,0.36,1,0.14287718379282693,0.8571228162071731,0.0001298259778736363,0.9998701740201782
237,118.89632107023411,0.36,1,0.14287655254619283,0.8571234474538072,0.00012573676068563155,0.9998742632372631
238,119.39799331103679,0.36,1,0.14287594112687252,0.8571240588731275,0.000121776369326049,0.9998782236285141
239,119.89966555183946,0.36,1,0.14287534881774952,0.8571246511822506,0.00011794023254916811,0.9998820597651766
240,120.40133779264214,0.36,1,0.14287477503772567,0.8571252249622744,0.00011422472181607244,0.9998857752757894
241,120.90301003344482,0.36,1,0.14287421917984974,0.8571257808201503,0.00011062602501674918,0.9998893739724619
242,121.40468227424749,0.36,1,0.14287368065225006,0.85712631934775,0.00010714043127302022,0.9998928595660722
243,121.90635451505017,0.36,1,0.14287315889396765,0.8571268411060324,0.00010376444110343005,0.9998962355561013
244,122.40802675585284,0.36,1,0.1428726533749562,0.8571273466250439,0.00010049476642324573,0.9998995052306334
245,122.90969899665552,0.36,1,0.1428721635960821,0.857127836403918,9.732833054445686e-05,0.9999026716663565
246,123.4113712374582,0.36,1,0.1428716892396878,0.8571283107603122,9.426214790339621e-05,0.9999057378488335
247,123.91304347826087,0.36,1,0.14287123089694345,0.8571287691030566,9.129274304102936e-05,0.9999087072535232
248,124.41471571906355,0.36,1,0.14287078852307494,0.857129211476925,8.841678315911551e-05,0.9999115832132233
249,124.91638795986621,0.36,1,0.14287036002342746,0.8571296399765724,8.563141425903321e-05,0.9999143685819318
250,125.41806020066889,0.36,1,0.1428699441572131,0.8571300558427868,8.293378734593374e-05,0.9999170662086433
251,125.91973244147157,0.36,1,0.14286954034855276,0.8571304596514472,8.032114429249658e-05,0.9999196788514845
252,126.42140468227424,0.36,1,0.14286914911499107,0.8571308508850088,7.779080425293806e-05,0.9999222091913004
253,126.92307692307692,0.36,1,0.14286877113912527,0.8571312288608746,7.534017053757687e-05,0.9999246598247803
254,127.4247491638796,0.36,1,0.1428684054860819,0.857131594513918,7.296673877152293e-05,0.9999270332562985
255,127.92642140468227,0.36,1,0.14286805109112446,0.8571319489088753,7.066807559193429e-05,0.9999293319192171
256,128.42809364548495,0.36,1,0.14286770722757394,0.857132292772426,6.844182480417399e-05,0.9999315581697301
257,128.9297658862876,0.36,1,0.14286737427206522,0.8571326257279347,6.628570364158079e-05,0.9999337142906034
258,129.4314381270903,0.36,1,0.14286705194650276,0.8571329480534972,6.419741981554823e-05,0.9999358025741248
259,129.93311036789297,0.36,1,0.14286673980134693,0.857133260198653,6.217500694730819e-05,0.9999378249866723
260,130.43478260869566,0.36,1,0.14286643739809102,0.8571335626019089,6.02160066759492e-05,0.9999397839866057
261,130.93645484949832,0.36,1,0.14286614451337845,0.8571338554866214,5.831869008259257e-05,0.9999416813028432
262,131.438127090301,0.36,1,0.14286586088530062,0.8571341391146993,5.6481260327242466e-05,0.9999435187322239
263,131.93979933110367,0.36,1,0.1428655862218767,0.8571344137781232,5.47018607139046e-05,0.9999452981314428
264,132.44147157190636,0.36,1,0.14286532034311586,0.857134679656884,5.2979346567625505e-05,0.9999470206451738
265,132.94314381270902,0.36,1,0.14286506292791543,0.8571349370720844,5.1311675963074696e-05,0.9999486883153411
266,133.44481605351172,0.36,1,0.14286481366139794,0.8571351863386019,4.96968465775809e-05,0.999950303144266
267,133.94648829431438,0.36,1,0.1428645722286859,0.8571354277713139,4.813285608847323e-05,0.9999518671342701
268,134.44816053511707,0.36,1,0.14286433831490178,0.857135661685098,4.661770217308041e-05,0.9999533822876748
269,134.94983277591973,0.36,1,0.14286411161292134,0.8571358883870785,4.5149434674066534e-05,0.9999548505546363
270,135.45150501672242,0.36,1,0.14286389199281344,0.8571361080071864,4.3727295614006604e-05,0.9999562726931301
271,135.95317725752508,0.36,1,0.14286367927429006,0.8571363207257098,4.2350188208284555e-05,0.9999576497999392
272,136.45484949832775,0.36,1,0.1428634732173691,0.8571365267826307,4.1016614041237726e-05,0.9999589833734778
273,136.95652173913044,0.36,1,0.1428632735820685,0.8571367264179314,3.9725074697203436e-05,0.9999602749121599
274,137.4581939799331,0.36,1,0.14286308012840604,0.8571369198715939,3.8474071760519264e-05,0.9999615259143999
275,137.9598662207358,0.36,1,0.1428628926164252,0.8571371073835746,3.7262107048789236e-05,0.9999627378783787
276,138.46153846153845,0.36,1,0.14286271086134514,0.8571372891386547,3.60881859092424e-05,0.9999639117987466
277,138.96321070234114,0.36,1,0.1428625346944073,0.8571374653055925,3.4951459908291854e-05,0.9999650485239342
278,139.4648829431438,0.36,1,0.1428623639061824,0.8571376360938174,3.3850709453351775e-05,0.9999661492735323
279,139.9665551839465,0.36,1,0.14286219828724114,0.8571378017127588,3.278471495183605e-05,0.9999672152671316
280,140.46822742474916,0.36,1,0.14286203762815422,0.8571379623718457,3.175225681115884e-05,0.9999682477243224
281,140.96989966555185,0.36,1,0.14286188171949232,0.8571381182805076,3.075211543873406e-05,0.9999692478646954
282,141.4715719063545,0.36,1,0.1428617310464449,0.8571382689535549,2.978321715937285e-05,0.9999702167619233
283,141.9732441471572,0.36,1,0.14286158791208484,0.8571384120879151,2.8844885445323108e-05,0.9999711550925301
284,142.47491638795987,0.36,1,0.1428614508210687,0.8571385491789312,2.793617394190796e-05,0.9999720638028673
285,142.97658862876253,0.36,1,0.1428613172304368,0.8571386827695631,2.7056079793268276e-05,0.999972943895788
286,143.47826086956522,0.36,1,0.14286118687001023,0.8571388131299896,2.6203282735711155e-05,0.9999737966915507
287,143.97993311036788,0.36,1,0.14286105887664308,0.8571389411233568,2.537818355459988e-05,0.9999746217893721
288,144.48160535117057,0.36,1,0.1428609354770902,0.8571390645229097,2.4578622566185468e-05,0.9999754213489267
289,144.98327759197323,0.36,1,0.14286081627731825,0.8571391837226816,2.380418889501556e-05,0.999976195781088
290,145.48494983277592,0.36,1,0.1428607008284174,0.8571392991715825,2.30541243829798e-05,0.9999769458440099
291,145.9866220735786,0.36,1,0.14286058889749426,0.8571394111025055,2.2327717561707984e-05,0.9999776722491568
292,146.48829431438128,0.36,1,0.14286048039311974,0.8571395196068801,2.1624207352280672e-05,0.9999783757576033
293,146.98996655518394,0.36,1,0.1428603752612405,0.8571396247387593,2.0942819469455283e-05,0.9999790571436294
294,147.49163879598663,0.36,1,0.14286027342561458,0.8571397265743852,2.0282892313949957e-05,0.9999797170688299
295,147.9933110367893,0.36,1,0.14286017482017407,0.8571398251798257,1.964390477779153e-05,0.9999803560543087
296,148.49498327759198,0.36,1,0.14286007928284894,0.8571399207171508,1.9024819231908246e-05,0.9999809751376861
297,148.99665551839465,0.36,1,0.1428599868158825,0.8571400131841173,1.8425660260423535e-05,0.9999815742943761
298,149.49832775919734,0.36,1,0.14285989730609044,0.8571401026939093,1.784571532355658e-05,0.9999821542369093
299,150.0,0.36,1,0.14285981064713937,0.8571401893528604,1.7284308028406512e-05,0.9999827156416723
